1.0 0.02 0.564 g 1 8.181539e-09
1.0 0.02 0.564 n 1 -3.9796876e-43
1.0 0.02 0.564 p 1 -0.008104831
1.0 0.02 0.564 d 2 1.1862845999999999e-18
1.0 0.02 0.564 he3 3 0.00013540545
1.0 0.02 0.564 he4 4 0.0079379827
1.0 0.02 0.564 li7 7 1.589797e-09
1.0 0.02 0.564 be7 7 4.0740918e-12
1.0 0.02 0.564 b8 8 2.6669912000000003e-27
1.0 0.02 0.564 c12 12 -0.0001750465
1.0 0.02 0.564 c13 13 2.4790019e-05
1.0 0.02 0.564 c14 14 7.343462500000001e-28
1.0 0.02 0.564 n13 13 0.0
1.0 0.02 0.564 n14 14 0.00017964171
1.0 0.02 0.564 n15 15 -5.134915e-07
1.0 0.02 0.564 o14 14 0.0
1.0 0.02 0.564 o15 15 0.0
1.0 0.02 0.564 o16 16 -1.7881393e-06
1.0 0.02 0.564 o17 17 3.214958e-07
1.0 0.02 0.564 o18 18 -4.2341981e-07
1.0 0.02 0.564 o19 19 0.0
1.0 0.02 0.564 f17 17 0.0
1.0 0.02 0.564 f18 18 0.0
1.0 0.02 0.564 f19 19 1.8543744e-10
1.0 0.02 0.564 f20 20 0.0
1.0 0.02 0.564 ne19 19 0.0
1.0 0.02 0.564 ne20 20 1.0652002e-08
1.0 0.02 0.564 ne21 21 1.123567e-09
1.0 0.02 0.564 ne22 22 -1.3169847e-07
1.0 0.02 0.564 ne23 23 0.0
1.0 0.02 0.564 na21 21 0.0
1.0 0.02 0.564 na22 22 4.2908144999999994e-37
1.0 0.02 0.564 na23 23 1.3804583e-07
1.0 0.02 0.564 na24 24 0.0
1.0 0.02 0.564 mg23 23 0.0
1.0 0.02 0.564 mg24 24 3.0559022e-10
1.0 0.02 0.564 mg25 25 -2.566594e-09
1.0 0.02 0.564 mg26 26 2.924935e-09
1.0 0.02 0.564 mg27 27 0.0
1.0 0.02 0.564 al25 25 0.0
1.0 0.02 0.564 al-6 26 3.5967269e-12
1.0 0.02 0.564 al*6 26 0.0
1.0 0.02 0.564 al27 27 2.9649527e-10
1.0 0.02 0.564 al28 28 0.0
1.0 0.02 0.564 si27 27 0.0
1.0 0.02 0.564 si28 28 -1.1350494e-09
1.0 0.02 0.564 si29 29 -5.4569682e-11
1.0 0.02 0.564 si30 30 2.0281732e-10
1.0 0.02 0.564 si31 31 0.0
1.0 0.02 0.564 si32 32 0.0
1.0 0.02 0.564 si33 33 0.0
1.0 0.02 0.564 p29 29 0.0
1.0 0.02 0.564 p30 30 0.0
1.0 0.02 0.564 p31 31 1.5234036e-11
1.0 0.02 0.564 p32 32 0.0
1.0 0.02 0.564 p33 33 0.0
1.0 0.02 0.564 p34 34 0.0
1.0 0.02 0.564 s32 32 2.5611371e-09
1.0 0.02 0.564 s33 33 1.0686563e-11
1.0 0.02 0.564 s34 34 1.1787051e-09
1.0 0.02 0.564 s35 35 5.4745372e-20
1.0 0.02 0.564 fe54 54 2.1827873e-11
1.0 0.02 0.564 fe55 55 2.0495279e-18
1.0 0.02 0.564 fe56 56 8.7311491e-10
1.0 0.02 0.564 fe57 57 1.7280399e-10
1.0 0.02 0.564 fe58 58 2.0577318e-11
1.0 0.02 0.564 fe59 59 0.0
1.0 0.02 0.564 fe60 60 0.0
1.0 0.02 0.564 fe61 61 0.0
1.0 0.02 0.564 co59 59 2.410161e-11
1.0 0.02 0.564 co60 60 0.0
1.0 0.02 0.564 co61 61 1.0408425e-39
1.0 0.02 0.564 ni58 58 3.3287506e-10
1.0 0.02 0.564 ni59 59 6.3177705e-28
1.0 0.02 0.564 ni60 60 -2.7284841e-12
1.0 0.02 0.564 ni61 61 4.9908408e-07
1.0 0.02 0.564 ni62 62 -5.0726209e-07
1.25 0.02 0.574 g 1 2.7327989e-08
1.25 0.02 0.574 n 1 0.0
1.25 0.02 0.574 p 1 -0.012294143
1.25 0.02 0.574 d 2 3.920804699999999e-18
1.25 0.02 0.574 he3 3 0.00023805331
1.25 0.02 0.574 he4 4 0.011981189
1.25 0.02 0.574 li7 7 -5.1006016e-10
1.25 0.02 0.574 be7 7 5.8754618e-13
1.25 0.02 0.574 b8 8 9.474090800000001e-27
1.25 0.02 0.574 c12 12 -0.00046293531
1.25 0.02 0.574 c13 13 3.9047798e-05
1.25 0.02 0.574 c14 14 1.230054e-27
1.25 0.02 0.574 n13 13 0.0
1.25 0.02 0.574 n14 14 0.00050357985
1.25 0.02 0.574 n15 15 -1.0999203e-06
1.25 0.02 0.574 o14 14 0.0
1.25 0.02 0.574 o15 15 0.0
1.25 0.02 0.574 o16 16 -3.3960678e-06
1.25 0.02 0.574 o17 17 9.261953e-07
1.25 0.02 0.574 o18 18 -1.8358232e-06
1.25 0.02 0.574 o19 19 0.0
1.25 0.02 0.574 f17 17 0.0
1.25 0.02 0.574 f18 18 0.0
1.25 0.02 0.574 f19 19 1.2747137e-09
1.25 0.02 0.574 f20 20 0.0
1.25 0.02 0.574 ne19 19 0.0
1.25 0.02 0.574 ne20 20 1.0652002e-07
1.25 0.02 0.574 ne21 21 3.0677256e-09
1.25 0.02 0.574 ne22 22 -3.455425e-07
1.25 0.02 0.574 ne23 23 0.0
1.25 0.02 0.574 na21 21 0.0
1.25 0.02 0.574 na22 22 4.0997263e-30
1.25 0.02 0.574 na23 23 3.726218e-07
1.25 0.02 0.574 na24 24 0.0
1.25 0.02 0.574 mg23 23 0.0
1.25 0.02 0.574 mg24 24 3.4197001e-08
1.25 0.02 0.574 mg25 25 -2.4228939e-09
1.25 0.02 0.574 mg26 26 1.2551027e-08
1.25 0.02 0.574 mg27 27 0.0
1.25 0.02 0.574 al25 25 0.0
1.25 0.02 0.574 al-6 26 2.8757303e-13
1.25 0.02 0.574 al*6 26 0.0
1.25 0.02 0.574 al27 27 3.8962753e-09
1.25 0.02 0.574 al28 28 0.0
1.25 0.02 0.574 si27 27 0.0
1.25 0.02 0.574 si28 28 4.3568434e-08
1.25 0.02 0.574 si29 29 2.3064786e-09
1.25 0.02 0.574 si30 30 1.5734258e-09
1.25 0.02 0.574 si31 31 0.0
1.25 0.02 0.574 si32 32 0.0
1.25 0.02 0.574 si33 33 0.0
1.25 0.02 0.574 p29 29 0.0
1.25 0.02 0.574 p30 30 0.0
1.25 0.02 0.574 p31 31 5.5115379e-10
1.25 0.02 0.574 p32 32 0.0
1.25 0.02 0.574 p33 33 0.0
1.25 0.02 0.574 p34 34 0.0
1.25 0.02 0.574 s32 32 2.6338967e-08
1.25 0.02 0.574 s33 33 2.1691449e-10
1.25 0.02 0.574 s34 34 1.2456439e-08
1.25 0.02 0.574 s35 35 7.7321483e-20
1.25 0.02 0.574 fe54 54 4.8203219e-09
1.25 0.02 0.574 fe55 55 3.2336936999999997e-18
1.25 0.02 0.574 fe56 56 7.8405719e-08
1.25 0.02 0.574 fe57 57 1.9426807e-09
1.25 0.02 0.574 fe58 58 2.4897417e-10
1.25 0.02 0.574 fe59 59 0.0
1.25 0.02 0.574 fe60 60 0.0
1.25 0.02 0.574 fe61 61 0.0
1.25 0.02 0.574 co59 59 2.2441782e-10
1.25 0.02 0.574 co60 60 0.0
1.25 0.02 0.574 co61 61 0.0
1.25 0.02 0.574 ni58 58 3.3069227e-09
1.25 0.02 0.574 ni59 59 6.3815597e-28
1.25 0.02 0.574 ni60 60 1.3105819e-09
1.25 0.02 0.574 ni61 61 1.6668334e-06
1.25 0.02 0.574 ni62 62 -1.6939141e-06
1.5 0.02 0.6 g 1 2.6433543e-08
1.5 0.02 0.6 n 1 0.0
1.5 0.02 0.6 p 1 -0.012831986
1.5 0.02 0.6 d 2 3.9741023999999994e-18
1.5 0.02 0.6 he3 3 0.00031066535
1.5 0.02 0.6 he4 4 0.012394428
1.5 0.02 0.6 li7 7 1.3727897e-09
1.5 0.02 0.6 be7 7 4.3489181e-13
1.5 0.02 0.6 b8 8 2.0495578999999998e-25
1.5 0.02 0.6 c12 12 -0.000800899
1.5 0.02 0.6 c13 13 5.4908392e-05
1.5 0.02 0.6 c14 14 9.781330200000001e-28
1.5 0.02 0.6 n13 13 0.0
1.5 0.02 0.6 n14 14 0.00088311802
1.5 0.02 0.6 n15 15 -1.7863106e-06
1.5 0.02 0.6 o14 14 0.0
1.5 0.02 0.6 o15 15 0.0
1.5 0.02 0.6 o16 16 -7.2019175e-06
1.5 0.02 0.6 o17 17 3.5461017e-06
1.5 0.02 0.6 o18 18 -3.6016809e-06
1.5 0.02 0.6 o19 19 0.0
1.5 0.02 0.6 f17 17 0.0
1.5 0.02 0.6 f18 18 0.0
1.5 0.02 0.6 f19 19 2.1667006e-09
1.5 0.02 0.6 f20 20 0.0
1.5 0.02 0.6 ne19 19 0.0
1.5 0.02 0.6 ne20 20 -6.9849193e-10
1.5 0.02 0.6 ne21 21 3.4444838e-09
1.5 0.02 0.6 ne22 22 -1.5053374e-06
1.5 0.02 0.6 ne23 23 0.0
1.5 0.02 0.6 na21 21 0.0
1.5 0.02 0.6 na22 22 1.1512908000000001e-32
1.5 0.02 0.6 na23 23 1.573726e-06
1.5 0.02 0.6 na24 24 0.0
1.5 0.02 0.6 mg23 23 0.0
1.5 0.02 0.6 mg24 24 -1.7462298e-10
1.5 0.02 0.6 mg25 25 -8.3782652e-09
1.5 0.02 0.6 mg26 26 8.7165972e-09
1.5 0.02 0.6 mg27 27 0.0
1.5 0.02 0.6 al25 25 0.0
1.5 0.02 0.6 al-6 26 4.8227416e-12
1.5 0.02 0.6 al*6 26 0.0
1.5 0.02 0.6 al27 27 7.6397555e-11
1.5 0.02 0.6 al28 28 0.0
1.5 0.02 0.6 si27 27 0.0
1.5 0.02 0.6 si28 28 9.3132257e-10
1.5 0.02 0.6 si29 29 2.5465852e-11
1.5 0.02 0.6 si30 30 4.1836756e-11
1.5 0.02 0.6 si31 31 0.0
1.5 0.02 0.6 si32 32 0.0
1.5 0.02 0.6 si33 33 0.0
1.5 0.02 0.6 p29 29 0.0
1.5 0.02 0.6 p30 30 0.0
1.5 0.02 0.6 p31 31 1.3642421e-12
1.5 0.02 0.6 p32 32 0.0
1.5 0.02 0.6 p33 33 0.0
1.5 0.02 0.6 p34 34 0.0
1.5 0.02 0.6 s32 32 5.8207661e-11
1.5 0.02 0.6 s33 33 2.7284841e-12
1.5 0.02 0.6 s34 34 -1.3096724e-10
1.5 0.02 0.6 s35 35 7.6107428e-20
1.5 0.02 0.6 fe54 54 5.8207661e-11
1.5 0.02 0.6 fe55 55 3.4367660999999998e-18
1.5 0.02 0.6 fe56 56 3.9581209e-09
1.5 0.02 0.6 fe57 57 2.1827873e-11
1.5 0.02 0.6 fe58 58 2.7284841e-12
1.5 0.02 0.6 fe59 59 0.0
1.5 0.02 0.6 fe60 60 0.0
1.5 0.02 0.6 fe61 61 0.0
1.5 0.02 0.6 co59 59 3.1832315e-12
1.5 0.02 0.6 co60 60 0.0
1.5 0.02 0.6 co61 61 0.0
1.5 0.02 0.6 ni58 58 -1.4551915e-11
1.5 0.02 0.6 ni59 59 1.7999009000000002e-27
1.5 0.02 0.6 ni60 60 5.4569682e-12
1.5 0.02 0.6 ni61 61 1.6124557e-06
1.5 0.02 0.6 ni62 62 -1.6388833e-06
1.75 0.02 0.615 g 1 3.5431441e-08
1.75 0.02 0.615 n 1 0.0
1.75 0.02 0.615 p 1 -0.01180619
1.75 0.02 0.615 d 2 5.358578199999999e-18
1.75 0.02 0.615 he3 3 0.00032173586
1.75 0.02 0.615 he4 4 0.011302859
1.75 0.02 0.615 li7 7 1.2315795e-09
1.75 0.02 0.615 be7 7 3.1671383e-13
1.75 0.02 0.615 b8 8 4.1181086e-25
1.75 0.02 0.615 c12 12 -0.001122524
1.75 0.02 0.615 c13 13 6.1266066e-05
1.75 0.02 0.615 c14 14 7.4995539000000005e-28
1.75 0.02 0.615 n13 13 0.0
1.75 0.02 0.615 n14 14 0.0012500574
1.75 0.02 0.615 n15 15 -2.3466152e-06
1.75 0.02 0.615 o14 14 0.0
1.75 0.02 0.615 o15 15 0.0
1.75 0.02 0.615 o16 16 -8.7069348e-06
1.75 0.02 0.615 o17 17 9.2278979e-06
1.75 0.02 0.615 o18 18 -5.4085649e-06
1.75 0.02 0.615 o19 19 0.0
1.75 0.02 0.615 f17 17 0.0
1.75 0.02 0.615 f18 18 0.0
1.75 0.02 0.615 f19 19 2.5789575e-09
1.75 0.02 0.615 f20 20 0.0
1.75 0.02 0.615 ne19 19 0.0
1.75 0.02 0.615 ne20 20 1.2805685e-09
1.75 0.02 0.615 ne21 21 4.9521987e-10
1.75 0.02 0.615 ne22 22 -4.0466985e-06
1.75 0.02 0.615 ne23 23 0.0
1.75 0.02 0.615 na21 21 0.0
1.75 0.02 0.615 na22 22 3.2418977e-33
1.75 0.02 0.615 na23 23 4.231304e-06
1.75 0.02 0.615 na24 24 0.0
1.75 0.02 0.615 mg23 23 0.0
1.75 0.02 0.615 mg24 24 3.0267984e-09
1.75 0.02 0.615 mg25 25 -7.4214768e-10
1.75 0.02 0.615 mg26 26 3.4924597e-10
1.75 0.02 0.615 mg27 27 0.0
1.75 0.02 0.615 al25 25 0.0
1.75 0.02 0.615 al-6 26 5.5578814e-10
1.75 0.02 0.615 al*6 26 0.0
1.75 0.02 0.615 al27 27 -2.401066e-10
1.75 0.02 0.615 al28 28 0.0
1.75 0.02 0.615 si27 27 0.0
1.75 0.02 0.615 si28 28 9.8953024e-10
1.75 0.02 0.615 si29 29 -1.0913936e-11
1.75 0.02 0.615 si30 30 2.1827873e-11
1.75 0.02 0.615 si31 31 0.0
1.75 0.02 0.615 si32 32 0.0
1.75 0.02 0.615 si33 33 0.0
1.75 0.02 0.615 p29 29 0.0
1.75 0.02 0.615 p30 30 0.0
1.75 0.02 0.615 p31 31 3.5470293e-11
1.75 0.02 0.615 p32 32 0.0
1.75 0.02 0.615 p33 33 0.0
1.75 0.02 0.615 p34 34 0.0
1.75 0.02 0.615 s32 32 3.783498e-10
1.75 0.02 0.615 s33 33 5.0022209e-12
1.75 0.02 0.615 s34 34 7.2759576e-11
1.75 0.02 0.615 s35 35 6.6496578e-20
1.75 0.02 0.615 fe54 54 -8.0035534e-11
1.75 0.02 0.615 fe55 55 3.1788004999999997e-18
1.75 0.02 0.615 fe56 56 8.1490725e-10
1.75 0.02 0.615 fe57 57 -6.5483619e-11
1.75 0.02 0.615 fe58 58 -1.4551915e-11
1.75 0.02 0.615 fe59 59 0.0
1.75 0.02 0.615 fe60 60 0.0
1.75 0.02 0.615 fe61 61 0.0
1.75 0.02 0.615 co59 59 5.4569682e-12
1.75 0.02 0.615 co60 60 0.0
1.75 0.02 0.615 co61 61 0.0
1.75 0.02 0.615 ni58 58 1.2369128e-10
1.75 0.02 0.615 ni59 59 1.4954083e-24
1.75 0.02 0.615 ni60 60 9.094947e-12
1.75 0.02 0.615 ni61 61 2.1613223e-06
1.75 0.02 0.615 ni62 62 -2.1967544e-06
1.9 0.02 0.63 g 1 5.5156903e-08
1.9 0.02 0.63 n 1 0.0
1.9 0.02 0.63 p 1 -0.010850966
1.9 0.02 0.63 d 2 7.520605399999999e-18
1.9 0.02 0.63 he3 3 0.00032009522
1.9 0.02 0.63 he4 4 0.010326833
1.9 0.02 0.63 li7 7 -1.8291435e-09
1.9 0.02 0.63 be7 7 3.3869305e-13
1.9 0.02 0.63 b8 8 2.5497624e-25
1.9 0.02 0.63 c12 12 -0.0012646052
1.9 0.02 0.63 c13 13 6.9854446e-05
1.9 0.02 0.63 c14 14 3.2600120000000005e-27
1.9 0.02 0.63 n13 13 0.0
1.9 0.02 0.63 n14 14 0.0014078185
1.9 0.02 0.63 n15 15 -2.6674245e-06
1.9 0.02 0.63 o14 14 0.0
1.9 0.02 0.63 o15 15 0.0
1.9 0.02 0.63 o16 16 -1.4317222e-05
1.9 0.02 0.63 o17 17 1.4835156e-05
1.9 0.02 0.63 o18 18 -6.237864e-06
1.9 0.02 0.63 o19 19 0.0
1.9 0.02 0.63 f17 17 0.0
1.9 0.02 0.63 f18 18 0.0
1.9 0.02 0.63 f19 19 1.6311787e-09
1.9 0.02 0.63 f20 20 0.0
1.9 0.02 0.63 ne19 19 0.0
1.9 0.02 0.63 ne20 20 1.3969839e-09
1.9 0.02 0.63 ne21 21 7.6033757e-10
1.9 0.02 0.63 ne22 22 -6.2985055e-06
1.9 0.02 0.63 ne23 23 0.0
1.9 0.02 0.63 na21 21 0.0
1.9 0.02 0.63 na22 22 3.6614634e-29
1.9 0.02 0.63 na23 23 6.5861968e-06
1.9 0.02 0.63 na24 24 0.0
1.9 0.02 0.63 mg23 23 0.0
1.9 0.02 0.63 mg24 24 1.6880222e-09
1.9 0.02 0.63 mg25 25 -1.8335413e-09
1.9 0.02 0.63 mg26 26 4.7293724e-10
1.9 0.02 0.63 mg27 27 0.0
1.9 0.02 0.63 al25 25 0.0
1.9 0.02 0.63 al-6 26 1.3871884e-09
1.9 0.02 0.63 al*6 26 0.0
1.9 0.02 0.63 al27 27 8.0035534e-11
1.9 0.02 0.63 al28 28 0.0
1.9 0.02 0.63 si27 27 0.0
1.9 0.02 0.63 si28 28 6.9849193e-10
1.9 0.02 0.63 si29 29 0.0
1.9 0.02 0.63 si30 30 -1.8189894e-11
1.9 0.02 0.63 si31 31 0.0
1.9 0.02 0.63 si32 32 0.0
1.9 0.02 0.63 si33 33 0.0
1.9 0.02 0.63 p29 29 0.0
1.9 0.02 0.63 p30 30 0.0
1.9 0.02 0.63 p31 31 5.4569682e-12
1.9 0.02 0.63 p32 32 0.0
1.9 0.02 0.63 p33 33 0.0
1.9 0.02 0.63 p34 34 0.0
1.9 0.02 0.63 s32 32 3.4924597e-10
1.9 0.02 0.63 s33 33 0.0
1.9 0.02 0.63 s34 34 3.0559022e-10
1.9 0.02 0.63 s35 35 5.9004383e-20
1.9 0.02 0.63 fe54 54 5.8207661e-11
1.9 0.02 0.63 fe55 55 2.8937369e-18
1.9 0.02 0.63 fe56 56 3.1432137e-09
1.9 0.02 0.63 fe57 57 -4.7293724e-11
1.9 0.02 0.63 fe58 58 -3.1832315e-12
1.9 0.02 0.63 fe59 59 0.0
1.9 0.02 0.63 fe60 60 0.0
1.9 0.02 0.63 fe61 61 0.0
1.9 0.02 0.63 co59 59 1.1368684e-11
1.9 0.02 0.63 co60 60 2.1224949e-39
1.9 0.02 0.63 co61 61 0.0
1.9 0.02 0.63 ni58 58 -5.8207661e-11
1.9 0.02 0.63 ni59 59 1.4842975999999998e-23
1.9 0.02 0.63 ni60 60 -2.5465852e-11
1.9 0.02 0.63 ni61 61 3.3645524e-06
1.9 0.02 0.63 ni62 62 -3.4197044e-06
2.0 0.02 0.64 g 1 5.8270025e-08
2.0 0.02 0.64 n 1 0.0
2.0 0.02 0.64 p 1 -0.010187924
2.0 0.02 0.64 d 2 8.4065158e-18
2.0 0.02 0.64 he3 3 0.00031487126
2.0 0.02 0.64 he4 4 0.009652406
2.0 0.02 0.64 li7 7 -1.8203933e-09
2.0 0.02 0.64 be7 7 2.8694535e-13
2.0 0.02 0.64 b8 8 2.9018961e-25
2.0 0.02 0.64 c12 12 -0.001360056
2.0 0.02 0.64 c13 13 7.3958669e-05
2.0 0.02 0.64 c14 14 7.4092466e-27
2.0 0.02 0.64 n13 13 0.0
2.0 0.02 0.64 n14 14 0.0015173518
2.0 0.02 0.64 n15 15 -2.8615741e-06
2.0 0.02 0.64 o14 14 0.0
2.0 0.02 0.64 o15 15 0.0
2.0 0.02 0.64 o16 16 -2.0628795e-05
2.0 0.02 0.64 o17 17 1.9082607e-05
2.0 0.02 0.64 o18 18 -6.7616274e-06
2.0 0.02 0.64 o19 19 0.0
2.0 0.02 0.64 f17 17 0.0
2.0 0.02 0.64 f18 18 0.0
2.0 0.02 0.64 f19 19 7.9364781e-10
2.0 0.02 0.64 f20 20 0.0
2.0 0.02 0.64 ne19 19 0.0
2.0 0.02 0.64 ne20 20 -5.5879354e-09
2.0 0.02 0.64 ne21 21 8.4946805e-10
2.0 0.02 0.64 ne22 22 -7.7085861e-06
2.0 0.02 0.64 ne23 23 0.0
2.0 0.02 0.64 na21 21 0.0
2.0 0.02 0.64 na22 22 1.0659652e-29
2.0 0.02 0.64 na23 23 8.0641075e-06
2.0 0.02 0.64 na24 24 0.0
2.0 0.02 0.64 mg23 23 0.0
2.0 0.02 0.64 mg24 24 1.7462298e-10
2.0 0.02 0.64 mg25 25 -6.9267116e-09
2.0 0.02 0.64 mg26 26 1.6661943e-09
2.0 0.02 0.64 mg27 27 0.0
2.0 0.02 0.64 al25 25 0.0
2.0 0.02 0.64 al-6 26 4.8186188e-09
2.0 0.02 0.64 al*6 26 0.0
2.0 0.02 0.64 al27 27 8.0035534e-10
2.0 0.02 0.64 al28 28 0.0
2.0 0.02 0.64 si27 27 0.0
2.0 0.02 0.64 si28 28 1.1641532e-10
2.0 0.02 0.64 si29 29 -2.1827873e-11
2.0 0.02 0.64 si30 30 7.2759576e-12
2.0 0.02 0.64 si31 31 0.0
2.0 0.02 0.64 si32 32 0.0
2.0 0.02 0.64 si33 33 0.0
2.0 0.02 0.64 p29 29 0.0
2.0 0.02 0.64 p30 30 0.0
2.0 0.02 0.64 p31 31 -3.6379788e-12
2.0 0.02 0.64 p32 32 0.0
2.0 0.02 0.64 p33 33 0.0
2.0 0.02 0.64 p34 34 0.0
2.0 0.02 0.64 s32 32 0.0
2.0 0.02 0.64 s33 33 1.8189894e-12
2.0 0.02 0.64 s34 34 8.7311491e-11
2.0 0.02 0.64 s35 35 5.4041309e-20
2.0 0.02 0.64 fe54 54 2.1827873e-11
2.0 0.02 0.64 fe55 55 2.6887840999999996e-18
2.0 0.02 0.64 fe56 56 3.4924597e-10
2.0 0.02 0.64 fe57 57 -1.0913936e-11
2.0 0.02 0.64 fe58 58 -4.5474735e-13
2.0 0.02 0.64 fe59 59 0.0
2.0 0.02 0.64 fe60 60 0.0
2.0 0.02 0.64 fe61 61 0.0
2.0 0.02 0.64 co59 59 -9.094947e-13
2.0 0.02 0.64 co60 60 3.1936511000000005e-38
2.0 0.02 0.64 co61 61 0.0
2.0 0.02 0.64 ni58 58 1.4551915e-11
2.0 0.02 0.64 ni59 59 2.6976728e-22
2.0 0.02 0.64 ni60 60 5.4569682e-12
2.0 0.02 0.64 ni61 61 3.554471e-06
2.0 0.02 0.64 ni62 62 -3.612741e-06
2.25 0.02 0.66 g 1 5.3295693e-08
2.25 0.02 0.66 n 1 0.0
2.25 0.02 0.66 p 1 -0.01505363
2.25 0.02 0.66 d 2 8.0596641e-18
2.25 0.02 0.66 he3 3 0.00028698589
2.25 0.02 0.66 he4 4 0.013496906
2.25 0.02 0.66 li7 7 1.4065087e-09
2.25 0.02 0.66 be7 7 2.5217765e-13
2.25 0.02 0.66 b8 8 3.6989863e-25
2.25 0.02 0.66 c12 12 -0.00064964266
2.25 0.02 0.66 c13 13 8.1724516e-05
2.25 0.02 0.66 c14 14 2.741069e-10
2.25 0.02 0.66 n13 13 0.0
2.25 0.02 0.66 n14 14 0.0019323378
2.25 0.02 0.66 n15 15 -3.3414763e-06
2.25 0.02 0.66 o14 14 0.0
2.25 0.02 0.66 o15 15 0.0
2.25 0.02 0.66 o16 16 -0.00020344462
2.25 0.02 0.66 o17 17 4.5280685e-05
2.25 0.02 0.66 o18 18 -8.2851366e-06
2.25 0.02 0.66 o19 19 0.0
2.25 0.02 0.66 f17 17 0.0
2.25 0.02 0.66 f18 18 0.0
2.25 0.02 0.66 f19 19 9.1062304e-08
2.25 0.02 0.66 f20 20 0.0
2.25 0.02 0.66 ne19 19 0.0
2.25 0.02 0.66 ne20 20 -4.1536987e-07
2.25 0.02 0.66 ne21 21 2.8287559e-08
2.25 0.02 0.66 ne22 22 5.9571612e-05
2.25 0.02 0.66 ne23 23 0.0
2.25 0.02 0.66 na21 21 0.0
2.25 0.02 0.66 na22 22 8.015229700000001e-27
2.25 0.02 0.66 na23 23 1.445457e-05
2.25 0.02 0.66 na24 24 0.0
2.25 0.02 0.66 mg23 23 0.0
2.25 0.02 0.66 mg24 24 9.5868018e-08
2.25 0.02 0.66 mg25 25 -1.4916441e-07
2.25 0.02 0.66 mg26 26 1.9180879e-07
2.25 0.02 0.66 mg27 27 0.0
2.25 0.02 0.66 al25 25 0.0
2.25 0.02 0.66 al-6 26 1.1385115e-07
2.25 0.02 0.66 al*6 26 0.0
2.25 0.02 0.66 al27 27 2.661327e-07
2.25 0.02 0.66 al28 28 0.0
2.25 0.02 0.66 si27 27 0.0
2.25 0.02 0.66 si28 28 1.2095552e-07
2.25 0.02 0.66 si29 29 1.2445525e-08
2.25 0.02 0.66 si30 30 2.1009328e-08
2.25 0.02 0.66 si31 31 0.0
2.25 0.02 0.66 si32 32 7.5142559e-18
2.25 0.02 0.66 si33 33 0.0
2.25 0.02 0.66 p29 29 0.0
2.25 0.02 0.66 p30 30 0.0
2.25 0.02 0.66 p31 31 3.7089194e-09
2.25 0.02 0.66 p32 32 1.9182460000000002e-21
2.25 0.02 0.66 p33 33 0.0
2.25 0.02 0.66 p34 34 0.0
2.25 0.02 0.66 s32 32 5.3900294e-08
2.25 0.02 0.66 s33 33 6.825303e-09
2.25 0.02 0.66 s34 34 3.4546247e-08
2.25 0.02 0.66 s35 35 7.4854378e-10
2.25 0.02 0.66 fe54 54 -3.7609425e-08
2.25 0.02 0.66 fe55 55 3.6412501e-08
2.25 0.02 0.66 fe56 56 1.1990778e-08
2.25 0.02 0.66 fe57 57 1.6565536e-07
2.25 0.02 0.66 fe58 58 6.1862465e-08
2.25 0.02 0.66 fe59 59 0.0
2.25 0.02 0.66 fe60 60 9.0421524e-12
2.25 0.02 0.66 fe61 61 0.0
2.25 0.02 0.66 co59 59 2.0225798e-08
2.25 0.02 0.66 co60 60 3.1776137000000003e-17
2.25 0.02 0.66 co61 61 0.0
2.25 0.02 0.66 ni58 58 -2.4854671e-08
2.25 0.02 0.66 ni59 59 7.1026025e-09
2.25 0.02 0.66 ni60 60 2.8267095e-09
2.25 0.02 0.66 ni61 61 3.2550174e-06
2.25 0.02 0.66 ni62 62 -3.2942721e-06
2.5 0.02 0.663 g 1 7.2756592e-08
2.5 0.02 0.663 n 1 0.0
2.5 0.02 0.663 p 1 -0.030032039
2.5 0.02 0.663 d 2 1.0277051e-17
2.5 0.02 0.663 he3 3 0.00026059625
2.5 0.02 0.663 he4 4 0.023471355
2.5 0.02 0.663 li7 7 1.5423041e-09
2.5 0.02 0.663 be7 7 6.9864023e-14
2.5 0.02 0.663 b8 8 6.260643e-26
2.5 0.02 0.663 c12 12 0.003818586
2.5 0.02 0.663 c13 13 8.9607907e-05
2.5 0.02 0.663 c14 14 2.159219e-09
2.5 0.02 0.663 n13 13 0.0
2.5 0.02 0.663 n14 14 0.0022742271
2.5 0.02 0.663 n15 15 -3.8221588e-06
2.5 0.02 0.663 o14 14 0.0
2.5 0.02 0.663 o15 15 0.0
2.5 0.02 0.663 o16 16 -0.00041197985
2.5 0.02 0.663 o17 17 4.3190565e-05
2.5 0.02 0.663 o18 18 -9.8207129e-06
2.5 0.02 0.663 o19 19 0.0
2.5 0.02 0.663 f17 17 0.0
2.5 0.02 0.663 f18 18 0.0
2.5 0.02 0.663 f19 19 7.5978323e-07
2.5 0.02 0.663 f20 20 0.0
2.5 0.02 0.663 ne19 19 0.0
2.5 0.02 0.663 ne20 20 -2.4433248e-06
2.5 0.02 0.663 ne21 21 6.2628715e-08
2.5 0.02 0.663 ne22 22 0.00047336606
2.5 0.02 0.663 ne23 23 0.0
2.5 0.02 0.663 na21 21 0.0
2.5 0.02 0.663 na22 22 7.4453521e-25
2.5 0.02 0.663 na23 23 2.3369874e-05
2.5 0.02 0.663 na24 24 0.0
2.5 0.02 0.663 mg23 23 0.0
2.5 0.02 0.663 mg24 24 6.3912012e-08
2.5 0.02 0.663 mg25 25 5.8799924e-07
2.5 0.02 0.663 mg26 26 1.8918799e-06
2.5 0.02 0.663 mg27 27 0.0
2.5 0.02 0.663 al25 25 0.0
2.5 0.02 0.663 al-6 26 2.4031135e-07
2.5 0.02 0.663 al*6 26 0.0
2.5 0.02 0.663 al27 27 1.2342425e-06
2.5 0.02 0.663 al28 28 0.0
2.5 0.02 0.663 si27 27 0.0
2.5 0.02 0.663 si28 28 6.9150701e-08
2.5 0.02 0.663 si29 29 6.1801984e-08
2.5 0.02 0.663 si30 30 1.3801036e-07
2.5 0.02 0.663 si31 31 0.0
2.5 0.02 0.663 si32 32 1.5658792e-16
2.5 0.02 0.663 si33 33 0.0
2.5 0.02 0.663 p29 29 0.0
2.5 0.02 0.663 p30 30 0.0
2.5 0.02 0.663 p31 31 1.7375896e-08
2.5 0.02 0.663 p32 32 3.9973900999999997e-20
2.5 0.02 0.663 p33 33 0.0
2.5 0.02 0.663 p34 34 0.0
2.5 0.02 0.663 s32 32 -1.0547228e-07
2.5 0.02 0.663 s33 33 4.9016762e-08
2.5 0.02 0.663 s34 34 2.5320332e-08
2.5 0.02 0.663 s35 35 6.0799192e-09
2.5 0.02 0.663 fe54 54 -3.7436257e-07
2.5 0.02 0.663 fe55 55 2.6070921e-07
2.5 0.02 0.663 fe56 56 -1.5031546e-06
2.5 0.02 0.663 fe57 57 1.2790115e-06
2.5 0.02 0.663 fe58 58 5.2428459e-07
2.5 0.02 0.663 fe59 59 0.0
2.5 0.02 0.663 fe60 60 2.3210811e-10
2.5 0.02 0.663 fe61 61 0.0
2.5 0.02 0.663 co59 59 1.5699788e-07
2.5 0.02 0.663 co60 60 8.1568299e-16
2.5 0.02 0.663 co61 61 0.0
2.5 0.02 0.663 ni58 58 -2.5544432e-07
2.5 0.02 0.663 ni59 59 4.3815056e-08
2.5 0.02 0.663 ni60 60 4.0781742e-09
2.5 0.02 0.663 ni61 61 4.4695867e-06
2.5 0.02 0.663 ni62 62 -4.4347294e-06
3.0 0.02 0.682 g 1 1.1149841e-07
3.0 0.02 0.682 n 1 0.0
3.0 0.02 0.682 p 1 -0.069526196
3.0 0.02 0.682 d 2 1.3659248e-17
3.0 0.02 0.682 he3 3 0.00022231706
3.0 0.02 0.682 he4 4 0.051594019
3.0 0.02 0.682 li7 7 1.0126753e-09
3.0 0.02 0.682 be7 7 2.7952978e-14
3.0 0.02 0.682 b8 8 3.9614005e-28
3.0 0.02 0.682 c12 12 0.013704421
3.0 0.02 0.682 c13 13 0.00010969537
3.0 0.02 0.682 c14 14 7.5720479e-09
3.0 0.02 0.682 n13 13 0.0
3.0 0.02 0.682 n14 14 0.003093252
3.0 0.02 0.682 n15 15 -5.0412418e-06
3.0 0.02 0.682 o14 14 0.0
3.0 0.02 0.682 o15 15 0.0
3.0 0.02 0.682 o16 16 -0.0011189766
3.0 0.02 0.682 o17 17 4.6744273e-05
3.0 0.02 0.682 o18 18 -1.3684017e-05
3.0 0.02 0.682 o19 19 0.0
3.0 0.02 0.682 f17 17 0.0
3.0 0.02 0.682 f18 18 0.0
3.0 0.02 0.682 f19 19 3.4087045e-06
3.0 0.02 0.682 f20 20 0.0
3.0 0.02 0.682 ne19 19 0.0
3.0 0.02 0.682 ne20 20 -7.4109994e-07
3.0 0.02 0.682 ne21 21 4.61534e-07
3.0 0.02 0.682 ne22 22 0.0018091828
3.0 0.02 0.682 ne23 23 0.0
3.0 0.02 0.682 na21 21 0.0
3.0 0.02 0.682 na22 22 2.4222218000000004e-22
3.0 0.02 0.682 na23 23 5.0942101e-05
3.0 0.02 0.682 na24 24 0.0
3.0 0.02 0.682 mg23 23 0.0
3.0 0.02 0.682 mg24 24 -2.0174775e-07
3.0 0.02 0.682 mg25 25 1.0766817e-05
3.0 0.02 0.682 mg26 26 1.3568293e-05
3.0 0.02 0.682 mg27 27 0.0
3.0 0.02 0.682 al25 25 0.0
3.0 0.02 0.682 al-6 26 2.813556e-07
3.0 0.02 0.682 al*6 26 0.0
3.0 0.02 0.682 al27 27 3.825844e-06
3.0 0.02 0.682 al28 28 0.0
3.0 0.02 0.682 si27 27 0.0
3.0 0.02 0.682 si28 28 8.3819032e-09
3.0 0.02 0.682 si29 29 3.6603888e-07
3.0 0.02 0.682 si30 30 7.7025834e-07
3.0 0.02 0.682 si31 31 0.0
3.0 0.02 0.682 si32 32 3.6738064e-15
3.0 0.02 0.682 si33 33 0.0
3.0 0.02 0.682 p29 29 0.0
3.0 0.02 0.682 p30 30 0.0
3.0 0.02 0.682 p31 31 8.0022801e-08
3.0 0.02 0.682 p32 32 9.378525199999999e-19
3.0 0.02 0.682 p33 33 0.0
3.0 0.02 0.682 p34 34 0.0
3.0 0.02 0.682 s32 32 -7.4511627e-07
3.0 0.02 0.682 s33 33 2.114175e-07
3.0 0.02 0.682 s34 34 5.4569682e-08
3.0 0.02 0.682 s35 35 3.2606629e-08
3.0 0.02 0.682 fe54 54 -1.7059938e-06
3.0 0.02 0.682 fe55 55 9.8309192e-07
3.0 0.02 0.682 fe56 56 -8.3667692e-06
3.0 0.02 0.682 fe57 57 6.0321836e-06
3.0 0.02 0.682 fe58 58 3.3317292e-06
3.0 0.02 0.682 fe59 59 -3.199865e-41
3.0 0.02 0.682 fe60 60 9.5256976e-09
3.0 0.02 0.682 fe61 61 0.0
3.0 0.02 0.682 co59 59 7.9288475e-07
3.0 0.02 0.682 co60 60 3.3478167e-14
3.0 0.02 0.682 co61 61 0.0
3.0 0.02 0.682 ni58 58 -1.209788e-06
3.0 0.02 0.682 ni59 59 1.212691e-07
3.0 0.02 0.682 ni60 60 1.1935117e-07
3.0 0.02 0.682 ni61 61 6.8808563e-06
3.0 0.02 0.682 ni62 62 -6.3984539e-06
3.5 0.02 0.718 g 1 1.6093294e-07
3.5 0.02 0.718 n 1 0.0
3.5 0.02 0.718 p 1 -0.093763471
3.5 0.02 0.718 d 2 1.7152902e-17
3.5 0.02 0.718 he3 3 0.00020468852
3.5 0.02 0.718 he4 4 0.069596112
3.5 0.02 0.718 li7 7 -5.0294759e-09
3.5 0.02 0.718 be7 7 2.7642151e-14
3.5 0.02 0.718 b8 8 2.0181877e-29
3.5 0.02 0.718 c12 12 0.018695414
3.5 0.02 0.718 c13 13 0.00013811485
3.5 0.02 0.718 c14 14 2.3346663e-08
3.5 0.02 0.718 n13 13 0.0
3.5 0.02 0.718 n14 14 0.004035918
3.5 0.02 0.718 n15 15 -6.4690676e-06
3.5 0.02 0.718 o14 14 0.0
3.5 0.02 0.718 o15 15 0.0
3.5 0.02 0.718 o16 16 -0.0016933195
3.5 0.02 0.718 o17 17 4.847462e-05
3.5 0.02 0.718 o18 18 -1.7757808e-05
3.5 0.02 0.718 o19 19 0.0
3.5 0.02 0.718 f17 17 0.0
3.5 0.02 0.718 f18 18 0.0
3.5 0.02 0.718 f19 19 5.7204584e-06
3.5 0.02 0.718 f20 20 0.0
3.5 0.02 0.718 ne19 19 0.0
3.5 0.02 0.718 ne20 20 3.9613806e-06
3.5 0.02 0.718 ne21 21 1.3936342e-06
3.5 0.02 0.718 ne22 22 0.0025976459
3.5 0.02 0.718 ne23 23 0.0
3.5 0.02 0.718 na21 21 0.0
3.5 0.02 0.718 na22 22 8.3919884e-20
3.5 0.02 0.718 na23 23 6.5187844e-05
3.5 0.02 0.718 na24 24 0.0
3.5 0.02 0.718 mg23 23 0.0
3.5 0.02 0.718 mg24 24 -5.0613889e-06
3.5 0.02 0.718 mg25 25 4.1367559e-05
3.5 0.02 0.718 mg26 26 4.4758388e-05
3.5 0.02 0.718 mg27 27 0.0
3.5 0.02 0.718 al25 25 0.0
3.5 0.02 0.718 al-6 26 2.0853547e-07
3.5 0.02 0.718 al*6 26 0.0
3.5 0.02 0.718 al27 27 6.2901963e-06
3.5 0.02 0.718 al28 28 0.0
3.5 0.02 0.718 si27 27 0.0
3.5 0.02 0.718 si28 28 -4.7124922e-07
3.5 0.02 0.718 si29 29 1.0328949e-06
3.5 0.02 0.718 si30 30 2.2134918e-06
3.5 0.02 0.718 si31 31 0.0
3.5 0.02 0.718 si32 32 4.5838902e-14
3.5 0.02 0.718 si33 33 0.0
3.5 0.02 0.718 p29 29 0.0
3.5 0.02 0.718 p30 30 0.0
3.5 0.02 0.718 p31 31 2.059769e-07
3.5 0.02 0.718 p32 32 1.1701796000000001e-17
3.5 0.02 0.718 p33 33 0.0
3.5 0.02 0.718 p34 34 0.0
3.5 0.02 0.718 s32 32 -2.2506574e-06
3.5 0.02 0.718 s33 33 3.6811161e-07
3.5 0.02 0.718 s34 34 2.5727786e-08
3.5 0.02 0.718 s35 35 8.7388223e-08
3.5 0.02 0.718 fe54 54 -3.5490375e-06
3.5 0.02 0.718 fe55 55 1.4487257e-06
3.5 0.02 0.718 fe56 56 -2.1745684e-05
3.5 0.02 0.718 fe57 57 1.2111552e-05
3.5 0.02 0.718 fe58 58 1.0536715e-05
3.5 0.02 0.718 fe59 59 1.9423988e-38
3.5 0.02 0.718 fe60 60 1.4168401e-07
3.5 0.02 0.718 fe61 61 0.0
3.5 0.02 0.718 co59 59 2.0535972e-06
3.5 0.02 0.718 co60 60 4.9824148e-13
3.5 0.02 0.718 co61 61 0.0
3.5 0.02 0.718 ni58 58 -2.5940244e-06
3.5 0.02 0.718 ni59 59 1.7944083e-07
3.5 0.02 0.718 ni60 60 5.5713099e-07
3.5 0.02 0.718 ni61 61 9.4064599e-06
3.5 0.02 0.718 ni62 62 -7.7309978e-06
4.0 0.02 0.792 g 1 2.057734e-07
4.0 0.02 0.792 n 1 0.0
4.0 0.02 0.792 p 1 -0.063057899
4.0 0.02 0.792 d 2 1.9034653e-17
4.0 0.02 0.792 he3 3 0.00019090575
4.0 0.02 0.792 he4 4 0.048814297
4.0 0.02 0.792 li7 7 -5.8330625e-09
4.0 0.02 0.792 be7 7 3.4087457e-12
4.0 0.02 0.792 b8 8 4.0950817000000005e-27
4.0 0.02 0.792 c12 12 0.009186306
4.0 0.02 0.792 c13 13 0.00017281614
4.0 0.02 0.792 c14 14 2.0957332e-08
4.0 0.02 0.792 n13 13 0.0
4.0 0.02 0.792 n14 14 0.005078
4.0 0.02 0.792 n15 15 -7.6303022e-06
4.0 0.02 0.792 o14 14 0.0
4.0 0.02 0.792 o15 15 0.0
4.0 0.02 0.792 o16 16 -0.001677677
4.0 0.02 0.792 o17 17 4.8245514e-05
4.0 0.02 0.792 o18 18 -2.0166714e-05
4.0 0.02 0.792 o19 19 0.0
4.0 0.02 0.792 f17 17 0.0
4.0 0.02 0.792 f18 18 0.0
4.0 0.02 0.792 f19 19 2.2539109e-06
4.0 0.02 0.792 f20 20 0.0
4.0 0.02 0.792 ne19 19 0.0
4.0 0.02 0.792 ne20 20 -2.6999041e-06
4.0 0.02 0.792 ne21 21 1.1784286e-06
4.0 0.02 0.792 ne22 22 0.0011293872
4.0 0.02 0.792 ne23 23 0.0
4.0 0.02 0.792 na21 21 0.0
4.0 0.02 0.792 na22 22 1.5757979e-16
4.0 0.02 0.792 na23 23 5.5070945e-05
4.0 0.02 0.792 na24 24 0.0
4.0 0.02 0.792 mg23 23 0.0
4.0 0.02 0.792 mg24 24 -1.4387886e-05
4.0 0.02 0.792 mg25 25 4.0860192e-05
4.0 0.02 0.792 mg26 26 5.1169074e-05
4.0 0.02 0.792 mg27 27 0.0
4.0 0.02 0.792 al25 25 0.0
4.0 0.02 0.792 al-6 26 2.7272299e-07
4.0 0.02 0.792 al*6 26 0.0
4.0 0.02 0.792 al27 27 6.5405911e-06
4.0 0.02 0.792 al28 28 0.0
4.0 0.02 0.792 si27 27 0.0
4.0 0.02 0.792 si28 28 2.0978041e-07
4.0 0.02 0.792 si29 29 9.4910502e-07
4.0 0.02 0.792 si30 30 2.1144879e-06
4.0 0.02 0.792 si31 31 0.0
4.0 0.02 0.792 si32 32 2.3298805e-13
4.0 0.02 0.792 si33 33 0.0
4.0 0.02 0.792 p29 29 0.0
4.0 0.02 0.792 p30 30 0.0
4.0 0.02 0.792 p31 31 2.1518099e-07
4.0 0.02 0.792 p32 32 5.9477416e-17
4.0 0.02 0.792 p33 33 5.2234589e-38
4.0 0.02 0.792 p34 34 0.0
4.0 0.02 0.792 s32 32 -1.9653235e-06
4.0 0.02 0.792 s33 33 1.9752952e-07
4.0 0.02 0.792 s34 34 3.9697625e-08
4.0 0.02 0.792 s35 35 7.9317587e-08
4.0 0.02 0.792 fe54 54 -2.4072069e-06
4.0 0.02 0.792 fe55 55 6.4106035e-07
4.0 0.02 0.792 fe56 56 -1.783343e-05
4.0 0.02 0.792 fe57 57 7.2568946e-06
4.0 0.02 0.792 fe58 58 9.9065383e-06
4.0 0.02 0.792 fe59 59 4.8292753e-39
4.0 0.02 0.792 fe60 60 3.6433738e-07
4.0 0.02 0.792 fe61 61 0.0
4.0 0.02 0.792 co59 59 1.968906e-06
4.0 0.02 0.792 co60 60 1.3093894e-12
4.0 0.02 0.792 co61 61 0.0
4.0 0.02 0.792 ni58 58 -1.7687562e-06
4.0 0.02 0.792 ni59 59 1.4749166e-07
4.0 0.02 0.792 ni60 60 5.9991726e-07
4.0 0.02 0.792 ni61 61 1.0845442e-05
4.0 0.02 0.792 ni62 62 -8.9154391e-06
4.5 0.02 0.852 g 1 3.5865554e-07
4.5 0.02 0.852 n 1 0.0
4.5 0.02 0.852 p 1 -0.10856915
4.5 0.02 0.852 d 2 2.0578502e-17
4.5 0.02 0.852 he3 3 0.00016707343
4.5 0.02 0.852 he4 4 0.094339252
4.5 0.02 0.852 li7 7 -5.8263439e-10
4.5 0.02 0.852 be7 7 1.8476388e-09
4.5 0.02 0.852 b8 8 9.1175547e-25
4.5 0.02 0.852 c12 12 0.0084799454
4.5 0.02 0.852 c13 13 0.00028020347
4.5 0.02 0.852 c14 14 3.5271185e-08
4.5 0.02 0.852 n13 13 0.0
4.5 0.02 0.852 n14 14 0.006426468
4.5 0.02 0.852 n15 15 -1.5236967e-05
4.5 0.02 0.852 o14 14 0.0
4.5 0.02 0.852 o15 15 0.0
4.5 0.02 0.852 o16 16 -0.0023379698
4.5 0.02 0.852 o17 17 4.3292537e-05
4.5 0.02 0.852 o18 18 -2.569543e-05
4.5 0.02 0.852 o19 19 0.0
4.5 0.02 0.852 f17 17 0.0
4.5 0.02 0.852 f18 18 0.0
4.5 0.02 0.852 f19 19 1.9428794e-06
4.5 0.02 0.852 f20 20 0.0
4.5 0.02 0.852 ne19 19 0.0
4.5 0.02 0.852 ne20 20 -4.4759363e-06
4.5 0.02 0.852 ne21 21 3.7716272e-06
4.5 0.02 0.852 ne22 22 0.00098975888
4.5 0.02 0.852 ne23 23 0.0
4.5 0.02 0.852 na21 21 0.0
4.5 0.02 0.852 na22 22 2.5108379e-14
4.5 0.02 0.852 na23 23 6.6935623e-05
4.5 0.02 0.852 na24 24 0.0
4.5 0.02 0.852 mg23 23 0.0
4.5 0.02 0.852 mg24 24 -2.1691434e-05
4.5 0.02 0.852 mg25 25 5.9731421e-05
4.5 0.02 0.852 mg26 26 9.5649593e-05
4.5 0.02 0.852 mg27 27 0.0
4.5 0.02 0.852 al25 25 0.0
4.5 0.02 0.852 al-6 26 4.3342888e-07
4.5 0.02 0.852 al*6 26 0.0
4.5 0.02 0.852 al27 27 1.1433862e-05
4.5 0.02 0.852 al28 28 0.0
4.5 0.02 0.852 si27 27 0.0
4.5 0.02 0.852 si28 28 2.0680018e-06
4.5 0.02 0.852 si29 29 1.5004625e-06
4.5 0.02 0.852 si30 30 3.3774704e-06
4.5 0.02 0.852 si31 31 0.0
4.5 0.02 0.852 si32 32 2.1223813e-12
4.5 0.02 0.852 si33 33 0.0
4.5 0.02 0.852 p29 29 0.0
4.5 0.02 0.852 p30 30 0.0
4.5 0.02 0.852 p31 31 4.3251021e-07
4.5 0.02 0.852 p32 32 5.4180335e-16
4.5 0.02 0.852 p33 33 2.6094121e-29
4.5 0.02 0.852 p34 34 0.0
4.5 0.02 0.852 s32 32 -2.8749928e-06
4.5 0.02 0.852 s33 33 1.7591083e-07
4.5 0.02 0.852 s34 34 8.6438376e-08
4.5 0.02 0.852 s35 35 1.2477376e-07
4.5 0.02 0.852 fe54 54 -2.7003116e-06
4.5 0.02 0.852 fe55 55 4.3256841e-07
4.5 0.02 0.852 fe56 56 -2.4126377e-05
4.5 0.02 0.852 fe57 57 6.5229033e-06
4.5 0.02 0.852 fe58 58 1.3593409e-05
4.5 0.02 0.852 fe59 59 1.598365e-30
4.5 0.02 0.852 fe60 60 1.3121596e-06
4.5 0.02 0.852 fe61 61 0.0
4.5 0.02 0.852 co59 59 3.3257884e-06
4.5 0.02 0.852 co60 60 5.1347867e-12
4.5 0.02 0.852 co61 61 0.0
4.5 0.02 0.852 ni58 58 -1.9584986e-06
4.5 0.02 0.852 ni59 59 1.0901834e-07
4.5 0.02 0.852 ni60 60 9.2805567e-07
4.5 0.02 0.852 ni61 61 1.418697e-05
4.5 0.02 0.852 ni62 62 -1.0136855e-05
5.0 0.02 0.879 g 1 4.4718743e-07
5.0 0.02 0.879 n 1 0.0
5.0 0.02 0.879 p 1 -0.18210173
5.0 0.02 0.879 d 2 2.0493347e-17
5.0 0.02 0.879 he3 3 8.2513085e-05
5.0 0.02 0.879 he4 4 0.16751575
5.0 0.02 0.879 li7 7 1.6384959e-08
5.0 0.02 0.879 be7 7 3.4971883e-08
5.0 0.02 0.879 b8 8 1.1355081999999999e-23
5.0 0.02 0.879 c12 12 0.0028058589
5.0 0.02 0.879 c13 13 0.0023990043
5.0 0.02 0.879 c14 14 2.8147257e-08
5.0 0.02 0.879 n13 13 0.0
5.0 0.02 0.879 n14 14 0.01186895
5.0 0.02 0.879 n15 15 -1.7645554e-05
5.0 0.02 0.879 o14 14 0.0
5.0 0.02 0.879 o15 15 0.0
5.0 0.02 0.879 o16 16 -0.0036415346
5.0 0.02 0.879 o17 17 3.8953483e-05
5.0 0.02 0.879 o18 18 -8.8505869e-05
5.0 0.02 0.879 o19 19 0.0
5.0 0.02 0.879 f17 17 0.0
5.0 0.02 0.879 f18 18 0.0
5.0 0.02 0.879 f19 19 1.9311406e-06
5.0 0.02 0.879 f20 20 0.0
5.0 0.02 0.879 ne19 19 0.0
5.0 0.02 0.879 ne20 20 -8.6394139e-06
5.0 0.02 0.879 ne21 21 5.1854495e-06
5.0 0.02 0.879 ne22 22 0.00087893405
5.0 0.02 0.879 ne23 23 0.0
5.0 0.02 0.879 na21 21 0.0
5.0 0.02 0.879 na22 22 3.5760291e-11
5.0 0.02 0.879 na23 23 8.9715104e-05
5.0 0.02 0.879 na24 24 0.0
5.0 0.02 0.879 mg23 23 0.0
5.0 0.02 0.879 mg24 24 -2.2447202e-05
5.0 0.02 0.879 mg25 25 5.7120254e-05
5.0 0.02 0.879 mg26 26 0.00011291559
5.0 0.02 0.879 mg27 27 0.0
5.0 0.02 0.879 al25 25 0.0
5.0 0.02 0.879 al-6 26 5.9328022e-07
5.0 0.02 0.879 al*6 26 0.0
5.0 0.02 0.879 al27 27 1.3642304e-05
5.0 0.02 0.879 al28 28 0.0
5.0 0.02 0.879 si27 27 0.0
5.0 0.02 0.879 si28 28 3.3699907e-06
5.0 0.02 0.879 si29 29 1.6814301e-06
5.0 0.02 0.879 si30 30 3.7196005e-06
5.0 0.02 0.879 si31 31 0.0
5.0 0.02 0.879 si32 32 3.1991913e-12
5.0 0.02 0.879 si33 33 0.0
5.0 0.02 0.879 p29 29 0.0
5.0 0.02 0.879 p30 30 0.0
5.0 0.02 0.879 p31 31 5.1864481e-07
5.0 0.02 0.879 p32 32 8.166922300000001e-16
5.0 0.02 0.879 p33 33 1.8566409e-29
5.0 0.02 0.879 p34 34 0.0
5.0 0.02 0.879 s32 32 -3.2059615e-06
5.0 0.02 0.879 s33 33 1.6120703e-07
5.0 0.02 0.879 s34 34 3.783498e-08
5.0 0.02 0.879 s35 35 1.3695055e-07
5.0 0.02 0.879 fe54 54 -2.6985072e-06
5.0 0.02 0.879 fe55 55 3.6583288e-07
5.0 0.02 0.879 fe56 56 -2.552988e-05
5.0 0.02 0.879 fe57 57 5.9144513e-06
5.0 0.02 0.879 fe58 58 1.3880901e-05
5.0 0.02 0.879 fe59 59 2.5103355000000002e-27
5.0 0.02 0.879 fe60 60 1.6553116e-06
5.0 0.02 0.879 fe61 61 0.0
5.0 0.02 0.879 co59 59 3.5925614e-06
5.0 0.02 0.879 co60 60 1.8019398e-11
5.0 0.02 0.879 co61 61 0.0
5.0 0.02 0.879 ni58 58 -1.9454455e-06
5.0 0.02 0.879 ni59 59 9.0929049e-08
5.0 0.02 0.879 ni60 60 1.028071e-06
5.0 0.02 0.879 ni61 61 1.6303247e-05
5.0 0.02 0.879 ni62 62 -1.1451009e-05
5.5 0.02 0.9 g 1 1.0738543e-06
5.5 0.02 0.9 n 1 0.0
5.5 0.02 0.9 p 1 -0.27536535
5.5 0.02 0.9 d 2 2.190227e-17
5.5 0.02 0.9 he3 3 7.2914613e-06
5.5 0.02 0.9 he4 4 0.25146484
5.5 0.02 0.9 li7 7 3.672266e-09
5.5 0.02 0.9 be7 7 1.7811663e-08
5.5 0.02 0.9 b8 8 4.9180732e-24
5.5 0.02 0.9 c12 12 -0.0064643733
5.5 0.02 0.9 c13 13 0.00059842208
5.5 0.02 0.9 c14 14 2.5392032e-08
5.5 0.02 0.9 n13 13 0.0
5.5 0.02 0.9 n14 14 0.033982065
5.5 0.02 0.9 n15 15 -1.9292411e-05
5.5 0.02 0.9 o14 14 0.0
5.5 0.02 0.9 o15 15 0.0
5.5 0.02 0.9 o16 16 -0.0059875026
5.5 0.02 0.9 o17 17 6.5716325e-05
5.5 0.02 0.9 o18 18 -9.9151795e-05
5.5 0.02 0.9 o19 19 0.0
5.5 0.02 0.9 f17 17 0.0
5.5 0.02 0.9 f18 18 0.0
5.5 0.02 0.9 f19 19 3.2392188e-07
5.5 0.02 0.9 f20 20 0.0
5.5 0.02 0.9 ne19 19 0.0
5.5 0.02 0.9 ne20 20 -6.5225177e-06
5.5 0.02 0.9 ne21 21 -1.7143713e-05
5.5 0.02 0.9 ne22 22 0.0013008111
5.5 0.02 0.9 ne23 23 0.0
5.5 0.02 0.9 na21 21 0.0
5.5 0.02 0.9 na22 22 1.2230479e-10
5.5 0.02 0.9 na23 23 0.00011187007
5.5 0.02 0.9 na24 24 0.0
5.5 0.02 0.9 mg23 23 0.0
5.5 0.02 0.9 mg24 24 -3.8805418e-05
5.5 0.02 0.9 mg25 25 0.00014545268
5.5 0.02 0.9 mg26 26 0.00026879981
5.5 0.02 0.9 mg27 27 0.0
5.5 0.02 0.9 al25 25 0.0
5.5 0.02 0.9 al-6 26 2.5852269e-06
5.5 0.02 0.9 al*6 26 0.0
5.5 0.02 0.9 al27 27 2.4487439e-05
5.5 0.02 0.9 al28 28 0.0
5.5 0.02 0.9 si27 27 0.0
5.5 0.02 0.9 si28 28 1.1283206e-05
5.5 0.02 0.9 si29 29 3.9989973e-06
5.5 0.02 0.9 si30 30 8.5095453e-06
5.5 0.02 0.9 si31 31 0.0
5.5 0.02 0.9 si32 32 1.3405524e-11
5.5 0.02 0.9 si33 33 0.0
5.5 0.02 0.9 p29 29 0.0
5.5 0.02 0.9 p30 30 0.0
5.5 0.02 0.9 p31 31 1.4166835e-06
5.5 0.02 0.9 p32 32 3.422174e-15
5.5 0.02 0.9 p33 33 3.2500603e-25
5.5 0.02 0.9 p34 34 0.0
5.5 0.02 0.9 s32 32 -6.5360218e-06
5.5 0.02 0.9 s33 33 2.1439701e-07
5.5 0.02 0.9 s34 34 1.8981518e-07
5.5 0.02 0.9 s35 35 3.0923505e-07
5.5 0.02 0.9 fe54 54 -4.5354536e-06
5.5 0.02 0.9 fe55 55 4.2869235e-07
5.5 0.02 0.9 fe56 56 -4.8796646e-05
5.5 0.02 0.9 fe57 57 7.2720723e-06
5.5 0.02 0.9 fe58 58 2.4472734e-05
5.5 0.02 0.9 fe59 59 1.5295932999999999e-25
5.5 0.02 0.9 fe60 60 5.6488143e-06
5.5 0.02 0.9 fe61 61 0.0
5.5 0.02 0.9 co59 59 7.5940297e-06
5.5 0.02 0.9 co60 60 2.1456999e-11
5.5 0.02 0.9 co61 61 0.0
5.5 0.02 0.9 ni58 58 -3.180292e-06
5.5 0.02 0.9 ni59 59 6.041342e-08
5.5 0.02 0.9 ni60 60 2.105131e-06
5.5 0.02 0.9 ni61 61 2.5340734e-05
5.5 0.02 0.9 ni62 62 -1.2780724e-05
6.0 0.02 0.929 g 1 1.1030306e-06
6.0 0.02 0.929 n 1 0.0
6.0 0.02 0.929 p 1 -0.35153508
6.0 0.02 0.929 d 2 2.3496643e-17
6.0 0.02 0.929 he3 3 4.2861561e-06
6.0 0.02 0.929 he4 4 0.33132911
6.0 0.02 0.929 li7 7 -5.2216897e-10
6.0 0.02 0.929 be7 7 1.3017448e-08
6.0 0.02 0.929 b8 8 4.0454085e-24
6.0 0.02 0.929 c12 12 -0.0098591922
6.0 0.02 0.929 c13 13 0.00055452099
6.0 0.02 0.929 c14 14 1.5680795e-08
6.0 0.02 0.929 n13 13 0.0
6.0 0.02 0.929 n14 14 0.036215514
6.0 0.02 0.929 n15 15 -2.1228854e-05
6.0 0.02 0.929 o14 14 0.0
6.0 0.02 0.929 o15 15 0.0
6.0 0.02 0.929 o16 16 -0.0080333613
6.0 0.02 0.929 o17 17 8.2872415e-05
6.0 0.02 0.929 o18 18 -0.00010929427
6.0 0.02 0.929 o19 19 0.0
6.0 0.02 0.929 f17 17 0.0
6.0 0.02 0.929 f18 18 0.0
6.0 0.02 0.929 f19 19 -8.1328005e-07
6.0 0.02 0.929 f20 20 0.0
6.0 0.02 0.929 ne19 19 0.0
6.0 0.02 0.929 ne20 20 -1.3670884e-05
6.0 0.02 0.929 ne21 21 -1.9688578e-05
6.0 0.02 0.929 ne22 22 0.00089751289
6.0 0.02 0.929 ne23 23 0.0
6.0 0.02 0.929 na21 21 0.0
6.0 0.02 0.929 na22 22 1.7932399e-10
6.0 0.02 0.929 na23 23 0.00013130993
6.0 0.02 0.929 na24 24 0.0
6.0 0.02 0.929 mg23 23 0.0
6.0 0.02 0.929 mg24 24 -5.104579e-05
6.0 0.02 0.929 mg25 25 0.00012707722
6.0 0.02 0.929 mg26 26 0.0002466338
6.0 0.02 0.929 mg27 27 0.0
6.0 0.02 0.929 al25 25 0.0
6.0 0.02 0.929 al-6 26 3.7120067e-06
6.0 0.02 0.929 al*6 26 0.0
6.0 0.02 0.929 al27 27 2.1214364e-05
6.0 0.02 0.929 al28 28 0.0
6.0 0.02 0.929 si27 27 0.0
6.0 0.02 0.929 si28 28 1.2948411e-05
6.0 0.02 0.929 si29 29 3.68357e-06
6.0 0.02 0.929 si30 30 7.4286436e-06
6.0 0.02 0.929 si31 31 0.0
6.0 0.02 0.929 si32 32 4.0523175e-11
6.0 0.02 0.929 si33 33 0.0
6.0 0.02 0.929 p29 29 0.0
6.0 0.02 0.929 p30 30 0.0
6.0 0.02 0.929 p31 31 1.3319404e-06
6.0 0.02 0.929 p32 32 1.0344791e-14
6.0 0.02 0.929 p33 33 4.2265586e-24
6.0 0.02 0.929 p34 34 0.0
6.0 0.02 0.929 s32 32 -5.6903809e-06
6.0 0.02 0.929 s33 33 1.6694685e-07
6.0 0.02 0.929 s34 34 5.6053977e-08
6.0 0.02 0.929 s35 35 2.6560181e-07
6.0 0.02 0.929 fe54 54 -3.9213628e-06
6.0 0.02 0.929 fe55 55 5.6722286e-07
6.0 0.02 0.929 fe56 56 -4.0950719e-05
6.0 0.02 0.929 fe57 57 5.790338e-06
6.0 0.02 0.929 fe58 58 1.9372133e-05
6.0 0.02 0.929 fe59 59 3.1945281000000003e-24
6.0 0.02 0.929 fe60 60 4.7137009e-06
6.0 0.02 0.929 fe61 61 0.0
6.0 0.02 0.929 co59 59 6.1119699e-06
6.0 0.02 0.929 co60 60 5.7648591e-10
6.0 0.02 0.929 co61 61 0.0
6.0 0.02 0.929 ni58 58 -2.6465859e-06
6.0 0.02 0.929 ni59 59 5.421958e-08
6.0 0.02 0.929 ni60 60 1.6924387e-06
6.0 0.02 0.929 ni61 61 2.5597663e-05
6.0 0.02 0.929 ni62 62 -1.4090417e-05
6.5 0.02 0.963 g 1 1.2060456e-06
6.5 0.02 0.963 n 1 0.0
6.5 0.02 0.963 p 1 -0.41974473
6.5 0.02 0.963 d 2 2.4562438e-17
6.5 0.02 0.963 he3 3 4.4275466e-06
6.5 0.02 0.963 he4 4 0.40244138
6.5 0.02 0.963 li7 7 2.1302835e-09
6.5 0.02 0.963 be7 7 1.6748201e-08
6.5 0.02 0.963 b8 8 1.0242085e-23
6.5 0.02 0.963 c12 12 -0.011247234
6.5 0.02 0.963 c13 13 0.00053138018
6.5 0.02 0.963 c14 14 1.1729933e-08
6.5 0.02 0.963 n13 13 0.0
6.5 0.02 0.963 n14 14 0.03658691
6.5 0.02 0.963 n15 15 -2.3140423e-05
6.5 0.02 0.963 o14 14 0.0
6.5 0.02 0.963 o15 15 0.0
6.5 0.02 0.963 o16 16 -0.0096593946
6.5 0.02 0.963 o17 17 0.00010507859
6.5 0.02 0.963 o18 18 -0.00011931092
6.5 0.02 0.963 o19 19 0.0
6.5 0.02 0.963 f17 17 0.0
6.5 0.02 0.963 f18 18 0.0
6.5 0.02 0.963 f19 19 -1.1923536e-06
6.5 0.02 0.963 f20 20 0.0
6.5 0.02 0.963 ne19 19 0.0
6.5 0.02 0.963 ne20 20 -1.4212914e-05
6.5 0.02 0.963 ne21 21 -2.1590929e-05
6.5 0.02 0.963 ne22 22 0.00063960126
6.5 0.02 0.963 ne23 23 0.0
6.5 0.02 0.963 na21 21 0.0
6.5 0.02 0.963 na22 22 3.8961484e-10
6.5 0.02 0.963 na23 23 0.00014863118
6.5 0.02 0.963 na24 24 0.0
6.5 0.02 0.963 mg23 23 0.0
6.5 0.02 0.963 mg24 24 -8.1943581e-05
6.5 0.02 0.963 mg25 25 0.00014948999
6.5 0.02 0.963 mg26 26 0.00025629048
6.5 0.02 0.963 mg27 27 0.0
6.5 0.02 0.963 al25 25 0.0
6.5 0.02 0.963 al-6 26 4.5581028e-06
6.5 0.02 0.963 al*6 26 0.0
6.5 0.02 0.963 al27 27 1.7154642e-05
6.5 0.02 0.963 al28 28 0.0
6.5 0.02 0.963 si27 27 0.0
6.5 0.02 0.963 si28 28 1.4664605e-05
6.5 0.02 0.963 si29 29 3.7112623e-06
6.5 0.02 0.963 si30 30 7.2415569e-06
6.5 0.02 0.963 si31 31 0.0
6.5 0.02 0.963 si32 32 1.6725343e-11
6.5 0.02 0.963 si33 33 0.0
6.5 0.02 0.963 p29 29 0.0
6.5 0.02 0.963 p30 30 0.0
6.5 0.02 0.963 p31 31 1.4057769e-06
6.5 0.02 0.963 p32 32 4.2696597e-15
6.5 0.02 0.963 p33 33 1.3261984e-23
6.5 0.02 0.963 p34 34 0.0
6.5 0.02 0.963 s32 32 -5.181646e-06
6.5 0.02 0.963 s33 33 1.3703902e-07
6.5 0.02 0.963 s34 34 8.7195076e-08
6.5 0.02 0.963 s35 35 2.5474813e-07
6.5 0.02 0.963 fe54 54 -3.6705751e-06
6.5 0.02 0.963 fe55 55 7.9127773e-07
6.5 0.02 0.963 fe56 56 -3.6593992e-05
6.5 0.02 0.963 fe57 57 4.8385846e-06
6.5 0.02 0.963 fe58 58 1.6202617e-05
6.5 0.02 0.963 fe59 59 9.072984900000002e-22
6.5 0.02 0.963 fe60 60 5.0153758e-06
6.5 0.02 0.963 fe61 61 0.0
6.5 0.02 0.963 co59 59 5.4513148e-06
6.5 0.02 0.963 co60 60 4.5025868e-11
6.5 0.02 0.963 co61 61 0.0
6.5 0.02 0.963 ni58 58 -2.3398024e-06
6.5 0.02 0.963 ni59 59 4.5547235e-08
6.5 0.02 0.963 ni60 60 1.4220277e-06
6.5 0.02 0.963 ni61 61 2.6596821e-05
6.5 0.02 0.963 ni62 62 -1.5384476e-05
