1.0 0.0001 0.72 g 1 5.8190168e-09
1.0 0.0001 0.72 n 1 -3.253815e-42
1.0 0.0001 0.72 p 1 -0.0056426227
1.0 0.0001 0.72 d 2 1.2029389e-18
1.0 0.0001 0.72 he3 3 7.3368217e-05
1.0 0.0001 0.72 he4 4 0.0053025037
1.0 0.0001 0.72 li7 7 -4.0133386e-10
1.0 0.0001 0.72 be7 7 4.8812399e-12
1.0 0.0001 0.72 b8 8 3.384325e-27
1.0 0.0001 0.72 c12 12 0.00025033855
1.0 0.0001 0.72 c13 13 1.9700323e-07
1.0 0.0001 0.72 c14 14 -1.6877937e-11
1.0 0.0001 0.72 n13 13 0.0
1.0 0.0001 0.72 n14 14 4.0191212e-06
1.0 0.0001 0.72 n15 15 2.7312108e-10
1.0 0.0001 0.72 o14 14 0.0
1.0 0.0001 0.72 o15 15 0.0
1.0 0.0001 0.72 o16 16 1.1374957e-05
1.0 0.0001 0.72 o17 17 7.2523612e-08
1.0 0.0001 0.72 o18 18 -4.2593982e-09
1.0 0.0001 0.72 o19 19 0.0
1.0 0.0001 0.72 f17 17 0.0
1.0 0.0001 0.72 f18 18 0.0
1.0 0.0001 0.72 f19 19 5.2945182e-09
1.0 0.0001 0.72 f20 20 0.0
1.0 0.0001 0.72 ne19 19 0.0
1.0 0.0001 0.72 ne20 20 1.8451033e-07
1.0 0.0001 0.72 ne21 21 2.4603274e-08
1.0 0.0001 0.72 ne22 22 1.1070939e-06
1.0 0.0001 0.72 ne23 23 0.0
1.0 0.0001 0.72 na21 21 0.0
1.0 0.0001 0.72 na22 22 1.4535642e-24
1.0 0.0001 0.72 na23 23 3.1468911e-08
1.0 0.0001 0.72 na24 24 0.0
1.0 0.0001 0.72 mg23 23 0.0
1.0 0.0001 0.72 mg24 24 8.2501401e-09
1.0 0.0001 0.72 mg25 25 1.9257698e-09
1.0 0.0001 0.72 mg26 26 1.0841838e-08
1.0 0.0001 0.72 mg27 27 0.0
1.0 0.0001 0.72 al25 25 0.0
1.0 0.0001 0.72 al-6 26 1.2656813e-10
1.0 0.0001 0.72 al*6 26 0.0
1.0 0.0001 0.72 al27 27 3.2148861e-09
1.0 0.0001 0.72 al28 28 0.0
1.0 0.0001 0.72 si27 27 0.0
1.0 0.0001 0.72 si28 28 5.6614908e-09
1.0 0.0001 0.72 si29 29 5.1394622e-10
1.0 0.0001 0.72 si30 30 1.7805739e-09
1.0 0.0001 0.72 si31 31 0.0
1.0 0.0001 0.72 si32 32 5.740049000000001e-16
1.0 0.0001 0.72 si33 33 0.0
1.0 0.0001 0.72 p29 29 0.0
1.0 0.0001 0.72 p30 30 0.0
1.0 0.0001 0.72 p31 31 2.4702835e-09
1.0 0.0001 0.72 p32 32 1.4653249e-19
1.0 0.0001 0.72 p33 33 0.0
1.0 0.0001 0.72 p34 34 0.0
1.0 0.0001 0.72 s32 32 -4.8612492e-10
1.0 0.0001 0.72 s33 33 1.1417978e-11
1.0 0.0001 0.72 s34 34 9.5042196e-11
1.0 0.0001 0.72 s35 35 1.8549981e-10
1.0 0.0001 0.72 fe54 54 -3.7217518e-10
1.0 0.0001 0.72 fe55 55 1.2895956e-12
1.0 0.0001 0.72 fe56 56 -5.5406417e-09
1.0 0.0001 0.72 fe57 57 -2.5224267e-12
1.0 0.0001 0.72 fe58 58 6.2737904e-10
1.0 0.0001 0.72 fe59 59 0.0
1.0 0.0001 0.72 fe60 60 8.4110517e-11
1.0 0.0001 0.72 fe61 61 0.0
1.0 0.0001 0.72 co59 59 1.8350832e-10
1.0 0.0001 0.72 co60 60 2.9558207000000003e-16
1.0 0.0001 0.72 co61 61 0.0
1.0 0.0001 0.72 ni58 58 -2.5887203e-10
1.0 0.0001 0.72 ni59 59 -4.599462e-16
1.0 0.0001 0.72 ni60 60 1.0275514e-10
1.0 0.0001 0.72 ni61 61 7.9472349e-09
1.0 0.0001 0.72 ni62 62 -2.2508742e-09
1.25 0.0001 0.668 g 1 4.8815485e-09
1.25 0.0001 0.668 n 1 0.0
1.25 0.0001 0.668 p 1 -0.029883474
1.25 0.0001 0.668 d 2 2.7917968e-18
1.25 0.0001 0.668 he3 3 0.00013304637
1.25 0.0001 0.668 he4 4 0.025842562
1.25 0.0001 0.668 li7 7 -9.5209463e-10
1.25 0.0001 0.668 be7 7 5.6262053e-13
1.25 0.0001 0.668 b8 8 1.479327e-26
1.25 0.0001 0.668 c12 12 0.0037244316
1.25 0.0001 0.668 c13 13 4.8372362e-07
1.25 0.0001 0.668 c14 14 2.7769462e-10
1.25 0.0001 0.668 n13 13 0.0
1.25 0.0001 0.668 n14 14 1.9784671e-05
1.25 0.0001 0.668 n15 15 1.540462e-09
1.25 0.0001 0.668 o14 14 0.0
1.25 0.0001 0.668 o15 15 0.0
1.25 0.0001 0.668 o16 16 9.5367177e-05
1.25 0.0001 0.668 o17 17 7.6329478e-08
1.25 0.0001 0.668 o18 18 -1.5389304e-08
1.25 0.0001 0.668 o19 19 0.0
1.25 0.0001 0.668 f17 17 0.0
1.25 0.0001 0.668 f18 18 0.0
1.25 0.0001 0.668 f19 19 1.5878395e-07
1.25 0.0001 0.668 f20 20 0.0
1.25 0.0001 0.668 ne19 19 0.0
1.25 0.0001 0.668 ne20 20 3.8050712e-07
1.25 0.0001 0.668 ne21 21 4.5123549e-08
1.25 0.0001 0.668 ne22 22 6.5351633e-05
1.25 0.0001 0.668 ne23 23 0.0
1.25 0.0001 0.668 na21 21 0.0
1.25 0.0001 0.668 na22 22 1.189212e-31
1.25 0.0001 0.668 na23 23 2.7230726e-07
1.25 0.0001 0.668 na24 24 0.0
1.25 0.0001 0.668 mg23 23 0.0
1.25 0.0001 0.668 mg24 24 2.5938562e-08
1.25 0.0001 0.668 mg25 25 1.447294e-07
1.25 0.0001 0.668 mg26 26 1.4009277e-07
1.25 0.0001 0.668 mg27 27 0.0
1.25 0.0001 0.668 al25 25 0.0
1.25 0.0001 0.668 al-6 26 9.1887464e-10
1.25 0.0001 0.668 al*6 26 0.0
1.25 0.0001 0.668 al27 27 1.8154338e-08
1.25 0.0001 0.668 al28 28 0.0
1.25 0.0001 0.668 si27 27 0.0
1.25 0.0001 0.668 si28 28 1.3693807e-08
1.25 0.0001 0.668 si29 29 1.8436239e-09
1.25 0.0001 0.668 si30 30 5.2428817e-09
1.25 0.0001 0.668 si31 31 0.0
1.25 0.0001 0.668 si32 32 1.4767257e-17
1.25 0.0001 0.668 si33 33 0.0
1.25 0.0001 0.668 p29 29 0.0
1.25 0.0001 0.668 p30 30 0.0
1.25 0.0001 0.668 p31 31 4.3550408e-09
1.25 0.0001 0.668 p32 32 3.7697989000000004e-21
1.25 0.0001 0.668 p33 33 0.0
1.25 0.0001 0.668 p34 34 0.0
1.25 0.0001 0.668 s32 32 -4.123649e-09
1.25 0.0001 0.668 s33 33 1.9077717e-10
1.25 0.0001 0.668 s34 34 5.1727511e-11
1.25 0.0001 0.668 s35 35 3.0293373e-10
1.25 0.0001 0.668 fe54 54 -3.3982417e-09
1.25 0.0001 0.668 fe55 55 8.0056201e-10
1.25 0.0001 0.668 fe56 56 -2.9760031e-08
1.25 0.0001 0.668 fe57 57 6.189012e-09
1.25 0.0001 0.668 fe58 58 8.2146352e-09
1.25 0.0001 0.668 fe59 59 9.130019999999999e-41
1.25 0.0001 0.668 fe60 60 6.0132255e-10
1.25 0.0001 0.668 fe61 61 0.0
1.25 0.0001 0.668 co59 59 1.8803004e-09
1.25 0.0001 0.668 co60 60 2.1131761e-15
1.25 0.0001 0.668 co61 61 0.0
1.25 0.0001 0.668 ni58 58 -2.3641462e-09
1.25 0.0001 0.668 ni59 59 2.6009075e-11
1.25 0.0001 0.668 ni60 60 1.2006431e-09
1.25 0.0001 0.668 ni61 61 2.4354311e-08
1.25 0.0001 0.668 ni62 62 -5.5364615e-09
1.5 0.0001 0.661 g 1 2.6394186e-08
1.5 0.0001 0.661 n 1 0.0
1.5 0.0001 0.661 p 1 -0.058753908
1.5 0.0001 0.661 d 2 4.7256554999999996e-18
1.5 0.0001 0.661 he3 3 0.00016939414
1.5 0.0001 0.661 he4 4 0.046112388
1.5 0.0001 0.661 li7 7 -1.4092864e-09
1.5 0.0001 0.661 be7 7 5.1079388e-13
1.5 0.0001 0.661 b8 8 3.1391580000000003e-27
1.5 0.0001 0.661 c12 12 0.011603115
1.5 0.0001 0.661 c13 13 8.931267e-07
1.5 0.0001 0.661 c14 14 1.4827167e-09
1.5 0.0001 0.661 n13 13 0.0
1.5 0.0001 0.661 n14 14 3.9850747e-05
1.5 0.0001 0.661 n15 15 2.2592836e-08
1.5 0.0001 0.661 o14 14 0.0
1.5 0.0001 0.661 o15 15 0.0
1.5 0.0001 0.661 o16 16 0.00027543955
1.5 0.0001 0.661 o17 17 3.1524704e-07
1.5 0.0001 0.661 o18 18 -2.5829607e-08
1.5 0.0001 0.661 o19 19 0.0
1.5 0.0001 0.661 f17 17 0.0
1.5 0.0001 0.661 f18 18 0.0
1.5 0.0001 0.661 f19 19 1.2515054e-06
1.5 0.0001 0.661 f20 20 0.0
1.5 0.0001 0.661 ne19 19 0.0
1.5 0.0001 0.661 ne20 20 4.2314559e-06
1.5 0.0001 0.661 ne21 21 1.789634e-07
1.5 0.0001 0.661 ne22 22 0.00053850829
1.5 0.0001 0.661 ne23 23 0.0
1.5 0.0001 0.661 na21 21 0.0
1.5 0.0001 0.661 na22 22 1.6641301e-28
1.5 0.0001 0.661 na23 23 4.4200401e-06
1.5 0.0001 0.661 na24 24 0.0
1.5 0.0001 0.661 mg23 23 0.0
1.5 0.0001 0.661 mg24 24 4.907597e-07
1.5 0.0001 0.661 mg25 25 1.8299381e-06
1.5 0.0001 0.661 mg26 26 1.7451263e-06
1.5 0.0001 0.661 mg27 27 0.0
1.5 0.0001 0.661 al25 25 0.0
1.5 0.0001 0.661 al-6 26 1.6035923e-09
1.5 0.0001 0.661 al*6 26 0.0
1.5 0.0001 0.661 al27 27 4.0458161e-08
1.5 0.0001 0.661 al28 28 0.0
1.5 0.0001 0.661 si27 27 0.0
1.5 0.0001 0.661 si28 28 2.1499545e-08
1.5 0.0001 0.661 si29 29 5.2830131e-09
1.5 0.0001 0.661 si30 30 1.6755607e-08
1.5 0.0001 0.661 si31 31 0.0
1.5 0.0001 0.661 si32 32 7.0364099e-17
1.5 0.0001 0.661 si33 33 0.0
1.5 0.0001 0.661 p29 29 0.0
1.5 0.0001 0.661 p30 30 0.0
1.5 0.0001 0.661 p31 31 1.58078e-08
1.5 0.0001 0.661 p32 32 1.7962616e-20
1.5 0.0001 0.661 p33 33 0.0
1.5 0.0001 0.661 p34 34 0.0
1.5 0.0001 0.661 s32 32 -9.8165174e-09
1.5 0.0001 0.661 s33 33 7.3699624e-10
1.5 0.0001 0.661 s34 34 3.8130565e-10
1.5 0.0001 0.661 s35 35 1.1611125e-09
1.5 0.0001 0.661 fe54 54 -1.1268014e-08
1.5 0.0001 0.661 fe55 55 2.7753861e-09
1.5 0.0001 0.661 fe56 56 -8.9826244e-08
1.5 0.0001 0.661 fe57 57 2.4371275e-08
1.5 0.0001 0.661 fe58 58 3.17442e-08
1.5 0.0001 0.661 fe59 59 0.0
1.5 0.0001 0.661 fe60 60 8.1323182e-10
1.5 0.0001 0.661 fe61 61 0.0
1.5 0.0001 0.661 co59 59 6.7092332e-09
1.5 0.0001 0.661 co60 60 2.8578693e-15
1.5 0.0001 0.661 co61 61 0.0
1.5 0.0001 0.661 ni58 58 -7.9086249e-09
1.5 0.0001 0.661 ni59 59 1.7734895e-10
1.5 0.0001 0.661 ni60 60 3.0627447e-09
1.5 0.0001 0.661 ni61 61 5.4757948e-08
1.5 0.0001 0.661 ni62 62 -9.6225463e-09
1.75 0.0001 0.664 g 1 4.8138684e-08
1.75 0.0001 0.664 n 1 0.0
1.75 0.0001 0.664 p 1 -0.11293709
1.75 0.0001 0.664 d 2 6.601713599999999e-18
1.75 0.0001 0.664 he3 3 0.00018582352
1.75 0.0001 0.664 he4 4 0.086972579
1.75 0.0001 0.664 li7 7 -1.8799713e-09
1.75 0.0001 0.664 be7 7 8.5689187e-14
1.75 0.0001 0.664 b8 8 2.1030214e-28
1.75 0.0001 0.664 c12 12 0.023128891
1.75 0.0001 0.664 c13 13 1.1588018e-06
1.75 0.0001 0.664 c14 14 9.6263957e-09
1.75 0.0001 0.664 n13 13 0.0
1.75 0.0001 0.664 n14 14 5.3541313e-05
1.75 0.0001 0.664 n15 15 2.5382167e-08
1.75 0.0001 0.664 o14 14 0.0
1.75 0.0001 0.664 o15 15 0.0
1.75 0.0001 0.664 o16 16 0.00042637682
1.75 0.0001 0.664 o17 17 8.0698288e-07
1.75 0.0001 0.664 o18 18 -4.892361e-08
1.75 0.0001 0.664 o19 19 0.0
1.75 0.0001 0.664 f17 17 0.0
1.75 0.0001 0.664 f18 18 0.0
1.75 0.0001 0.664 f19 19 4.7968597e-06
1.75 0.0001 0.664 f20 20 0.0
1.75 0.0001 0.664 ne19 19 0.0
1.75 0.0001 0.664 ne20 20 2.2263119e-05
1.75 0.0001 0.664 ne21 21 7.5797942e-07
1.75 0.0001 0.664 ne22 22 0.0020745571
1.75 0.0001 0.664 ne23 23 0.0
1.75 0.0001 0.664 na21 21 0.0
1.75 0.0001 0.664 na22 22 5.1146179e-26
1.75 0.0001 0.664 na23 23 3.5481764e-05
1.75 0.0001 0.664 na24 24 0.0
1.75 0.0001 0.664 mg23 23 0.0
1.75 0.0001 0.664 mg24 24 4.2972561e-06
1.75 0.0001 0.664 mg25 25 1.2499558e-05
1.75 0.0001 0.664 mg26 26 1.2750495e-05
1.75 0.0001 0.664 mg27 27 0.0
1.75 0.0001 0.664 al25 25 0.0
1.75 0.0001 0.664 al-6 26 4.6806266e-09
1.75 0.0001 0.664 al*6 26 0.0
1.75 0.0001 0.664 al27 27 2.1924575e-07
1.75 0.0001 0.664 al28 28 0.0
1.75 0.0001 0.664 si27 27 0.0
1.75 0.0001 0.664 si28 28 5.581478e-08
1.75 0.0001 0.664 si29 29 1.4690059e-08
1.75 0.0001 0.664 si30 30 4.6769813e-08
1.75 0.0001 0.664 si31 31 0.0
1.75 0.0001 0.664 si32 32 2.4439852e-15
1.75 0.0001 0.664 si33 33 0.0
1.75 0.0001 0.664 p29 29 0.0
1.75 0.0001 0.664 p30 30 0.0
1.75 0.0001 0.664 p31 31 3.7681165e-08
1.75 0.0001 0.664 p32 32 6.2390299e-19
1.75 0.0001 0.664 p33 33 0.0
1.75 0.0001 0.664 p34 34 0.0
1.75 0.0001 0.664 s32 32 -2.6008138e-08
1.75 0.0001 0.664 s33 33 1.8178614e-09
1.75 0.0001 0.664 s34 34 3.2296157e-09
1.75 0.0001 0.664 s35 35 2.7036697e-09
1.75 0.0001 0.664 fe54 54 -2.808909e-08
1.75 0.0001 0.664 fe55 55 6.0903549e-09
1.75 0.0001 0.664 fe56 56 -2.2949962e-07
1.75 0.0001 0.664 fe57 57 6.4140153e-08
1.75 0.0001 0.664 fe58 58 9.3065552e-08
1.75 0.0001 0.664 fe59 59 0.0
1.75 0.0001 0.664 fe60 60 2.8951868e-09
1.75 0.0001 0.664 fe61 61 0.0
1.75 0.0001 0.664 co59 59 1.9390164e-08
1.75 0.0001 0.664 co60 60 1.0174298e-14
1.75 0.0001 0.664 co61 61 0.0
1.75 0.0001 0.664 ni58 58 -1.9953319e-08
1.75 0.0001 0.664 ni59 59 3.2769851e-10
1.75 0.0001 0.664 ni60 60 8.023946e-09
1.75 0.0001 0.664 ni61 61 1.1264506e-07
1.75 0.0001 0.664 ni62 62 -1.4918244e-08
1.9 0.0001 0.681 g 1 2.3209454e-08
1.9 0.0001 0.681 n 1 0.0
1.9 0.0001 0.681 p 1 -0.14084017
1.9 0.0001 0.681 d 2 7.235100699999999e-18
1.9 0.0001 0.681 he3 3 0.00018984062
1.9 0.0001 0.681 he4 4 0.10693604
1.9 0.0001 0.681 li7 7 -2.1489928e-09
1.9 0.0001 0.681 be7 7 4.5345065e-13
1.9 0.0001 0.681 b8 8 1.560331e-28
1.9 0.0001 0.681 c12 12 0.029669449
1.9 0.0001 0.681 c13 13 1.4229679e-06
1.9 0.0001 0.681 c14 14 1.4762727e-08
1.9 0.0001 0.681 n13 13 0.0
1.9 0.0001 0.681 n14 14 6.426622e-05
1.9 0.0001 0.681 n15 15 1.2573764e-08
1.9 0.0001 0.681 o14 14 0.0
1.9 0.0001 0.681 o15 15 0.0
1.9 0.0001 0.681 o16 16 0.00047838208
1.9 0.0001 0.681 o17 17 8.4707517e-07
1.9 0.0001 0.681 o18 18 -5.8744547e-08
1.9 0.0001 0.681 o19 19 0.0
1.9 0.0001 0.681 f17 17 0.0
1.9 0.0001 0.681 f18 18 0.0
1.9 0.0001 0.681 f19 19 7.8203793e-06
1.9 0.0001 0.681 f20 20 0.0
1.9 0.0001 0.681 ne19 19 0.0
1.9 0.0001 0.681 ne20 20 4.1891275e-05
1.9 0.0001 0.681 ne21 21 1.3447584e-06
1.9 0.0001 0.681 ne22 22 0.0033168944
1.9 0.0001 0.681 ne23 23 0.0
1.9 0.0001 0.681 na21 21 0.0
1.9 0.0001 0.681 na22 22 3.6981101e-24
1.9 0.0001 0.681 na23 23 6.7166242e-05
1.9 0.0001 0.681 na24 24 0.0
1.9 0.0001 0.681 mg23 23 0.0
1.9 0.0001 0.681 mg24 24 9.1721749e-06
1.9 0.0001 0.681 mg25 25 2.6183176e-05
1.9 0.0001 0.681 mg26 26 2.7986107e-05
1.9 0.0001 0.681 mg27 27 0.0
1.9 0.0001 0.681 al25 25 0.0
1.9 0.0001 0.681 al-6 26 8.8806145e-09
1.9 0.0001 0.681 al*6 26 0.0
1.9 0.0001 0.681 al27 27 5.6133979e-07
1.9 0.0001 0.681 al28 28 0.0
1.9 0.0001 0.681 si27 27 0.0
1.9 0.0001 0.681 si28 28 1.2716282e-07
1.9 0.0001 0.681 si29 29 2.217017e-08
1.9 0.0001 0.681 si30 30 5.4448194e-08
1.9 0.0001 0.681 si31 31 0.0
1.9 0.0001 0.681 si32 32 3.4088762000000004e-16
1.9 0.0001 0.681 si33 33 0.0
1.9 0.0001 0.681 p29 29 0.0
1.9 0.0001 0.681 p30 30 0.0
1.9 0.0001 0.681 p31 31 2.535112e-08
1.9 0.0001 0.681 p32 32 8.7022031e-20
1.9 0.0001 0.681 p33 33 0.0
1.9 0.0001 0.681 p34 34 0.0
1.9 0.0001 0.681 s32 32 -3.8425242e-08
1.9 0.0001 0.681 s33 33 2.4767193e-09
1.9 0.0001 0.681 s34 34 6.6347638e-10
1.9 0.0001 0.681 s35 35 2.2171038e-09
1.9 0.0001 0.681 fe54 54 -3.9442114e-08
1.9 0.0001 0.681 fe55 55 7.7875386e-09
1.9 0.0001 0.681 fe56 56 -3.1958143e-07
1.9 0.0001 0.681 fe57 57 9.3413689e-08
1.9 0.0001 0.681 fe58 58 1.5068115e-07
1.9 0.0001 0.681 fe59 59 2.9198332e-36
1.9 0.0001 0.681 fe60 60 6.0751719e-09
1.9 0.0001 0.681 fe61 61 0.0
1.9 0.0001 0.681 co59 59 3.2383845e-08
1.9 0.0001 0.681 co60 60 2.1349455e-14
1.9 0.0001 0.681 co61 61 0.0
1.9 0.0001 0.681 ni58 58 -2.815159e-08
1.9 0.0001 0.681 ni59 59 3.7736397e-10
1.9 0.0001 0.681 ni60 60 1.4300568e-08
1.9 0.0001 0.681 ni61 61 1.1718577e-07
1.9 0.0001 0.681 ni62 62 -1.6850011e-08
2.0 0.0001 0.685 g 1 6.9170651e-09
2.0 0.0001 0.685 n 1 0.0
2.0 0.0001 0.685 p 1 -0.17051715
2.0 0.0001 0.685 d 2 8.1625827e-18
2.0 0.0001 0.685 he3 3 0.00019862058
2.0 0.0001 0.685 he4 4 0.12915394
2.0 0.0001 0.685 li7 7 -2.379591e-09
2.0 0.0001 0.685 be7 7 1.4920014e-13
2.0 0.0001 0.685 b8 8 8.434366399999999e-29
2.0 0.0001 0.685 c12 12 0.035681147
2.0 0.0001 0.685 c13 13 1.520451e-06
2.0 0.0001 0.685 c14 14 2.7119089e-08
2.0 0.0001 0.685 n13 13 0.0
2.0 0.0001 0.685 n14 14 7.0844028e-05
2.0 0.0001 0.685 n15 15 -3.3453436e-09
2.0 0.0001 0.685 o14 14 0.0
2.0 0.0001 0.685 o15 15 0.0
2.0 0.0001 0.685 o16 16 0.00051547808
2.0 0.0001 0.685 o17 17 9.1153345e-07
2.0 0.0001 0.685 o18 18 -6.8500185e-08
2.0 0.0001 0.685 o19 19 0.0
2.0 0.0001 0.685 f17 17 0.0
2.0 0.0001 0.685 f18 18 0.0
2.0 0.0001 0.685 f19 19 1.098201e-05
2.0 0.0001 0.685 f20 20 0.0
2.0 0.0001 0.685 ne19 19 0.0
2.0 0.0001 0.685 ne20 20 6.2190818e-05
2.0 0.0001 0.685 ne21 21 2.2601437e-06
2.0 0.0001 0.685 ne22 22 0.0045928122
2.0 0.0001 0.685 ne23 23 0.0
2.0 0.0001 0.685 na21 21 0.0
2.0 0.0001 0.685 na22 22 1.5274208999999998e-23
2.0 0.0001 0.685 na23 23 0.00010380793
2.0 0.0001 0.685 na24 24 0.0
2.0 0.0001 0.685 mg23 23 0.0
2.0 0.0001 0.685 mg24 24 1.6007794e-05
2.0 0.0001 0.685 mg25 25 4.8662492e-05
2.0 0.0001 0.685 mg26 26 5.568891e-05
2.0 0.0001 0.685 mg27 27 0.0
2.0 0.0001 0.685 al25 25 0.0
2.0 0.0001 0.685 al-6 26 1.53734e-08
2.0 0.0001 0.685 al*6 26 0.0
2.0 0.0001 0.685 al27 27 1.1896975e-06
2.0 0.0001 0.685 al28 28 0.0
2.0 0.0001 0.685 si27 27 0.0
2.0 0.0001 0.685 si28 28 2.9214652e-07
2.0 0.0001 0.685 si29 29 3.4649943e-08
2.0 0.0001 0.685 si30 30 6.5299886e-08
2.0 0.0001 0.685 si31 31 0.0
2.0 0.0001 0.685 si32 32 4.5413063e-16
2.0 0.0001 0.685 si33 33 0.0
2.0 0.0001 0.685 p29 29 0.0
2.0 0.0001 0.685 p30 30 0.0
2.0 0.0001 0.685 p31 31 1.3874118e-08
2.0 0.0001 0.685 p32 32 1.1593084e-19
2.0 0.0001 0.685 p33 33 0.0
2.0 0.0001 0.685 p34 34 0.0
2.0 0.0001 0.685 s32 32 -5.2827545e-08
2.0 0.0001 0.685 s33 33 3.0252689e-09
2.0 0.0001 0.685 s34 34 6.417622e-10
2.0 0.0001 0.685 s35 35 2.2961895e-09
2.0 0.0001 0.685 fe54 54 -5.1706536e-08
2.0 0.0001 0.685 fe55 55 8.2020835e-09
2.0 0.0001 0.685 fe56 56 -4.361973e-07
2.0 0.0001 0.685 fe57 57 1.1854812e-07
2.0 0.0001 0.685 fe58 58 2.3176572e-07
2.0 0.0001 0.685 fe59 59 0.0
2.0 0.0001 0.685 fe60 60 1.1801379e-08
2.0 0.0001 0.685 fe61 61 0.0
2.0 0.0001 0.685 co59 59 5.376782e-08
2.0 0.0001 0.685 co60 60 4.1472546e-14
2.0 0.0001 0.685 co61 61 0.0
2.0 0.0001 0.685 ni58 58 -3.6958141e-08
2.0 0.0001 0.685 ni59 59 3.5419528e-10
2.0 0.0001 0.685 ni60 60 2.3731701e-08
2.0 0.0001 0.685 ni61 61 1.1854461e-07
2.0 0.0001 0.685 ni62 62 -1.8209546e-08
2.25 0.0001 0.713 g 1 1.7526327e-08
2.25 0.0001 0.713 n 1 0.0
2.25 0.0001 0.713 p 1 -0.21535468
2.25 0.0001 0.713 d 2 9.0846021e-18
2.25 0.0001 0.713 he3 3 0.00023589554
2.25 0.0001 0.713 he4 4 0.157996
2.25 0.0001 0.713 li7 7 -2.8577978e-09
2.25 0.0001 0.713 be7 7 6.9413476e-14
2.25 0.0001 0.713 b8 8 6.125329299999999e-29
2.25 0.0001 0.713 c12 12 0.048417058
2.25 0.0001 0.713 c13 13 1.7884817e-06
2.25 0.0001 0.713 c14 14 6.3357511e-08
2.25 0.0001 0.713 n13 13 0.0
2.25 0.0001 0.713 n14 14 7.2918861e-05
2.25 0.0001 0.713 n15 15 -1.8471962e-08
2.25 0.0001 0.713 o14 14 0.0
2.25 0.0001 0.713 o15 15 0.0
2.25 0.0001 0.713 o16 16 0.00063098001
2.25 0.0001 0.713 o17 17 3.6468907e-07
2.25 0.0001 0.713 o18 18 -6.884283e-08
2.25 0.0001 0.713 o19 19 0.0
2.25 0.0001 0.713 f17 17 0.0
2.25 0.0001 0.713 f18 18 0.0
2.25 0.0001 0.713 f19 19 1.8768447e-05
2.25 0.0001 0.713 f20 20 0.0
2.25 0.0001 0.713 ne19 19 0.0
2.25 0.0001 0.713 ne20 20 0.00012396685
2.25 0.0001 0.713 ne21 21 5.628202e-06
2.25 0.0001 0.713 ne22 22 0.0073271212
2.25 0.0001 0.713 ne23 23 0.0
2.25 0.0001 0.713 na21 21 0.0
2.25 0.0001 0.713 na22 22 3.4197521e-21
2.25 0.0001 0.713 na23 23 0.00016026285
2.25 0.0001 0.713 na24 24 0.0
2.25 0.0001 0.713 mg23 23 0.0
2.25 0.0001 0.713 mg24 24 3.4130779e-05
2.25 0.0001 0.713 mg25 25 0.00013639977
2.25 0.0001 0.713 mg26 26 0.00018657808
2.25 0.0001 0.713 mg27 27 0.0
2.25 0.0001 0.713 al25 25 0.0
2.25 0.0001 0.713 al-6 26 3.3309114e-08
2.25 0.0001 0.713 al*6 26 0.0
2.25 0.0001 0.713 al27 27 4.7455424e-06
2.25 0.0001 0.713 al28 28 0.0
2.25 0.0001 0.713 si27 27 0.0
2.25 0.0001 0.713 si28 28 1.6484055e-06
2.25 0.0001 0.713 si29 29 1.3729547e-07
2.25 0.0001 0.713 si30 30 1.6093433e-07
2.25 0.0001 0.713 si31 31 0.0
2.25 0.0001 0.713 si32 32 4.4769096e-15
2.25 0.0001 0.713 si33 33 0.0
2.25 0.0001 0.713 p29 29 0.0
2.25 0.0001 0.713 p30 30 0.0
2.25 0.0001 0.713 p31 31 2.9202305e-08
2.25 0.0001 0.713 p32 32 1.1428694e-18
2.25 0.0001 0.713 p33 33 0.0
2.25 0.0001 0.713 p34 34 0.0
2.25 0.0001 0.713 s32 32 -1.0744679e-07
2.25 0.0001 0.713 s33 33 3.8161865e-09
2.25 0.0001 0.713 s34 34 1.2654482e-09
2.25 0.0001 0.713 s35 35 4.8386668e-09
2.25 0.0001 0.713 fe54 54 -8.258607e-08
2.25 0.0001 0.713 fe55 55 6.2762004e-09
2.25 0.0001 0.713 fe56 56 -8.3262512e-07
2.25 0.0001 0.713 fe57 57 1.4600099e-07
2.25 0.0001 0.713 fe58 58 4.3606533e-07
2.25 0.0001 0.713 fe59 59 5.7203245e-40
2.25 0.0001 0.713 fe60 60 4.9936268e-08
2.25 0.0001 0.713 fe61 61 0.0
2.25 0.0001 0.713 co59 59 1.2060188e-07
2.25 0.0001 0.713 co60 60 1.7548532e-13
2.25 0.0001 0.713 co61 61 0.0
2.25 0.0001 0.713 ni58 58 -5.8666586e-08
2.25 0.0001 0.713 ni59 59 2.116725e-10
2.25 0.0001 0.713 ni60 60 4.8312728e-08
2.25 0.0001 0.713 ni61 61 2.3630264e-07
2.25 0.0001 0.713 ni62 62 -2.1308285e-08
2.5 0.0001 0.732 g 1 4.4870347e-08
2.5 0.0001 0.732 n 1 0.0
2.5 0.0001 0.732 p 1 -0.20198119
2.5 0.0001 0.732 d 2 9.693425199999999e-18
2.5 0.0001 0.732 he3 3 0.0002454877
2.5 0.0001 0.732 he4 4 0.14540374
2.5 0.0001 0.732 li7 7 -2.9200984e-09
2.5 0.0001 0.732 be7 7 1.9584555e-10
2.5 0.0001 0.732 b8 8 4.3182224000000004e-26
2.5 0.0001 0.732 c12 12 0.049178038
2.5 0.0001 0.732 c13 13 1.4086046e-05
2.5 0.0001 0.732 c14 14 2.0914257e-07
2.5 0.0001 0.732 n13 13 0.0
2.5 0.0001 0.732 n14 14 4.8583683e-05
2.5 0.0001 0.732 n15 15 -2.6572025e-08
2.5 0.0001 0.732 o14 14 0.0
2.5 0.0001 0.732 o15 15 0.0
2.5 0.0001 0.732 o16 16 0.00069088646
2.5 0.0001 0.732 o17 17 5.1730967e-07
2.5 0.0001 0.732 o18 18 -8.3141259e-08
2.5 0.0001 0.732 o19 19 0.0
2.5 0.0001 0.732 f17 17 0.0
2.5 0.0001 0.732 f18 18 0.0
2.5 0.0001 0.732 f19 19 1.4956379e-05
2.5 0.0001 0.732 f20 20 0.0
2.5 0.0001 0.732 ne19 19 0.0
2.5 0.0001 0.732 ne20 20 0.0001106055
2.5 0.0001 0.732 ne21 21 1.0723033e-05
2.5 0.0001 0.732 ne22 22 0.0054458273
2.5 0.0001 0.732 ne23 23 0.0
2.5 0.0001 0.732 na21 21 0.0
2.5 0.0001 0.732 na22 22 1.7563046000000002e-16
2.5 0.0001 0.732 na23 23 8.6382512e-05
2.5 0.0001 0.732 na24 24 0.0
2.5 0.0001 0.732 mg23 23 0.0
2.5 0.0001 0.732 mg24 24 2.671481e-05
2.5 0.0001 0.732 mg25 25 0.0002287032
2.5 0.0001 0.732 mg26 26 0.00045677114
2.5 0.0001 0.732 mg27 27 0.0
2.5 0.0001 0.732 al25 25 0.0
2.5 0.0001 0.732 al-6 26 2.9949252e-08
2.5 0.0001 0.732 al*6 26 0.0
2.5 0.0001 0.732 al27 27 1.0692615e-05
2.5 0.0001 0.732 al28 28 0.0
2.5 0.0001 0.732 si27 27 0.0
2.5 0.0001 0.732 si28 28 6.9301427e-06
2.5 0.0001 0.732 si29 29 7.1322654e-07
2.5 0.0001 0.732 si30 30 6.3766299e-07
2.5 0.0001 0.732 si31 31 0.0
2.5 0.0001 0.732 si32 32 7.1989826e-13
2.5 0.0001 0.732 si33 33 0.0
2.5 0.0001 0.732 p29 29 0.0
2.5 0.0001 0.732 p30 30 0.0
2.5 0.0001 0.732 p31 31 1.3150444e-07
2.5 0.0001 0.732 p32 32 1.8377628e-16
2.5 0.0001 0.732 p33 33 1.2523377e-33
2.5 0.0001 0.732 p34 34 0.0
2.5 0.0001 0.732 s32 32 -1.6057629e-07
2.5 0.0001 0.732 s33 33 2.9948541e-09
2.5 0.0001 0.732 s34 34 2.3946995e-09
2.5 0.0001 0.732 s35 35 8.7628234e-09
2.5 0.0001 0.732 fe54 54 -8.2377369e-08
2.5 0.0001 0.732 fe55 55 1.9412083e-09
2.5 0.0001 0.732 fe56 56 -1.071664e-06
2.5 0.0001 0.732 fe57 57 6.1444894e-08
2.5 0.0001 0.732 fe58 58 3.9429062e-07
2.5 0.0001 0.732 fe59 59 -3.8905681e-36
2.5 0.0001 0.732 fe60 60 2.0068204e-07
2.5 0.0001 0.732 fe61 61 0.0
2.5 0.0001 0.732 co59 59 1.5383708e-07
2.5 0.0001 0.732 co60 60 7.0459426e-13
2.5 0.0001 0.732 co61 61 0.0
2.5 0.0001 0.732 ni58 58 -5.7554246e-08
2.5 0.0001 0.732 ni59 59 1.9824519e-11
2.5 0.0001 0.732 ni60 60 7.295867e-08
2.5 0.0001 0.732 ni61 61 4.2551002e-07
2.5 0.0001 0.732 ni62 62 -2.4549642e-08
3.0 0.0001 0.813 g 1 3.7151739e-08
3.0 0.0001 0.813 n 1 0.0
3.0 0.0001 0.813 p 1 -0.10222173
3.0 0.0001 0.813 d 2 1.292323e-17
3.0 0.0001 0.813 he3 3 0.00022177627
3.0 0.0001 0.813 he4 4 0.076387346
3.0 0.0001 0.813 li7 7 5.4067669e-08
3.0 0.0001 0.813 be7 7 3.3954646e-09
3.0 0.0001 0.813 b8 8 3.9122337e-20
3.0 0.0001 0.813 c12 12 0.023501977
3.0 0.0001 0.813 c13 13 0.0004218845
3.0 0.0001 0.813 c14 14 2.9166802e-08
3.0 0.0001 0.813 n13 13 0.0
3.0 0.0001 0.813 n14 14 7.5739976e-05
3.0 0.0001 0.813 n15 15 -4.3380311e-08
3.0 0.0001 0.813 o14 14 0.0
3.0 0.0001 0.813 o15 15 0.0
3.0 0.0001 0.813 o16 16 0.00041586976
3.0 0.0001 0.813 o17 17 1.2641082e-06
3.0 0.0001 0.813 o18 18 -1.4618918e-07
3.0 0.0001 0.813 o19 19 0.0
3.0 0.0001 0.813 f17 17 0.0
3.0 0.0001 0.813 f18 18 0.0
3.0 0.0001 0.813 f19 19 1.7784853e-06
3.0 0.0001 0.813 f20 20 0.0
3.0 0.0001 0.813 ne19 19 0.0
3.0 0.0001 0.813 ne20 20 1.8099116e-05
3.0 0.0001 0.813 ne21 21 2.1841133e-06
3.0 0.0001 0.813 ne22 22 0.00092909165
3.0 0.0001 0.813 ne23 23 0.0
3.0 0.0001 0.813 na21 21 0.0
3.0 0.0001 0.813 na22 22 1.7467427e-13
3.0 0.0001 0.813 na23 23 1.3794037e-05
3.0 0.0001 0.813 na24 24 0.0
3.0 0.0001 0.813 mg23 23 0.0
3.0 0.0001 0.813 mg24 24 4.0265854e-06
3.0 0.0001 0.813 mg25 25 6.0792638e-05
3.0 0.0001 0.813 mg26 26 0.00015911458
3.0 0.0001 0.813 mg27 27 0.0
3.0 0.0001 0.813 al25 25 0.0
3.0 0.0001 0.813 al-6 26 5.1709659e-09
3.0 0.0001 0.813 al*6 26 0.0
3.0 0.0001 0.813 al27 27 3.0873971e-06
3.0 0.0001 0.813 al28 28 0.0
3.0 0.0001 0.813 si27 27 0.0
3.0 0.0001 0.813 si28 28 2.8903619e-06
3.0 0.0001 0.813 si29 29 3.8126225e-07
3.0 0.0001 0.813 si30 30 4.5045215e-07
3.0 0.0001 0.813 si31 31 0.0
3.0 0.0001 0.813 si32 32 2.5194125e-11
3.0 0.0001 0.813 si33 33 0.0
3.0 0.0001 0.813 p29 29 0.0
3.0 0.0001 0.813 p30 30 0.0
3.0 0.0001 0.813 p31 31 1.154575e-07
3.0 0.0001 0.813 p32 32 6.4315788e-15
3.0 0.0001 0.813 p33 33 1.5647125e-26
3.0 0.0001 0.813 p34 34 0.0
3.0 0.0001 0.813 s32 32 -7.9180154e-08
3.0 0.0001 0.813 s33 33 1.0927259e-09
3.0 0.0001 0.813 s34 34 2.4997462e-09
3.0 0.0001 0.813 s35 35 5.3370255e-09
3.0 0.0001 0.813 fe54 54 -3.4844845e-08
3.0 0.0001 0.813 fe55 55 7.2283873e-10
3.0 0.0001 0.813 fe56 56 -4.9756272e-07
3.0 0.0001 0.813 fe57 57 9.9508668e-09
3.0 0.0001 0.813 fe58 58 1.1708782e-07
3.0 0.0001 0.813 fe59 59 5.9669594e-30
3.0 0.0001 0.813 fe60 60 1.3417261e-07
3.0 0.0001 0.813 fe61 61 0.0
3.0 0.0001 0.813 co59 59 4.9297704e-08
3.0 0.0001 0.813 co60 60 4.6674622e-13
3.0 0.0001 0.813 co61 61 0.0
3.0 0.0001 0.813 ni58 58 -2.4213705e-08
3.0 0.0001 0.813 ni59 59 3.7641314e-11
3.0 0.0001 0.813 ni60 60 2.0165515e-08
3.0 0.0001 0.813 ni61 61 2.9416444e-07
3.0 0.0001 0.813 ni62 62 -3.0357185e-08
3.5 0.0001 0.854 g 1 4.6638586e-08
3.5 0.0001 0.854 n 1 0.0
3.5 0.0001 0.854 p 1 -0.1438086
3.5 0.0001 0.854 d 2 1.4779104e-17
3.5 0.0001 0.854 he3 3 2.3417491e-05
3.5 0.0001 0.854 he4 4 0.11693752
3.5 0.0001 0.854 li7 7 2.2613658e-09
3.5 0.0001 0.854 be7 7 2.257986e-08
3.5 0.0001 0.854 b8 8 4.63316e-24
3.5 0.0001 0.854 c12 12 0.0068518734
3.5 0.0001 0.854 c13 13 0.00060741953
3.5 0.0001 0.854 c14 14 1.7396149e-08
3.5 0.0001 0.854 n13 13 0.0
3.5 0.0001 0.854 n14 14 0.018038806
3.5 0.0001 0.854 n15 15 2.670655e-07
3.5 0.0001 0.854 o14 14 0.0
3.5 0.0001 0.854 o15 15 0.0
3.5 0.0001 0.854 o16 16 0.00045057287
3.5 0.0001 0.854 o17 17 8.2621801e-07
3.5 0.0001 0.854 o18 18 -2.7739884e-07
3.5 0.0001 0.854 o19 19 0.0
3.5 0.0001 0.854 f17 17 0.0
3.5 0.0001 0.854 f18 18 0.0
3.5 0.0001 0.854 f19 19 6.1000509e-07
3.5 0.0001 0.854 f20 20 0.0
3.5 0.0001 0.854 ne19 19 0.0
3.5 0.0001 0.854 ne20 20 1.457096e-05
3.5 0.0001 0.854 ne21 21 7.5626735e-07
3.5 0.0001 0.854 ne22 22 0.000650867
3.5 0.0001 0.854 ne23 23 0.0
3.5 0.0001 0.854 na21 21 0.0
3.5 0.0001 0.854 na22 22 9.3441539e-12
3.5 0.0001 0.854 na23 23 1.2139181e-05
3.5 0.0001 0.854 na24 24 1.8537497e-40
3.5 0.0001 0.854 mg23 23 0.0
3.5 0.0001 0.854 mg24 24 3.388951e-06
3.5 0.0001 0.854 mg25 25 5.3277585e-05
3.5 0.0001 0.854 mg26 26 0.000154257
3.5 0.0001 0.854 mg27 27 0.0
3.5 0.0001 0.854 al25 25 0.0
3.5 0.0001 0.854 al-6 26 1.3570116e-07
3.5 0.0001 0.854 al*6 26 0.0
3.5 0.0001 0.854 al27 27 2.9798025e-06
3.5 0.0001 0.854 al28 28 0.0
3.5 0.0001 0.854 si27 27 0.0
3.5 0.0001 0.854 si28 28 3.0851816e-06
3.5 0.0001 0.854 si29 29 4.4786935e-07
3.5 0.0001 0.854 si30 30 5.9876265e-07
3.5 0.0001 0.854 si31 31 0.0
3.5 0.0001 0.854 si32 32 5.5159891e-12
3.5 0.0001 0.854 si33 33 0.0
3.5 0.0001 0.854 p29 29 0.0
3.5 0.0001 0.854 p30 30 0.0
3.5 0.0001 0.854 p31 31 1.7511722e-07
3.5 0.0001 0.854 p32 32 1.4081267e-15
3.5 0.0001 0.854 p33 33 4.4620422e-24
3.5 0.0001 0.854 p34 34 0.0
3.5 0.0001 0.854 s32 32 -6.8893314e-08
3.5 0.0001 0.854 s33 33 1.1006307e-09
3.5 0.0001 0.854 s34 34 4.2750798e-09
3.5 0.0001 0.854 s35 35 5.7653442e-09
3.5 0.0001 0.854 fe54 54 -3.19273e-08
3.5 0.0001 0.854 fe55 55 5.2261179e-10
3.5 0.0001 0.854 fe56 56 -4.7115918e-07
3.5 0.0001 0.854 fe57 57 4.2185206e-09
3.5 0.0001 0.854 fe58 58 8.9302929e-08
3.5 0.0001 0.854 fe59 59 -9.169555100000001e-27
3.5 0.0001 0.854 fe60 60 1.2658927e-07
3.5 0.0001 0.854 fe61 61 0.0
3.5 0.0001 0.854 co59 59 3.7948602e-08
3.5 0.0001 0.854 co60 60 3.1817791e-13
3.5 0.0001 0.854 co61 61 0.0
3.5 0.0001 0.854 ni58 58 -2.21753e-08
3.5 0.0001 0.854 ni59 59 3.8388962e-11
3.5 0.0001 0.854 ni60 60 1.5471585e-08
3.5 0.0001 0.854 ni61 61 3.2610961e-07
3.5 0.0001 0.854 ni62 62 -3.6720952e-08
4.0 0.0001 0.874 g 1 6.2454468e-08
4.0 0.0001 0.874 n 1 0.0
4.0 0.0001 0.874 p 1 -0.23702455
4.0 0.0001 0.874 d 2 1.6805195e-17
4.0 0.0001 0.874 he3 3 7.1095646e-06
4.0 0.0001 0.874 he4 4 0.20344323
4.0 0.0001 0.874 li7 7 -4.066977e-09
4.0 0.0001 0.874 be7 7 5.9248531e-09
4.0 0.0001 0.874 b8 8 7.4917006e-25
4.0 0.0001 0.874 c12 12 0.0050201635
4.0 0.0001 0.874 c13 13 0.00042831691
4.0 0.0001 0.874 c14 14 5.2242441e-08
4.0 0.0001 0.874 n13 13 -9.6731723e-38
4.0 0.0001 0.874 n14 14 0.026322611
4.0 0.0001 0.874 n15 15 4.814857e-07
4.0 0.0001 0.874 o14 14 0.0
4.0 0.0001 0.874 o15 15 0.0
4.0 0.0001 0.874 o16 16 0.00064871553
4.0 0.0001 0.874 o17 17 1.1912034e-06
4.0 0.0001 0.874 o18 18 -3.3422629e-07
4.0 0.0001 0.874 o19 19 0.0
4.0 0.0001 0.874 f17 17 0.0
4.0 0.0001 0.874 f18 18 -3.0231712e-30
4.0 0.0001 0.874 f19 19 4.9887416e-07
4.0 0.0001 0.874 f20 20 0.0
4.0 0.0001 0.874 ne19 19 0.0
4.0 0.0001 0.874 ne20 20 1.9776675e-05
4.0 0.0001 0.874 ne21 21 3.765802e-07
4.0 0.0001 0.874 ne22 22 0.00083950651
4.0 0.0001 0.874 ne23 23 0.0
4.0 0.0001 0.874 na21 21 0.0
4.0 0.0001 0.874 na22 22 7.2748654e-11
4.0 0.0001 0.874 na23 23 1.7815879e-05
4.0 0.0001 0.874 na24 24 -8.8511198e-31
4.0 0.0001 0.874 mg23 23 0.0
4.0 0.0001 0.874 mg24 24 3.8414382e-06
4.0 0.0001 0.874 mg25 25 6.7344889e-05
4.0 0.0001 0.874 mg26 26 0.0001952217
4.0 0.0001 0.874 mg27 27 0.0
4.0 0.0001 0.874 al25 25 0.0
4.0 0.0001 0.874 al-6 26 9.7409475e-07
4.0 0.0001 0.874 al*6 26 0.0
4.0 0.0001 0.874 al27 27 4.9273185e-06
4.0 0.0001 0.874 al28 28 0.0
4.0 0.0001 0.874 si27 27 0.0
4.0 0.0001 0.874 si28 28 4.5112274e-06
4.0 0.0001 0.874 si29 29 6.8473315e-07
4.0 0.0001 0.874 si30 30 9.533951e-07
4.0 0.0001 0.874 si31 31 -2.5232173000000002e-39
4.0 0.0001 0.874 si32 32 8.8738166e-12
4.0 0.0001 0.874 si33 33 0.0
4.0 0.0001 0.874 p29 29 0.0
4.0 0.0001 0.874 p30 30 0.0
4.0 0.0001 0.874 p31 31 2.8890213e-07
4.0 0.0001 0.874 p32 32 2.2653168e-15
4.0 0.0001 0.874 p33 33 -1.2986589e-21
4.0 0.0001 0.874 p34 34 0.0
4.0 0.0001 0.874 s32 32 -7.9206984e-08
4.0 0.0001 0.874 s33 33 1.7801014e-09
4.0 0.0001 0.874 s34 34 7.4721811e-09
4.0 0.0001 0.874 s35 35 7.7281026e-09
4.0 0.0001 0.874 fe54 54 -3.9937504e-08
4.0 0.0001 0.874 fe55 55 6.0686534e-10
4.0 0.0001 0.874 fe56 56 -5.9407284e-07
4.0 0.0001 0.874 fe57 57 4.1859494e-09
4.0 0.0001 0.874 fe58 58 1.0193705e-07
4.0 0.0001 0.874 fe59 59 1.3809709e-23
4.0 0.0001 0.874 fe60 60 1.6856369e-07
4.0 0.0001 0.874 fe61 61 0.0
4.0 0.0001 0.874 co59 59 4.3553882e-08
4.0 0.0001 0.874 co60 60 2.7850376e-13
4.0 0.0001 0.874 co61 61 0.0
4.0 0.0001 0.874 ni58 58 -2.7760109e-08
4.0 0.0001 0.874 ni59 59 6.7095468e-11
4.0 0.0001 0.874 ni60 60 1.8580295e-08
4.0 0.0001 0.874 ni61 61 4.1651322e-07
4.0 0.0001 0.874 ni62 62 -4.3391566e-08
4.5 0.0001 0.897 g 1 5.7084534e-08
4.5 0.0001 0.897 n 1 3.765289e-42
4.5 0.0001 0.897 p 1 -0.29226971
4.5 0.0001 0.897 d 2 1.8837416e-17
4.5 0.0001 0.897 he3 3 5.338276e-06
4.5 0.0001 0.897 he4 4 0.26488173
4.5 0.0001 0.897 li7 7 -5.255294e-09
4.5 0.0001 0.897 be7 7 5.3063318e-09
4.5 0.0001 0.897 b8 8 1.0835241e-24
4.5 0.0001 0.897 c12 12 0.0034412725
4.5 0.0001 0.897 c13 13 0.00035059865
4.5 0.0001 0.897 c14 14 3.5103135e-08
4.5 0.0001 0.897 n13 13 1.7694756e-40
4.5 0.0001 0.897 n14 14 0.022397351
4.5 0.0001 0.897 n15 15 4.5639365e-07
4.5 0.0001 0.897 o14 14 0.0
4.5 0.0001 0.897 o15 15 0.0
4.5 0.0001 0.897 o16 16 0.00047720352
4.5 0.0001 0.897 o17 17 1.2108558e-06
4.5 0.0001 0.897 o18 18 -3.8618924e-07
4.5 0.0001 0.897 o19 19 0.0
4.5 0.0001 0.897 f17 17 0.0
4.5 0.0001 0.897 f18 18 6.213896500000001e-32
4.5 0.0001 0.897 f19 19 2.1033479e-07
4.5 0.0001 0.897 f20 20 0.0
4.5 0.0001 0.897 ne19 19 0.0
4.5 0.0001 0.897 ne20 20 1.3736626e-05
4.5 0.0001 0.897 ne21 21 2.137771e-07
4.5 0.0001 0.897 ne22 22 0.00049007178
4.5 0.0001 0.897 ne23 23 0.0
4.5 0.0001 0.897 na21 21 0.0
4.5 0.0001 0.897 na22 22 5.4964699e-11
4.5 0.0001 0.897 na23 23 1.1380284e-05
4.5 0.0001 0.897 na24 24 -1.7040555e-32
4.5 0.0001 0.897 mg23 23 0.0
4.5 0.0001 0.897 mg24 24 5.8940441e-07
4.5 0.0001 0.897 mg25 25 4.5108132e-05
4.5 0.0001 0.897 mg26 26 0.00013118601
4.5 0.0001 0.897 mg27 27 0.0
4.5 0.0001 0.897 al25 25 0.0
4.5 0.0001 0.897 al-6 26 9.9405111e-07
4.5 0.0001 0.897 al*6 26 0.0
4.5 0.0001 0.897 al27 27 3.6211159e-06
4.5 0.0001 0.897 al28 28 0.0
4.5 0.0001 0.897 si27 27 0.0
4.5 0.0001 0.897 si28 28 2.9180028e-06
4.5 0.0001 0.897 si29 29 4.5958643e-07
4.5 0.0001 0.897 si30 30 7.1335808e-07
4.5 0.0001 0.897 si31 31 2.4816996e-41
4.5 0.0001 0.897 si32 32 1.0943512e-11
4.5 0.0001 0.897 si33 33 0.0
4.5 0.0001 0.897 p29 29 0.0
4.5 0.0001 0.897 p30 30 0.0
4.5 0.0001 0.897 p31 31 2.3771108e-07
4.5 0.0001 0.897 p32 32 2.7936682e-15
4.5 0.0001 0.897 p33 33 4.7278166000000005e-21
4.5 0.0001 0.897 p34 34 0.0
4.5 0.0001 0.897 s32 32 -6.4756478e-08
4.5 0.0001 0.897 s33 33 1.2775665e-09
4.5 0.0001 0.897 s34 34 6.65068e-09
4.5 0.0001 0.897 s35 35 6.6279591e-09
4.5 0.0001 0.897 fe54 54 -3.2623916e-08
4.5 0.0001 0.897 fe55 55 6.9590711e-10
4.5 0.0001 0.897 fe56 56 -4.8617949e-07
4.5 0.0001 0.897 fe57 57 2.0157245e-09
4.5 0.0001 0.897 fe58 58 7.7159903e-08
4.5 0.0001 0.897 fe59 59 1.8121771e-23
4.5 0.0001 0.897 fe60 60 1.3477887e-07
4.5 0.0001 0.897 fe61 61 0.0
4.5 0.0001 0.897 co59 59 3.2625309e-08
4.5 0.0001 0.897 co60 60 2.0874925e-13
4.5 0.0001 0.897 co61 61 0.0
4.5 0.0001 0.897 ni58 58 -2.2539268e-08
4.5 0.0001 0.897 ni59 59 4.2926669e-11
4.5 0.0001 0.897 ni60 60 1.2917866e-08
4.5 0.0001 0.897 ni61 61 3.7163065e-07
4.5 0.0001 0.897 ni62 62 -5.0006324e-08
5.0 0.0001 0.929 g 1 7.1684639e-08
5.0 0.0001 0.929 n 1 0.0
5.0 0.0001 0.929 p 1 -0.37272763
5.0 0.0001 0.929 d 2 2.0243762e-17
5.0 0.0001 0.929 he3 3 2.5430295e-06
5.0 0.0001 0.929 he4 4 0.34445924
5.0 0.0001 0.929 li7 7 -6.8074355e-09
5.0 0.0001 0.929 be7 7 2.6496727e-09
5.0 0.0001 0.929 b8 8 4.4947476e-20
5.0 0.0001 0.929 c12 12 0.0027257099
5.0 0.0001 0.929 c13 13 0.00040511595
5.0 0.0001 0.929 c14 14 6.3582286e-09
5.0 0.0001 0.929 n13 13 3.7122817999999996e-37
5.0 0.0001 0.929 n14 14 0.024028284
5.0 0.0001 0.929 n15 15 6.0350453e-07
5.0 0.0001 0.929 o14 14 0.0
5.0 0.0001 0.929 o15 15 0.0
5.0 0.0001 0.929 o16 16 0.00041407993
5.0 0.0001 0.929 o17 17 1.4675993e-06
5.0 0.0001 0.929 o18 18 -4.3868189e-07
5.0 0.0001 0.929 o19 19 0.0
5.0 0.0001 0.929 f17 17 0.0
5.0 0.0001 0.929 f18 18 2.6854757e-30
5.0 0.0001 0.929 f19 19 9.6126378e-08
5.0 0.0001 0.929 f20 20 0.0
5.0 0.0001 0.929 ne19 19 0.0
5.0 0.0001 0.929 ne20 20 1.8814626e-05
5.0 0.0001 0.929 ne21 21 1.4720624e-07
5.0 0.0001 0.929 ne22 22 0.00041884053
5.0 0.0001 0.929 ne23 23 0.0
5.0 0.0001 0.929 na21 21 0.0
5.0 0.0001 0.929 na22 22 1.2324258e-10
5.0 0.0001 0.929 na23 23 1.0310479e-05
5.0 0.0001 0.929 na24 24 -1.0447586000000001e-30
5.0 0.0001 0.929 mg23 23 0.0
5.0 0.0001 0.929 mg24 24 -3.3669171e-06
5.0 0.0001 0.929 mg25 25 5.5440778e-05
5.0 0.0001 0.929 mg26 26 0.00016223022
5.0 0.0001 0.929 mg27 27 0.0
5.0 0.0001 0.929 al25 25 0.0
5.0 0.0001 0.929 al-6 26 1.7227026e-06
5.0 0.0001 0.929 al*6 26 0.0
5.0 0.0001 0.929 al27 27 5.0633685e-06
5.0 0.0001 0.929 al28 28 0.0
5.0 0.0001 0.929 si27 27 0.0
5.0 0.0001 0.929 si28 28 3.5437961e-06
5.0 0.0001 0.929 si29 29 5.7547936e-07
5.0 0.0001 0.929 si30 30 9.7486554e-07
5.0 0.0001 0.929 si31 31 -4.2169476e-38
5.0 0.0001 0.929 si32 32 3.5148624e-11
5.0 0.0001 0.929 si33 33 0.0
5.0 0.0001 0.929 p29 29 0.0
5.0 0.0001 0.929 p30 30 0.0
5.0 0.0001 0.929 p31 31 3.4379531e-07
5.0 0.0001 0.929 p32 32 8.9727911e-15
5.0 0.0001 0.929 p33 33 7.0215314e-19
5.0 0.0001 0.929 p34 34 0.0
5.0 0.0001 0.929 s32 32 -5.3261829e-08
5.0 0.0001 0.929 s33 33 1.752241e-09
5.0 0.0001 0.929 s34 34 1.2382316e-08
5.0 0.0001 0.929 s35 35 7.7661815e-09
5.0 0.0001 0.929 fe54 54 -3.418404e-08
5.0 0.0001 0.929 fe55 55 2.1548519e-09
5.0 0.0001 0.929 fe56 56 -4.964495e-07
5.0 0.0001 0.929 fe57 57 1.4931061e-09
5.0 0.0001 0.929 fe58 58 6.2568404e-08
5.0 0.0001 0.929 fe59 59 1.5928793e-21
5.0 0.0001 0.929 fe60 60 1.3397411e-07
5.0 0.0001 0.929 fe61 61 0.0
5.0 0.0001 0.929 co59 59 2.6686671e-08
5.0 0.0001 0.929 co60 60 2.8629188e-13
5.0 0.0001 0.929 co61 61 -3.6812111e-42
5.0 0.0001 0.929 ni58 58 -2.3015559e-08
5.0 0.0001 0.929 ni59 59 3.4470045e-11
5.0 0.0001 0.929 ni60 60 9.6159738e-09
5.0 0.0001 0.929 ni61 61 4.1594893e-07
5.0 0.0001 0.929 ni62 62 -5.6543325e-08
5.5 0.0001 0.966 g 1 1.0277352e-07
5.5 0.0001 0.966 n 1 4.223707e-39
5.5 0.0001 0.966 p 1 -0.45277739
5.5 0.0001 0.966 d 2 2.2078767e-17
5.5 0.0001 0.966 he3 3 1.5837645e-06
5.5 0.0001 0.966 he4 4 0.42072427
5.5 0.0001 0.966 li7 7 -8.131388e-09
5.5 0.0001 0.966 be7 7 1.0060092e-09
5.5 0.0001 0.966 b8 8 2.5814806e-37
5.5 0.0001 0.966 c12 12 0.0025048002
5.5 0.0001 0.966 c13 13 0.00040464575
5.5 0.0001 0.966 c14 14 1.3674384e-09
5.5 0.0001 0.966 n13 13 -6.9130952999999995e-25
5.5 0.0001 0.966 n14 14 0.027936304
5.5 0.0001 0.966 n15 15 8.5030115e-07
5.5 0.0001 0.966 o14 14 0.0
5.5 0.0001 0.966 o15 15 -2.0580701e-29
5.5 0.0001 0.966 o16 16 0.00037203368
5.5 0.0001 0.966 o17 17 1.9464485e-06
5.5 0.0001 0.966 o18 18 -4.8915552e-07
5.5 0.0001 0.966 o19 19 0.0
5.5 0.0001 0.966 f17 17 -2.003892e-31
5.5 0.0001 0.966 f18 18 -2.4501600000000002e-31
5.5 0.0001 0.966 f19 19 6.0769459e-08
5.5 0.0001 0.966 f20 20 0.0
5.5 0.0001 0.966 ne19 19 0.0
5.5 0.0001 0.966 ne20 20 2.1390682e-05
5.5 0.0001 0.966 ne21 21 1.7150677e-07
5.5 0.0001 0.966 ne22 22 0.00043593076
5.5 0.0001 0.966 ne23 23 0.0
5.5 0.0001 0.966 na21 21 0.0
5.5 0.0001 0.966 na22 22 3.8058084e-10
5.5 0.0001 0.966 na23 23 1.0809308e-05
5.5 0.0001 0.966 na24 24 -2.1728045e-29
5.5 0.0001 0.966 mg23 23 0.0
5.5 0.0001 0.966 mg24 24 -7.2871458e-06
5.5 0.0001 0.966 mg25 25 8.0560072e-05
5.5 0.0001 0.966 mg26 26 0.00025288927
5.5 0.0001 0.966 mg27 27 9.4108402e-41
5.5 0.0001 0.966 al25 25 0.0
5.5 0.0001 0.966 al-6 26 3.4137668e-06
5.5 0.0001 0.966 al*6 26 0.0
5.5 0.0001 0.966 al27 27 1.0595855e-05
5.5 0.0001 0.966 al28 28 5.0462874e-39
5.5 0.0001 0.966 si27 27 0.0
5.5 0.0001 0.966 si28 28 5.865737e-06
5.5 0.0001 0.966 si29 29 9.4250117e-07
5.5 0.0001 0.966 si30 30 1.7270181e-06
5.5 0.0001 0.966 si31 31 -1.8650724999999999e-35
5.5 0.0001 0.966 si32 32 1.467392e-10
5.5 0.0001 0.966 si33 33 0.0
5.5 0.0001 0.966 p29 29 0.0
5.5 0.0001 0.966 p30 30 0.0
5.5 0.0001 0.966 p31 31 6.2207238e-07
5.5 0.0001 0.966 p32 32 3.7459707e-14
5.5 0.0001 0.966 p33 33 1.4244664999999998e-18
5.5 0.0001 0.966 p34 34 0.0
5.5 0.0001 0.966 s32 32 -2.8957402e-08
5.5 0.0001 0.966 s33 33 3.9327617e-09
5.5 0.0001 0.966 s34 34 2.8658178e-08
5.5 0.0001 0.966 s35 35 1.0792723e-08
5.5 0.0001 0.966 fe54 54 -4.0254236e-08
5.5 0.0001 0.966 fe55 55 3.5913277e-09
5.5 0.0001 0.966 fe56 56 -5.773345e-07
5.5 0.0001 0.966 fe57 57 2.2794211e-11
5.5 0.0001 0.966 fe58 58 5.5405849e-08
5.5 0.0001 0.966 fe59 59 4.6095597e-21
5.5 0.0001 0.966 fe60 60 1.4612361e-07
5.5 0.0001 0.966 fe61 61 0.0
5.5 0.0001 0.966 co59 59 2.3859805e-08
5.5 0.0001 0.966 co60 60 6.1618495e-13
5.5 0.0001 0.966 co61 61 0.0
5.5 0.0001 0.966 ni58 58 -2.6581688e-08
5.5 0.0001 0.966 ni59 59 2.2304334e-11
5.5 0.0001 0.966 ni60 60 6.8727672e-09
5.5 0.0001 0.966 ni61 61 4.5987883e-07
5.5 0.0001 0.966 ni62 62 2.3544342e-13
6.0 0.0001 1.008 g 1 1.4003326e-07
6.0 0.0001 1.008 n 1 0.0
6.0 0.0001 1.008 p 1 -0.55592942
6.0 0.0001 1.008 d 2 2.2722812e-17
6.0 0.0001 1.008 he3 3 1.0875112e-06
6.0 0.0001 1.008 he4 4 0.51818371
6.0 0.0001 1.008 li7 7 -9.1835517e-09
6.0 0.0001 1.008 be7 7 4.0447928e-10
6.0 0.0001 1.008 b8 8 1.4503662e-19
6.0 0.0001 1.008 c12 12 0.0018584759
6.0 0.0001 1.008 c13 13 0.00038740278
6.0 0.0001 1.008 c14 14 8.4908491e-10
6.0 0.0001 1.008 n13 13 -3.8979918999999996e-41
6.0 0.0001 1.008 n14 14 0.03385504
6.0 0.0001 1.008 n15 15 2.1706705e-06
6.0 0.0001 1.008 o14 14 0.0
6.0 0.0001 1.008 o15 15 0.0
6.0 0.0001 1.008 o16 16 0.00063769065
6.0 0.0001 1.008 o17 17 3.0377619e-06
6.0 0.0001 1.008 o18 18 -5.3864869e-07
6.0 0.0001 1.008 o19 19 0.0
6.0 0.0001 1.008 f17 17 0.0
6.0 0.0001 1.008 f18 18 -2.2318257999999998e-29
6.0 0.0001 1.008 f19 19 1.9178531e-08
6.0 0.0001 1.008 f20 20 0.0
6.0 0.0001 1.008 ne19 19 0.0
6.0 0.0001 1.008 ne20 20 8.9722504e-05
6.0 0.0001 1.008 ne21 21 8.5116362e-08
6.0 0.0001 1.008 ne22 22 0.00039373094
6.0 0.0001 1.008 ne23 23 0.0
6.0 0.0001 1.008 na21 21 0.0
6.0 0.0001 1.008 na22 22 8.1351964e-10
6.0 0.0001 1.008 na23 23 1.0482045e-05
6.0 0.0001 1.008 na24 24 -1.0553868e-27
6.0 0.0001 1.008 mg23 23 0.0
6.0 0.0001 1.008 mg24 24 2.7882961e-06
6.0 0.0001 1.008 mg25 25 0.00011204418
6.0 0.0001 1.008 mg26 26 0.00035026373
6.0 0.0001 1.008 mg27 27 0.0
6.0 0.0001 1.008 al25 25 0.0
6.0 0.0001 1.008 al-6 26 6.0011062e-06
6.0 0.0001 1.008 al*6 26 0.0
6.0 0.0001 1.008 al27 27 2.6083682e-05
6.0 0.0001 1.008 al28 28 0.0
6.0 0.0001 1.008 si27 27 0.0
6.0 0.0001 1.008 si28 28 1.0946364e-05
6.0 0.0001 1.008 si29 29 1.3653115e-06
6.0 0.0001 1.008 si30 30 2.6287651e-06
6.0 0.0001 1.008 si31 31 -1.2164064999999998e-35
6.0 0.0001 1.008 si32 32 2.0224739e-10
6.0 0.0001 1.008 si33 33 0.0
6.0 0.0001 1.008 p29 29 0.0
6.0 0.0001 1.008 p30 30 0.0
6.0 0.0001 1.008 p31 31 1.0077824e-06
6.0 0.0001 1.008 p32 32 5.1629962e-14
6.0 0.0001 1.008 p33 33 3.1189862e-15
6.0 0.0001 1.008 p34 34 0.0
6.0 0.0001 1.008 s32 32 3.5570338e-08
6.0 0.0001 1.008 s33 33 7.6500513e-09
6.0 0.0001 1.008 s34 34 5.5899818e-08
6.0 0.0001 1.008 s35 35 1.455083e-08
6.0 0.0001 1.008 fe54 54 -4.4917556e-08
6.0 0.0001 1.008 fe55 55 5.2566245e-09
6.0 0.0001 1.008 fe56 56 -6.3091647e-07
6.0 0.0001 1.008 fe57 57 3.0223646e-10
6.0 0.0001 1.008 fe58 58 4.930488e-08
6.0 0.0001 1.008 fe59 59 7.699780999999999e-20
6.0 0.0001 1.008 fe60 60 1.4503402e-07
6.0 0.0001 1.008 fe61 61 0.0
6.0 0.0001 1.008 co59 59 2.1557497e-08
6.0 0.0001 1.008 co60 60 8.2411275e-13
6.0 0.0001 1.008 co61 61 -2.5673328999999998e-40
6.0 0.0001 1.008 ni58 58 -2.9171701e-08
6.0 0.0001 1.008 ni59 59 2.7055368e-11
6.0 0.0001 1.008 ni60 60 4.3899036e-09
6.0 0.0001 1.008 ni61 61 6.04744e-07
6.0 0.0001 1.008 ni62 62 -6.935263e-08