1.00	0.03	0.573	p	1	2.80E-01
1.00	0.03	0.573	he	2	1.37E-01
1.00	0.03	0.573	c	6	1.89E-03
1.00	0.03	0.573	n	7	9.63E-04
1.00	0.03	0.573	o	8	5.24E-03
1.00	0.03	0.573	f	9	3.35E-07
1.00	0.03	0.573	ne	10	1.15E-03
1.00	0.03	0.573	na	11	2.91E-05
1.00	0.03	0.573	mg	12	6.48E-04
1.00	0.03	0.573	al	13	4.87E-05
1.00	0.03	0.573	si	14	6.09E-04
1.00	0.03	0.573	p	15	5.59E-06
1.00	0.03	0.573	s	16	2.83E-04
1.00	0.03	0.573	cl	17	3.68E-06
1.00	0.03	0.573	ar	18	6.73E-05
1.00	0.03	0.573	k	19	2.87E-06
1.00	0.03	0.573	ca	20	4.78E-05
1.00	0.03	0.573	sc	21	3.08E-08
1.00	0.03	0.573	ti	22	2.38E-06
1.00	0.03	0.573	v	23	2.83E-07
1.00	0.03	0.573	cr	24	1.33E-05
1.00	0.03	0.573	mn	25	1.01E-05
1.00	0.03	0.573	fe	26	1.18E-03
1.00	0.03	0.573	co	27	2.67E-06
1.00	0.03	0.573	ni	28	5.69E-05
1.00	0.03	0.573	cu	29	6.91E-07
1.00	0.03	0.573	zn	30	1.71E-06
1.00	0.03	0.573	ga	31	5.12E-08
1.00	0.03	0.573	ge	32	1.56E-07
1.00	0.03	0.573	as	33	9.14E-09
1.00	0.03	0.573	se	34	9.54E-08
1.00	0.03	0.573	br	35	1.69E-08
1.00	0.03	0.573	kr	36	9.08E-08
1.00	0.03	0.573	rb	37	1.13E-08
1.00	0.03	0.573	sr	38	4.11E-08
1.00	0.03	0.573	y	39	8.04E-09
1.00	0.03	0.573	zr	40	1.89E-08
1.00	0.03	0.573	nb	41	1.46E-09
1.00	0.03	0.573	mo	42	3.86E-09
1.00	0.03	0.573	ru	44	2.63E-09
1.00	0.03	0.573	rh	45	7.22E-10
1.00	0.03	0.573	pd	46	2.54E-09
1.00	0.03	0.573	ag	47	1.04E-09
1.00	0.03	0.573	cd	48	3.22E-09
1.00	0.03	0.573	in	49	3.87E-10
1.00	0.03	0.573	sn	50	7.38E-09
1.00	0.03	0.573	sb	51	4.36E-10
1.00	0.03	0.573	te	52	4.02E-09
1.00	0.03	0.573	i	53	2.75E-09
1.00	0.03	0.573	xe	54	1.28E-08
1.00	0.03	0.573	cs	55	9.77E-10
1.00	0.03	0.573	ba	56	1.27E-08
1.00	0.03	0.573	la	57	1.25E-09
1.00	0.03	0.573	ce	58	3.24E-09
1.00	0.03	0.573	pr	59	4.96E-10
1.00	0.03	0.573	nd	60	2.35E-09
1.00	0.03	0.573	sm	62	5.94E-10
1.00	0.03	0.573	eu	63	3.01E-10
1.00	0.03	0.573	gd	64	1.08E-09
1.00	0.03	0.573	tb	65	2.03E-10
1.00	0.03	0.573	dy	66	1.34E-09
1.00	0.03	0.573	ho	67	2.98E-10
1.00	0.03	0.573	er	68	8.36E-10
1.00	0.03	0.573	tm	69	1.36E-10
1.00	0.03	0.573	yb	70	7.64E-10
1.00	0.03	0.573	lu	71	1.31E-10
1.00	0.03	0.573	hf	72	5.60E-10
1.00	0.03	0.573	ta	73	8.39E-11
1.00	0.03	0.573	w	74	5.01E-10
1.00	0.03	0.573	re	75	1.75E-10
1.00	0.03	0.573	os	76	2.63E-09
1.00	0.03	0.573	ir	77	2.45E-09
1.00	0.03	0.573	pt	78	4.61E-09
1.00	0.03	0.573	au	79	7.60E-10
1.00	0.03	0.573	hg	80	1.69E-09
1.00	0.03	0.573	tl	81	7.36E-10
1.00	0.03	0.573	pb	82	1.39E-08
1.00	0.03	0.573	bi	83	5.71E-10
1.25	0.03	0.59	p	1	4.32E-01
1.25	0.03	0.59	he	2	2.13E-01
1.25	0.03	0.59	c	6	2.62E-03
1.25	0.03	0.59	n	7	1.84E-03
1.25	0.03	0.59	o	8	8.11E-03
1.25	0.03	0.59	f	9	5.20E-07
1.25	0.03	0.59	ne	10	1.78E-03
1.25	0.03	0.59	na	11	4.48E-05
1.25	0.03	0.59	mg	12	1.00E-03
1.25	0.03	0.59	al	13	7.52E-05
1.25	0.03	0.59	si	14	9.42E-04
1.25	0.03	0.59	p	15	8.64E-06
1.25	0.03	0.59	s	16	4.38E-04
1.25	0.03	0.59	cl	17	5.69E-06
1.25	0.03	0.59	ar	18	1.04E-04
1.25	0.03	0.59	k	19	4.43E-06
1.25	0.03	0.59	ca	20	7.38E-05
1.25	0.03	0.59	sc	21	4.77E-08
1.25	0.03	0.59	ti	22	3.68E-06
1.25	0.03	0.59	v	23	4.38E-07
1.25	0.03	0.59	cr	24	2.05E-05
1.25	0.03	0.59	mn	25	1.57E-05
1.25	0.03	0.59	fe	26	1.83E-03
1.25	0.03	0.59	co	27	4.13E-06
1.25	0.03	0.59	ni	28	8.79E-05
1.25	0.03	0.59	cu	29	1.07E-06
1.25	0.03	0.59	zn	30	2.64E-06
1.25	0.03	0.59	ga	31	7.92E-08
1.25	0.03	0.59	ge	32	2.41E-07
1.25	0.03	0.59	as	33	1.41E-08
1.25	0.03	0.59	se	34	1.48E-07
1.25	0.03	0.59	br	35	2.62E-08
1.25	0.03	0.59	kr	36	1.40E-07
1.25	0.03	0.59	rb	37	1.80E-08
1.25	0.03	0.59	sr	38	6.30E-08
1.25	0.03	0.59	y	39	1.24E-08
1.25	0.03	0.59	zr	40	2.92E-08
1.25	0.03	0.59	nb	41	2.26E-09
1.25	0.03	0.59	mo	42	5.97E-09
1.25	0.03	0.59	ru	44	4.06E-09
1.25	0.03	0.59	rh	45	1.12E-09
1.25	0.03	0.59	pd	46	3.92E-09
1.25	0.03	0.59	ag	47	1.62E-09
1.25	0.03	0.59	cd	48	4.97E-09
1.25	0.03	0.59	in	49	5.97E-10
1.25	0.03	0.59	sn	50	1.14E-08
1.25	0.03	0.59	sb	51	6.73E-10
1.25	0.03	0.59	te	52	6.22E-09
1.25	0.03	0.59	i	53	4.25E-09
1.25	0.03	0.59	xe	54	1.98E-08
1.25	0.03	0.59	cs	55	1.51E-09
1.25	0.03	0.59	ba	56	1.96E-08
1.25	0.03	0.59	la	57	1.94E-09
1.25	0.03	0.59	ce	58	5.01E-09
1.25	0.03	0.59	pr	59	7.66E-10
1.25	0.03	0.59	nd	60	3.63E-09
1.25	0.03	0.59	sm	62	9.18E-10
1.25	0.03	0.59	eu	63	4.65E-10
1.25	0.03	0.59	gd	64	1.67E-09
1.25	0.03	0.59	tb	65	3.14E-10
1.25	0.03	0.59	dy	66	2.07E-09
1.25	0.03	0.59	ho	67	4.60E-10
1.25	0.03	0.59	er	68	1.29E-09
1.25	0.03	0.59	tm	69	2.10E-10
1.25	0.03	0.59	yb	70	1.18E-09
1.25	0.03	0.59	lu	71	2.03E-10
1.25	0.03	0.59	hf	72	8.64E-10
1.25	0.03	0.59	ta	73	1.30E-10
1.25	0.03	0.59	w	74	7.75E-10
1.25	0.03	0.59	re	75	2.97E-10
1.25	0.03	0.59	os	76	4.05E-09
1.25	0.03	0.59	ir	77	3.79E-09
1.25	0.03	0.59	pt	78	7.13E-09
1.25	0.03	0.59	au	79	1.17E-09
1.25	0.03	0.59	hg	80	2.61E-09
1.25	0.03	0.59	tl	81	1.14E-09
1.25	0.03	0.59	pb	82	2.15E-08
1.25	0.03	0.59	bi	83	8.82E-10
1.50	0.03	0.607	p	1	5.89E-01
1.50	0.03	0.607	he	2	2.84E-01
1.50	0.03	0.607	c	6	3.30E-03
1.50	0.03	0.607	n	7	2.77E-03
1.50	0.03	0.607	o	8	1.10E-02
1.50	0.03	0.607	f	9	7.03E-07
1.50	0.03	0.607	ne	10	2.41E-03
1.50	0.03	0.607	na	11	6.25E-05
1.50	0.03	0.607	mg	12	1.36E-03
1.50	0.03	0.607	al	13	1.02E-04
1.50	0.03	0.607	si	14	1.27E-03
1.50	0.03	0.607	p	15	1.17E-05
1.50	0.03	0.607	s	16	5.93E-04
1.50	0.03	0.607	cl	17	7.70E-06
1.50	0.03	0.607	ar	18	1.41E-04
1.50	0.03	0.607	k	19	6.00E-06
1.50	0.03	0.607	ca	20	9.99E-05
1.50	0.03	0.607	sc	21	6.45E-08
1.50	0.03	0.607	ti	22	4.97E-06
1.50	0.03	0.607	v	23	5.92E-07
1.50	0.03	0.607	cr	24	2.78E-05
1.50	0.03	0.607	mn	25	2.12E-05
1.50	0.03	0.607	fe	26	2.48E-03
1.50	0.03	0.607	co	27	5.59E-06
1.50	0.03	0.607	ni	28	1.19E-04
1.50	0.03	0.607	cu	29	1.44E-06
1.50	0.03	0.607	zn	30	3.57E-06
1.50	0.03	0.607	ga	31	1.07E-07
1.50	0.03	0.607	ge	32	3.26E-07
1.50	0.03	0.607	as	33	1.91E-08
1.50	0.03	0.607	se	34	2.00E-07
1.50	0.03	0.607	br	35	3.54E-08
1.50	0.03	0.607	kr	36	1.90E-07
1.50	0.03	0.607	rb	37	2.47E-08
1.50	0.03	0.607	sr	38	8.49E-08
1.50	0.03	0.607	y	39	1.68E-08
1.50	0.03	0.607	zr	40	3.95E-08
1.50	0.03	0.607	nb	41	3.05E-09
1.50	0.03	0.607	mo	42	8.08E-09
1.50	0.03	0.607	ru	44	5.50E-09
1.50	0.03	0.607	rh	45	1.51E-09
1.50	0.03	0.607	pd	46	5.30E-09
1.50	0.03	0.607	ag	47	2.19E-09
1.50	0.03	0.607	cd	48	6.73E-09
1.50	0.03	0.607	in	49	8.08E-10
1.50	0.03	0.607	sn	50	1.54E-08
1.50	0.03	0.607	sb	51	9.11E-10
1.50	0.03	0.607	te	52	8.42E-09
1.50	0.03	0.607	i	53	5.76E-09
1.50	0.03	0.607	xe	54	2.68E-08
1.50	0.03	0.607	cs	55	2.04E-09
1.50	0.03	0.607	ba	56	2.65E-08
1.50	0.03	0.607	la	57	2.62E-09
1.50	0.03	0.607	ce	58	6.78E-09
1.50	0.03	0.607	pr	59	1.04E-09
1.50	0.03	0.607	nd	60	4.91E-09
1.50	0.03	0.607	sm	62	1.24E-09
1.50	0.03	0.607	eu	63	6.29E-10
1.50	0.03	0.607	gd	64	2.26E-09
1.50	0.03	0.607	tb	65	4.25E-10
1.50	0.03	0.607	dy	66	2.80E-09
1.50	0.03	0.607	ho	67	6.22E-10
1.50	0.03	0.607	er	68	1.75E-09
1.50	0.03	0.607	tm	69	2.85E-10
1.50	0.03	0.607	yb	70	1.60E-09
1.50	0.03	0.607	lu	71	2.75E-10
1.50	0.03	0.607	hf	72	1.17E-09
1.50	0.03	0.607	ta	73	1.75E-10
1.50	0.03	0.607	w	74	1.05E-09
1.50	0.03	0.607	re	75	4.17E-10
1.50	0.03	0.607	os	76	5.46E-09
1.50	0.03	0.607	ir	77	5.13E-09
1.50	0.03	0.607	pt	78	9.65E-09
1.50	0.03	0.607	au	79	1.59E-09
1.50	0.03	0.607	hg	80	3.53E-09
1.50	0.03	0.607	tl	81	1.54E-09
1.50	0.03	0.607	pb	82	2.90E-08
1.50	0.03	0.607	bi	83	1.19E-09
1.75	0.03	0.625	p	1	7.46E-01
1.75	0.03	0.625	he	2	3.52E-01
1.75	0.03	0.625	c	6	3.93E-03
1.75	0.03	0.625	n	7	3.76E-03
1.75	0.03	0.625	o	8	1.38E-02
1.75	0.03	0.625	f	9	8.82E-07
1.75	0.03	0.625	ne	10	3.03E-03
1.75	0.03	0.625	na	11	8.30E-05
1.75	0.03	0.625	mg	12	1.71E-03
1.75	0.03	0.625	al	13	1.28E-04
1.75	0.03	0.625	si	14	1.61E-03
1.75	0.03	0.625	p	15	1.47E-05
1.75	0.03	0.625	s	16	7.46E-04
1.75	0.03	0.625	cl	17	9.70E-06
1.75	0.03	0.625	ar	18	1.77E-04
1.75	0.03	0.625	k	19	7.56E-06
1.75	0.03	0.625	ca	20	1.26E-04
1.75	0.03	0.625	sc	21	8.12E-08
1.75	0.03	0.625	ti	22	6.27E-06
1.75	0.03	0.625	v	23	7.46E-07
1.75	0.03	0.625	cr	24	3.50E-05
1.75	0.03	0.625	mn	25	2.67E-05
1.75	0.03	0.625	fe	26	3.12E-03
1.75	0.03	0.625	co	27	7.04E-06
1.75	0.03	0.625	ni	28	1.50E-04
1.75	0.03	0.625	cu	29	1.82E-06
1.75	0.03	0.625	zn	30	4.49E-06
1.75	0.03	0.625	ga	31	1.35E-07
1.75	0.03	0.625	ge	32	4.11E-07
1.75	0.03	0.625	as	33	2.41E-08
1.75	0.03	0.625	se	34	2.51E-07
1.75	0.03	0.625	br	35	4.46E-08
1.75	0.03	0.625	kr	36	2.39E-07
1.75	0.03	0.625	rb	37	3.13E-08
1.75	0.03	0.625	sr	38	1.07E-07
1.75	0.03	0.625	y	39	2.12E-08
1.75	0.03	0.625	zr	40	4.98E-08
1.75	0.03	0.625	nb	41	3.85E-09
1.75	0.03	0.625	mo	42	1.02E-08
1.75	0.03	0.625	ru	44	6.93E-09
1.75	0.03	0.625	rh	45	1.90E-09
1.75	0.03	0.625	pd	46	6.68E-09
1.75	0.03	0.625	ag	47	2.75E-09
1.75	0.03	0.625	cd	48	8.47E-09
1.75	0.03	0.625	in	49	1.02E-09
1.75	0.03	0.625	sn	50	1.95E-08
1.75	0.03	0.625	sb	51	1.15E-09
1.75	0.03	0.625	te	52	1.06E-08
1.75	0.03	0.625	i	53	7.25E-09
1.75	0.03	0.625	xe	54	3.37E-08
1.75	0.03	0.625	cs	55	2.57E-09
1.75	0.03	0.625	ba	56	3.34E-08
1.75	0.03	0.625	la	57	3.31E-09
1.75	0.03	0.625	ce	58	8.54E-09
1.75	0.03	0.625	pr	59	1.31E-09
1.75	0.03	0.625	nd	60	6.18E-09
1.75	0.03	0.625	sm	62	1.56E-09
1.75	0.03	0.625	eu	63	7.92E-10
1.75	0.03	0.625	gd	64	2.84E-09
1.75	0.03	0.625	tb	65	5.35E-10
1.75	0.03	0.625	dy	66	3.53E-09
1.75	0.03	0.625	ho	67	7.84E-10
1.75	0.03	0.625	er	68	2.20E-09
1.75	0.03	0.625	tm	69	3.59E-10
1.75	0.03	0.625	yb	70	2.01E-09
1.75	0.03	0.625	lu	71	3.46E-10
1.75	0.03	0.625	hf	72	1.47E-09
1.75	0.03	0.625	ta	73	2.21E-10
1.75	0.03	0.625	w	74	1.32E-09
1.75	0.03	0.625	re	75	5.33E-10
1.75	0.03	0.625	os	76	6.87E-09
1.75	0.03	0.625	ir	77	6.47E-09
1.75	0.03	0.625	pt	78	1.22E-08
1.75	0.03	0.625	au	79	2.00E-09
1.75	0.03	0.625	hg	80	4.44E-09
1.75	0.03	0.625	tl	81	1.94E-09
1.75	0.03	0.625	pb	82	3.66E-08
1.75	0.03	0.625	bi	83	1.50E-09
2.00	0.03	0.643	p	1	9.05E-01
2.00	0.03	0.643	he	2	4.20E-01
2.00	0.03	0.643	c	6	5.15E-03
2.00	0.03	0.643	n	7	4.05E-03
2.00	0.03	0.643	o	8	1.67E-02
2.00	0.03	0.643	f	9	1.06E-06
2.00	0.03	0.643	ne	10	3.65E-03
2.00	0.03	0.643	na	11	1.00E-04
2.00	0.03	0.643	mg	12	2.06E-03
2.00	0.03	0.643	al	13	1.55E-04
2.00	0.03	0.643	si	14	1.94E-03
2.00	0.03	0.643	p	15	1.78E-05
2.00	0.03	0.643	s	16	9.01E-04
2.00	0.03	0.643	cl	17	1.17E-05
2.00	0.03	0.643	ar	18	2.14E-04
2.00	0.03	0.643	k	19	9.12E-06
2.00	0.03	0.643	ca	20	1.52E-04
2.00	0.03	0.643	sc	21	9.80E-08
2.00	0.03	0.643	ti	22	7.56E-06
2.00	0.03	0.643	v	23	9.01E-07
2.00	0.03	0.643	cr	24	4.22E-05
2.00	0.03	0.643	mn	25	3.22E-05
2.00	0.03	0.643	fe	26	3.76E-03
2.00	0.03	0.643	co	27	8.49E-06
2.00	0.03	0.643	ni	28	1.81E-04
2.00	0.03	0.643	cu	29	2.20E-06
2.00	0.03	0.643	zn	30	5.42E-06
2.00	0.03	0.643	ga	31	1.63E-07
2.00	0.03	0.643	ge	32	4.96E-07
2.00	0.03	0.643	as	33	2.91E-08
2.00	0.03	0.643	se	34	3.03E-07
2.00	0.03	0.643	br	35	5.38E-08
2.00	0.03	0.643	kr	36	2.89E-07
2.00	0.03	0.643	rb	37	3.79E-08
2.00	0.03	0.643	sr	38	1.29E-07
2.00	0.03	0.643	y	39	2.56E-08
2.00	0.03	0.643	zr	40	6.01E-08
2.00	0.03	0.643	nb	41	4.64E-09
2.00	0.03	0.643	mo	42	1.23E-08
2.00	0.03	0.643	ru	44	8.36E-09
2.00	0.03	0.643	rh	45	2.30E-09
2.00	0.03	0.643	pd	46	8.06E-09
2.00	0.03	0.643	ag	47	3.32E-09
2.00	0.03	0.643	cd	48	1.02E-08
2.00	0.03	0.643	in	49	1.23E-09
2.00	0.03	0.643	sn	50	2.35E-08
2.00	0.03	0.643	sb	51	1.39E-09
2.00	0.03	0.643	te	52	1.28E-08
2.00	0.03	0.643	i	53	8.75E-09
2.00	0.03	0.643	xe	54	4.07E-08
2.00	0.03	0.643	cs	55	3.11E-09
2.00	0.03	0.643	ba	56	4.03E-08
2.00	0.03	0.643	la	57	3.99E-09
2.00	0.03	0.643	ce	58	1.03E-08
2.00	0.03	0.643	pr	59	1.58E-09
2.00	0.03	0.643	nd	60	7.46E-09
2.00	0.03	0.643	sm	62	1.89E-09
2.00	0.03	0.643	eu	63	9.56E-10
2.00	0.03	0.643	gd	64	3.43E-09
2.00	0.03	0.643	tb	65	6.45E-10
2.00	0.03	0.643	dy	66	4.25E-09
2.00	0.03	0.643	ho	67	9.46E-10
2.00	0.03	0.643	er	68	2.66E-09
2.00	0.03	0.643	tm	69	4.33E-10
2.00	0.03	0.643	yb	70	2.43E-09
2.00	0.03	0.643	lu	71	4.18E-10
2.00	0.03	0.643	hf	72	1.78E-09
2.00	0.03	0.643	ta	73	2.67E-10
2.00	0.03	0.643	w	74	1.59E-09
2.00	0.03	0.643	re	75	6.51E-10
2.00	0.03	0.643	os	76	8.28E-09
2.00	0.03	0.643	ir	77	7.80E-09
2.00	0.03	0.643	pt	78	1.47E-08
2.00	0.03	0.643	au	79	2.42E-09
2.00	0.03	0.643	hg	80	5.36E-09
2.00	0.03	0.643	tl	81	2.34E-09
2.00	0.03	0.643	pb	82	4.42E-08
2.00	0.03	0.643	bi	83	1.81E-09
2.25	0.03	0.661	p	1	1.06E+00
2.25	0.03	0.661	he	2	4.89E-01
2.25	0.03	0.661	c	6	6.09E-03
2.25	0.03	0.661	n	7	4.68E-03
2.25	0.03	0.661	o	8	1.95E-02
2.25	0.03	0.661	f	9	1.24E-06
2.25	0.03	0.661	ne	10	4.27E-03
2.25	0.03	0.661	na	11	1.20E-04
2.25	0.03	0.661	mg	12	2.41E-03
2.25	0.03	0.661	al	13	1.81E-04
2.25	0.03	0.661	si	14	2.27E-03
2.25	0.03	0.661	p	15	2.08E-05
2.25	0.03	0.661	s	16	1.05E-03
2.25	0.03	0.661	cl	17	1.37E-05
2.25	0.03	0.661	ar	18	2.50E-04
2.25	0.03	0.661	k	19	1.07E-05
2.25	0.03	0.661	ca	20	1.78E-04
2.25	0.03	0.661	sc	21	1.15E-07
2.25	0.03	0.661	ti	22	8.85E-06
2.25	0.03	0.661	v	23	1.05E-06
2.25	0.03	0.661	cr	24	4.94E-05
2.25	0.03	0.661	mn	25	3.78E-05
2.25	0.03	0.661	fe	26	4.41E-03
2.25	0.03	0.661	co	27	9.94E-06
2.25	0.03	0.661	ni	28	2.12E-04
2.25	0.03	0.661	cu	29	2.57E-06
2.25	0.03	0.661	zn	30	6.35E-06
2.25	0.03	0.661	ga	31	1.91E-07
2.25	0.03	0.661	ge	32	5.81E-07
2.25	0.03	0.661	as	33	3.40E-08
2.25	0.03	0.661	se	34	3.55E-07
2.25	0.03	0.661	br	35	6.30E-08
2.25	0.03	0.661	kr	36	3.38E-07
2.25	0.03	0.661	rb	37	4.44E-08
2.25	0.03	0.661	sr	38	1.51E-07
2.25	0.03	0.661	y	39	2.99E-08
2.25	0.03	0.661	zr	40	7.03E-08
2.25	0.03	0.661	nb	41	5.43E-09
2.25	0.03	0.661	mo	42	1.44E-08
2.25	0.03	0.661	ru	44	9.79E-09
2.25	0.03	0.661	rh	45	2.69E-09
2.25	0.03	0.661	pd	46	9.44E-09
2.25	0.03	0.661	ag	47	3.89E-09
2.25	0.03	0.661	cd	48	1.20E-08
2.25	0.03	0.661	in	49	1.44E-09
2.25	0.03	0.661	sn	50	2.75E-08
2.25	0.03	0.661	sb	51	1.62E-09
2.25	0.03	0.661	te	52	1.50E-08
2.25	0.03	0.661	i	53	1.02E-08
2.25	0.03	0.661	xe	54	4.77E-08
2.25	0.03	0.661	cs	55	3.64E-09
2.25	0.03	0.661	ba	56	4.72E-08
2.25	0.03	0.661	la	57	4.67E-09
2.25	0.03	0.661	ce	58	1.21E-08
2.25	0.03	0.661	pr	59	1.85E-09
2.25	0.03	0.661	nd	60	8.73E-09
2.25	0.03	0.661	sm	62	2.21E-09
2.25	0.03	0.661	eu	63	1.12E-09
2.25	0.03	0.661	gd	64	4.02E-09
2.25	0.03	0.661	tb	65	7.56E-10
2.25	0.03	0.661	dy	66	4.98E-09
2.25	0.03	0.661	ho	67	1.11E-09
2.25	0.03	0.661	er	68	3.11E-09
2.25	0.03	0.661	tm	69	5.07E-10
2.25	0.03	0.661	yb	70	2.85E-09
2.25	0.03	0.661	lu	71	4.90E-10
2.25	0.03	0.661	hf	72	2.08E-09
2.25	0.03	0.661	ta	73	3.12E-10
2.25	0.03	0.661	w	74	1.87E-09
2.25	0.03	0.661	re	75	7.63E-10
2.25	0.03	0.661	os	76	9.70E-09
2.25	0.03	0.661	ir	77	9.14E-09
2.25	0.03	0.661	pt	78	1.72E-08
2.25	0.03	0.661	au	79	2.83E-09
2.25	0.03	0.661	hg	80	6.28E-09
2.25	0.03	0.661	tl	81	2.74E-09
2.25	0.03	0.661	pb	82	5.17E-08
2.25	0.03	0.661	bi	83	2.12E-09
2.50	0.03	0.65	p	1	1.19E+00
2.50	0.03	0.65	he	2	5.97E-01
2.50	0.03	0.65	c	6	1.90E-02
2.50	0.03	0.65	n	7	5.85E-03
2.50	0.03	0.65	o	8	2.25E-02
2.50	0.03	0.65	f	9	5.58E-06
2.50	0.03	0.65	ne	10	7.90E-03
2.50	0.03	0.65	na	11	2.01E-04
2.50	0.03	0.65	mg	12	2.82E-03
2.50	0.03	0.65	al	13	2.20E-04
2.50	0.03	0.65	si	14	2.64E-03
2.50	0.03	0.65	p	15	2.60E-05
2.50	0.03	0.65	s	16	1.23E-03
2.50	0.03	0.65	cl	17	1.68E-05
2.50	0.03	0.65	ar	18	2.91E-04
2.50	0.03	0.65	k	19	1.27E-05
2.50	0.03	0.65	ca	20	2.06E-04
2.50	0.03	0.65	sc	21	1.46E-07
2.50	0.03	0.65	ti	22	1.04E-05
2.50	0.03	0.65	v	23	1.22E-06
2.50	0.03	0.65	cr	24	5.74E-05
2.50	0.03	0.65	mn	25	4.46E-05
2.50	0.03	0.65	fe	26	5.12E-03
2.50	0.03	0.65	co	27	1.31E-05
2.50	0.03	0.65	ni	28	2.50E-04
2.50	0.03	0.65	cu	29	4.04E-06
2.50	0.03	0.65	zn	30	9.28E-06
2.50	0.03	0.65	ga	31	5.60E-07
2.50	0.03	0.65	ge	32	1.77E-06
2.50	0.03	0.65	as	33	7.63E-08
2.50	0.03	0.65	se	34	1.48E-06
2.50	0.03	0.65	br	35	2.19E-07
2.50	0.03	0.65	kr	36	1.50E-06
2.50	0.03	0.65	rb	37	1.43E-07
2.50	0.03	0.65	sr	38	2.69E-06
2.50	0.03	0.65	y	39	5.25E-07
2.50	0.03	0.65	zr	40	1.12E-06
2.50	0.03	0.65	nb	41	6.48E-08
2.50	0.03	0.65	mo	42	1.66E-07
2.50	0.03	0.65	ru	44	9.40E-08
2.50	0.03	0.65	rh	45	9.59E-09
2.50	0.03	0.65	pd	46	9.32E-08
2.50	0.03	0.65	ag	47	1.69E-08
2.50	0.03	0.65	cd	48	1.31E-07
2.50	0.03	0.65	in	49	9.92E-09
2.50	0.03	0.65	sn	50	3.15E-07
2.50	0.03	0.65	sb	51	1.02E-08
2.50	0.03	0.65	te	52	1.26E-07
2.50	0.03	0.65	i	53	1.80E-08
2.50	0.03	0.65	xe	54	1.80E-07
2.50	0.03	0.65	cs	55	1.16E-08
2.50	0.03	0.65	ba	56	5.21E-07
2.50	0.03	0.65	la	57	4.22E-08
2.50	0.03	0.65	ce	58	1.04E-07
2.50	0.03	0.65	pr	59	9.20E-09
2.50	0.03	0.65	nd	60	5.54E-08
2.50	0.03	0.65	sm	62	9.94E-09
2.50	0.03	0.65	eu	63	1.77E-09
2.50	0.03	0.65	gd	64	9.43E-09
2.50	0.03	0.65	tb	65	1.33E-09
2.50	0.03	0.65	dy	66	1.26E-08
2.50	0.03	0.65	ho	67	1.88E-09
2.50	0.03	0.65	er	68	7.79E-09
2.50	0.03	0.65	tm	69	1.11E-09
2.50	0.03	0.65	yb	70	1.31E-08
2.50	0.03	0.65	lu	71	1.67E-09
2.50	0.03	0.65	hf	72	1.08E-08
2.50	0.03	0.65	ta	73	1.36E-09
2.50	0.03	0.65	w	74	9.43E-09
2.50	0.03	0.65	re	75	1.51E-09
2.50	0.03	0.65	os	76	1.88E-08
2.50	0.03	0.65	ir	77	1.14E-08
2.50	0.03	0.65	pt	78	2.74E-08
2.50	0.03	0.65	au	79	4.39E-09
2.50	0.03	0.65	hg	80	2.88E-08
2.50	0.03	0.65	tl	81	1.07E-08
2.50	0.03	0.65	pb	82	1.79E-07
2.50	0.03	0.65	bi	83	2.73E-09
2.75	0.03	0.67	p	1	1.33E+00
2.75	0.03	0.67	he	2	6.80E-01
2.75	0.03	0.67	c	6	2.02E-02
2.75	0.03	0.67	n	7	7.46E-03
2.75	0.03	0.67	o	8	2.48E-02
2.75	0.03	0.67	f	9	5.95E-06
2.75	0.03	0.67	ne	10	9.34E-03
2.75	0.03	0.67	na	11	2.55E-04
2.75	0.03	0.67	mg	12	3.18E-03
2.75	0.03	0.67	al	13	2.49E-04
2.75	0.03	0.67	si	14	2.97E-03
2.75	0.03	0.67	p	15	2.94E-05
2.75	0.03	0.67	s	16	1.38E-03
2.75	0.03	0.67	cl	17	1.89E-05
2.75	0.03	0.67	ar	18	3.27E-04
2.75	0.03	0.67	k	19	1.43E-05
2.75	0.03	0.67	ca	20	2.32E-04
2.75	0.03	0.67	sc	21	1.66E-07
2.75	0.03	0.67	ti	22	1.17E-05
2.75	0.03	0.67	v	23	1.37E-06
2.75	0.03	0.67	cr	24	6.45E-05
2.75	0.03	0.67	mn	25	5.03E-05
2.75	0.03	0.67	fe	26	5.75E-03
2.75	0.03	0.67	co	27	1.48E-05
2.75	0.03	0.67	ni	28	2.81E-04
2.75	0.03	0.67	cu	29	4.56E-06
2.75	0.03	0.67	zn	30	1.07E-05
2.75	0.03	0.67	ga	31	7.02E-07
2.75	0.03	0.67	ge	32	2.28E-06
2.75	0.03	0.67	as	33	9.64E-08
2.75	0.03	0.67	se	34	1.98E-06
2.75	0.03	0.67	br	35	2.91E-07
2.75	0.03	0.67	kr	36	2.01E-06
2.75	0.03	0.67	rb	37	1.96E-07
2.75	0.03	0.67	sr	38	3.47E-06
2.75	0.03	0.67	y	39	6.67E-07
2.75	0.03	0.67	zr	40	1.37E-06
2.75	0.03	0.67	nb	41	7.94E-08
2.75	0.03	0.67	mo	42	1.98E-07
2.75	0.03	0.67	ru	44	1.11E-07
2.75	0.03	0.67	rh	45	1.11E-08
2.75	0.03	0.67	pd	46	1.10E-07
2.75	0.03	0.67	ag	47	1.97E-08
2.75	0.03	0.67	cd	48	1.55E-07
2.75	0.03	0.67	in	49	1.17E-08
2.75	0.03	0.67	sn	50	3.75E-07
2.75	0.03	0.67	sb	51	1.20E-08
2.75	0.03	0.67	te	52	1.49E-07
2.75	0.03	0.67	i	53	2.07E-08
2.75	0.03	0.67	xe	54	2.13E-07
2.75	0.03	0.67	cs	55	1.38E-08
2.75	0.03	0.67	ba	56	6.70E-07
2.75	0.03	0.67	la	57	5.59E-08
2.75	0.03	0.67	ce	58	1.42E-07
2.75	0.03	0.67	pr	59	1.25E-08
2.75	0.03	0.67	nd	60	7.64E-08
2.75	0.03	0.67	sm	62	1.36E-08
2.75	0.03	0.67	eu	63	2.17E-09
2.75	0.03	0.67	gd	64	1.22E-08
2.75	0.03	0.67	tb	65	1.66E-09
2.75	0.03	0.67	dy	66	1.65E-08
2.75	0.03	0.67	ho	67	2.33E-09
2.75	0.03	0.67	er	68	1.03E-08
2.75	0.03	0.67	tm	69	1.43E-09
2.75	0.03	0.67	yb	70	1.81E-08
2.75	0.03	0.67	lu	71	2.28E-09
2.75	0.03	0.67	hf	72	1.53E-08
2.75	0.03	0.67	ta	73	1.92E-09
2.75	0.03	0.67	w	74	1.34E-08
2.75	0.03	0.67	re	75	1.98E-09
2.75	0.03	0.67	os	76	2.41E-08
2.75	0.03	0.67	ir	77	1.32E-08
2.75	0.03	0.67	pt	78	3.35E-08
2.75	0.03	0.67	au	79	5.39E-09
2.75	0.03	0.67	hg	80	4.11E-08
2.75	0.03	0.67	tl	81	1.54E-08
2.75	0.03	0.67	pb	82	2.62E-07
2.75	0.03	0.67	bi	83	3.29E-09
3.00	0.03	0.691	p	1	1.48E+00
3.00	0.03	0.691	he	2	7.54E-01
3.00	0.03	0.691	c	6	2.04E-02
3.00	0.03	0.691	n	7	8.54E-03
3.00	0.03	0.691	o	8	2.72E-02
3.00	0.03	0.691	f	9	5.94E-06
3.00	0.03	0.691	ne	10	9.89E-03
3.00	0.03	0.691	na	11	2.64E-04
3.00	0.03	0.691	mg	12	3.54E-03
3.00	0.03	0.691	al	13	2.76E-04
3.00	0.03	0.691	si	14	3.30E-03
3.00	0.03	0.691	p	15	3.25E-05
3.00	0.03	0.691	s	16	1.53E-03
3.00	0.03	0.691	cl	17	2.09E-05
3.00	0.03	0.691	ar	18	3.63E-04
3.00	0.03	0.691	k	19	1.58E-05
3.00	0.03	0.691	ca	20	2.58E-04
3.00	0.03	0.691	sc	21	1.84E-07
3.00	0.03	0.691	ti	22	1.30E-05
3.00	0.03	0.691	v	23	1.52E-06
3.00	0.03	0.691	cr	24	7.16E-05
3.00	0.03	0.691	mn	25	5.59E-05
3.00	0.03	0.691	fe	26	6.38E-03
3.00	0.03	0.691	co	27	1.63E-05
3.00	0.03	0.691	ni	28	3.11E-04
3.00	0.03	0.691	cu	29	4.99E-06
3.00	0.03	0.691	zn	30	1.18E-05
3.00	0.03	0.691	ga	31	7.50E-07
3.00	0.03	0.691	ge	32	2.44E-06
3.00	0.03	0.691	as	33	1.04E-07
3.00	0.03	0.691	se	34	2.10E-06
3.00	0.03	0.691	br	35	3.12E-07
3.00	0.03	0.691	kr	36	2.10E-06
3.00	0.03	0.691	rb	37	2.19E-07
3.00	0.03	0.691	sr	38	3.42E-06
3.00	0.03	0.691	y	39	6.50E-07
3.00	0.03	0.691	zr	40	1.30E-06
3.00	0.03	0.691	nb	41	7.60E-08
3.00	0.03	0.691	mo	42	1.87E-07
3.00	0.03	0.691	ru	44	1.04E-07
3.00	0.03	0.691	rh	45	1.09E-08
3.00	0.03	0.691	pd	46	1.03E-07
3.00	0.03	0.691	ag	47	1.90E-08
3.00	0.03	0.691	cd	48	1.46E-07
3.00	0.03	0.691	in	49	1.11E-08
3.00	0.03	0.691	sn	50	3.52E-07
3.00	0.03	0.691	sb	51	1.13E-08
3.00	0.03	0.691	te	52	1.42E-07
3.00	0.03	0.691	i	53	2.17E-08
3.00	0.03	0.691	xe	54	2.09E-07
3.00	0.03	0.691	cs	55	1.38E-08
3.00	0.03	0.691	ba	56	6.44E-07
3.00	0.03	0.691	la	57	5.40E-08
3.00	0.03	0.691	ce	58	1.35E-07
3.00	0.03	0.691	pr	59	1.23E-08
3.00	0.03	0.691	nd	60	7.34E-08
3.00	0.03	0.691	sm	62	1.32E-08
3.00	0.03	0.691	eu	63	2.30E-09
3.00	0.03	0.691	gd	64	1.22E-08
3.00	0.03	0.691	tb	65	1.71E-09
3.00	0.03	0.691	dy	66	1.65E-08
3.00	0.03	0.691	ho	67	2.42E-09
3.00	0.03	0.691	er	68	1.03E-08
3.00	0.03	0.691	tm	69	1.45E-09
3.00	0.03	0.691	yb	70	1.74E-08
3.00	0.03	0.691	lu	71	2.23E-09
3.00	0.03	0.691	hf	72	1.48E-08
3.00	0.03	0.691	ta	73	1.91E-09
3.00	0.03	0.691	w	74	1.29E-08
3.00	0.03	0.691	re	75	2.08E-09
3.00	0.03	0.691	os	76	2.44E-08
3.00	0.03	0.691	ir	77	1.44E-08
3.00	0.03	0.691	pt	78	3.49E-08
3.00	0.03	0.691	au	79	5.69E-09
3.00	0.03	0.691	hg	80	3.95E-08
3.00	0.03	0.691	tl	81	1.51E-08
3.00	0.03	0.691	pb	82	2.55E-07
3.00	0.03	0.691	bi	83	3.60E-09
3.25	0.03	0.713	p	1	1.63E+00
3.25	0.03	0.713	he	2	8.30E-01
3.25	0.03	0.713	c	6	2.28E-02
3.25	0.03	0.713	n	7	9.43E-03
3.25	0.03	0.713	o	8	2.96E-02
3.25	0.03	0.713	f	9	6.29E-06
3.25	0.03	0.713	ne	10	9.92E-03
3.25	0.03	0.713	na	11	2.55E-04
3.25	0.03	0.713	mg	12	3.88E-03
3.25	0.03	0.713	al	13	3.05E-04
3.25	0.03	0.713	si	14	3.62E-03
3.25	0.03	0.713	p	15	3.47E-05
3.25	0.03	0.713	s	16	1.68E-03
3.25	0.03	0.713	cl	17	2.27E-05
3.25	0.03	0.713	ar	18	3.99E-04
3.25	0.03	0.713	k	19	1.73E-05
3.25	0.03	0.713	ca	20	2.83E-04
3.25	0.03	0.713	sc	21	1.99E-07
3.25	0.03	0.713	ti	22	1.42E-05
3.25	0.03	0.713	v	23	1.67E-06
3.25	0.03	0.713	cr	24	7.88E-05
3.25	0.03	0.713	mn	25	6.16E-05
3.25	0.03	0.713	fe	26	7.02E-03
3.25	0.03	0.713	co	27	1.77E-05
3.25	0.03	0.713	ni	28	3.40E-04
3.25	0.03	0.713	cu	29	4.95E-06
3.25	0.03	0.713	zn	30	1.18E-05
3.25	0.03	0.713	ga	31	6.04E-07
3.25	0.03	0.713	ge	32	1.95E-06
3.25	0.03	0.713	as	33	8.94E-08
3.25	0.03	0.713	se	34	1.60E-06
3.25	0.03	0.713	br	35	2.45E-07
3.25	0.03	0.713	kr	36	1.64E-06
3.25	0.03	0.713	rb	37	1.88E-07
3.25	0.03	0.713	sr	38	2.51E-06
3.25	0.03	0.713	y	39	4.90E-07
3.25	0.03	0.713	zr	40	9.76E-07
3.25	0.03	0.713	nb	41	5.84E-08
3.25	0.03	0.713	mo	42	1.39E-07
3.25	0.03	0.713	ru	44	7.75E-08
3.25	0.03	0.713	rh	45	9.05E-09
3.25	0.03	0.713	pd	46	7.59E-08
3.25	0.03	0.713	ag	47	1.52E-08
3.25	0.03	0.713	cd	48	1.06E-07
3.25	0.03	0.713	in	49	8.24E-09
3.25	0.03	0.713	sn	50	2.43E-07
3.25	0.03	0.713	sb	51	8.05E-09
3.25	0.03	0.713	te	52	9.56E-08
3.25	0.03	0.713	i	53	2.02E-08
3.25	0.03	0.713	xe	54	1.56E-07
3.25	0.03	0.713	cs	55	1.06E-08
3.25	0.03	0.713	ba	56	3.64E-07
3.25	0.03	0.713	la	57	3.01E-08
3.25	0.03	0.713	ce	58	7.38E-08
3.25	0.03	0.713	pr	59	7.47E-09
3.25	0.03	0.713	nd	60	4.16E-08
3.25	0.03	0.713	sm	62	7.97E-09
3.25	0.03	0.713	eu	63	2.07E-09
3.25	0.03	0.713	gd	64	9.22E-09
3.25	0.03	0.713	tb	65	1.47E-09
3.25	0.03	0.713	dy	66	1.21E-08
3.25	0.03	0.713	ho	67	2.12E-09
3.25	0.03	0.713	er	68	7.62E-09
3.25	0.03	0.713	tm	69	1.13E-09
3.25	0.03	0.713	yb	70	1.05E-08
3.25	0.03	0.713	lu	71	1.46E-09
3.25	0.03	0.713	hf	72	8.67E-09
3.25	0.03	0.713	ta	73	1.16E-09
3.25	0.03	0.713	w	74	7.50E-09
3.25	0.03	0.713	re	75	1.67E-09
3.25	0.03	0.713	os	76	1.98E-08
3.25	0.03	0.713	ir	77	1.48E-08
3.25	0.03	0.713	pt	78	3.16E-08
3.25	0.03	0.713	au	79	5.21E-09
3.25	0.03	0.713	hg	80	2.36E-08
3.25	0.03	0.713	tl	81	9.35E-09
3.25	0.03	0.713	pb	82	1.49E-07
3.25	0.03	0.713	bi	83	3.56E-09
3.50	0.03	0.727	p	1	1.76E+00
3.50	0.03	0.727	he	2	9.22E-01
3.50	0.03	0.727	c	6	2.95E-02
3.50	0.03	0.727	n	7	1.08E-02
3.50	0.03	0.727	o	8	3.19E-02
3.50	0.03	0.727	f	9	9.20E-06
3.50	0.03	0.727	ne	10	1.21E-02
3.50	0.03	0.727	na	11	2.98E-04
3.50	0.03	0.727	mg	12	4.27E-03
3.50	0.03	0.727	al	13	3.40E-04
3.50	0.03	0.727	si	14	3.96E-03
3.50	0.03	0.727	p	15	3.86E-05
3.50	0.03	0.727	s	16	1.84E-03
3.50	0.03	0.727	cl	17	2.52E-05
3.50	0.03	0.727	ar	18	4.35E-04
3.50	0.03	0.727	k	19	1.90E-05
3.50	0.03	0.727	ca	20	3.09E-04
3.50	0.03	0.727	sc	21	2.28E-07
3.50	0.03	0.727	ti	22	1.56E-05
3.50	0.03	0.727	v	23	1.81E-06
3.50	0.03	0.727	cr	24	8.61E-05
3.50	0.03	0.727	mn	25	6.80E-05
3.50	0.03	0.727	fe	26	7.67E-03
3.50	0.03	0.727	co	27	2.08E-05
3.50	0.03	0.727	ni	28	3.72E-04
3.50	0.03	0.727	cu	29	5.85E-06
3.50	0.03	0.727	zn	30	1.36E-05
3.50	0.03	0.727	ga	31	7.78E-07
3.50	0.03	0.727	ge	32	2.56E-06
3.50	0.03	0.727	as	33	1.13E-07
3.50	0.03	0.727	se	34	2.17E-06
3.50	0.03	0.727	br	35	3.28E-07
3.50	0.03	0.727	kr	36	2.19E-06
3.50	0.03	0.727	rb	37	2.86E-07
3.50	0.03	0.727	sr	38	3.21E-06
3.50	0.03	0.727	y	39	6.16E-07
3.50	0.03	0.727	zr	40	1.16E-06
3.50	0.03	0.727	nb	41	6.91E-08
3.50	0.03	0.727	mo	42	1.59E-07
3.50	0.03	0.727	ru	44	8.63E-08
3.50	0.03	0.727	rh	45	1.00E-08
3.50	0.03	0.727	pd	46	8.46E-08
3.50	0.03	0.727	ag	47	1.68E-08
3.50	0.03	0.727	cd	48	1.18E-07
3.50	0.03	0.727	in	49	9.20E-09
3.50	0.03	0.727	sn	50	2.72E-07
3.50	0.03	0.727	sb	51	8.92E-09
3.50	0.03	0.727	te	52	1.06E-07
3.50	0.03	0.727	i	53	2.20E-08
3.50	0.03	0.727	xe	54	1.73E-07
3.50	0.03	0.727	cs	55	1.18E-08
3.50	0.03	0.727	ba	56	4.12E-07
3.50	0.03	0.727	la	57	3.39E-08
3.50	0.03	0.727	ce	58	8.22E-08
3.50	0.03	0.727	pr	59	8.38E-09
3.50	0.03	0.727	nd	60	4.57E-08
3.50	0.03	0.727	sm	62	8.63E-09
3.50	0.03	0.727	eu	63	2.25E-09
3.50	0.03	0.727	gd	64	1.00E-08
3.50	0.03	0.727	tb	65	1.59E-09
3.50	0.03	0.727	dy	66	1.31E-08
3.50	0.03	0.727	ho	67	2.30E-09
3.50	0.03	0.727	er	68	8.39E-09
3.50	0.03	0.727	tm	69	1.23E-09
3.50	0.03	0.727	yb	70	1.15E-08
3.50	0.03	0.727	lu	71	1.58E-09
3.50	0.03	0.727	hf	72	9.56E-09
3.50	0.03	0.727	ta	73	1.28E-09
3.50	0.03	0.727	w	74	8.17E-09
3.50	0.03	0.727	re	75	1.82E-09
3.50	0.03	0.727	os	76	2.14E-08
3.50	0.03	0.727	ir	77	1.61E-08
3.50	0.03	0.727	pt	78	3.42E-08
3.50	0.03	0.727	au	79	5.65E-09
3.50	0.03	0.727	hg	80	2.58E-08
3.50	0.03	0.727	tl	81	1.02E-08
3.50	0.03	0.727	pb	82	1.58E-07
3.50	0.03	0.727	bi	83	3.89E-09
3.75	0.03	0.744	p	1	1.91E+00
3.75	0.03	0.744	he	2	9.96E-01
3.75	0.03	0.744	c	6	3.20E-02
3.75	0.03	0.744	n	7	1.16E-02
3.75	0.03	0.744	o	8	3.46E-02
3.75	0.03	0.744	f	9	1.02E-05
3.75	0.03	0.744	ne	10	1.32E-02
3.75	0.03	0.744	na	11	3.16E-04
3.75	0.03	0.744	mg	12	4.65E-03
3.75	0.03	0.744	al	13	3.71E-04
3.75	0.03	0.744	si	14	4.30E-03
3.75	0.03	0.744	p	15	4.20E-05
3.75	0.03	0.744	s	16	1.99E-03
3.75	0.03	0.744	cl	17	2.74E-05
3.75	0.03	0.744	ar	18	4.72E-04
3.75	0.03	0.744	k	19	2.06E-05
3.75	0.03	0.744	ca	20	3.35E-04
3.75	0.03	0.744	sc	21	2.52E-07
3.75	0.03	0.744	ti	22	1.69E-05
3.75	0.03	0.744	v	23	1.96E-06
3.75	0.03	0.744	cr	24	9.33E-05
3.75	0.03	0.744	mn	25	7.37E-05
3.75	0.03	0.744	fe	26	8.31E-03
3.75	0.03	0.744	co	27	2.33E-05
3.75	0.03	0.744	ni	28	4.04E-04
3.75	0.03	0.744	cu	29	6.56E-06
3.75	0.03	0.744	zn	30	1.50E-05
3.75	0.03	0.744	ga	31	8.67E-07
3.75	0.03	0.744	ge	32	2.88E-06
3.75	0.03	0.744	as	33	1.27E-07
3.75	0.03	0.744	se	34	2.45E-06
3.75	0.03	0.744	br	35	3.70E-07
3.75	0.03	0.744	kr	36	2.47E-06
3.75	0.03	0.744	rb	37	3.69E-07
3.75	0.03	0.744	sr	38	3.38E-06
3.75	0.03	0.744	y	39	6.53E-07
3.75	0.03	0.744	zr	40	1.19E-06
3.75	0.03	0.744	nb	41	7.26E-08
3.75	0.03	0.744	mo	42	1.62E-07
3.75	0.03	0.744	ru	44	8.57E-08
3.75	0.03	0.744	rh	45	1.03E-08
3.75	0.03	0.744	pd	46	8.47E-08
3.75	0.03	0.744	ag	47	1.72E-08
3.75	0.03	0.744	cd	48	1.19E-07
3.75	0.03	0.744	in	49	9.38E-09
3.75	0.03	0.744	sn	50	2.75E-07
3.75	0.03	0.744	sb	51	9.09E-09
3.75	0.03	0.744	te	52	1.07E-07
3.75	0.03	0.744	i	53	2.34E-08
3.75	0.03	0.744	xe	54	1.80E-07
3.75	0.03	0.744	cs	55	1.23E-08
3.75	0.03	0.744	ba	56	4.14E-07
3.75	0.03	0.744	la	57	3.39E-08
3.75	0.03	0.744	ce	58	8.08E-08
3.75	0.03	0.744	pr	59	8.52E-09
3.75	0.03	0.744	nd	60	4.48E-08
3.75	0.03	0.744	sm	62	8.47E-09
3.75	0.03	0.744	eu	63	2.39E-09
3.75	0.03	0.744	gd	64	1.04E-08
3.75	0.03	0.744	tb	65	1.67E-09
3.75	0.03	0.744	dy	66	1.34E-08
3.75	0.03	0.744	ho	67	2.41E-09
3.75	0.03	0.744	er	68	8.66E-09
3.75	0.03	0.744	tm	69	1.27E-09
3.75	0.03	0.744	yb	70	1.14E-08
3.75	0.03	0.744	lu	71	1.57E-09
3.75	0.03	0.744	hf	72	9.47E-09
3.75	0.03	0.744	ta	73	1.27E-09
3.75	0.03	0.744	w	74	8.04E-09
3.75	0.03	0.744	re	75	1.91E-09
3.75	0.03	0.744	os	76	2.21E-08
3.75	0.03	0.744	ir	77	1.73E-08
3.75	0.03	0.744	pt	78	3.59E-08
3.75	0.03	0.744	au	79	5.95E-09
3.75	0.03	0.744	hg	80	2.54E-08
3.75	0.03	0.744	tl	81	1.03E-08
3.75	0.03	0.744	pb	82	1.54E-07
3.75	0.03	0.744	bi	83	4.18E-09
4.00	0.03	0.774	p	1	2.08E+00
4.00	0.03	0.774	he	2	1.05E+00
4.00	0.03	0.774	c	6	2.61E-02
4.00	0.03	0.774	n	7	1.33E-02
4.00	0.03	0.774	o	8	3.72E-02
4.00	0.03	0.774	f	9	7.40E-06
4.00	0.03	0.774	ne	10	1.22E-02
4.00	0.03	0.774	na	11	3.20E-04
4.00	0.03	0.774	mg	12	4.99E-03
4.00	0.03	0.774	al	13	3.92E-04
4.00	0.03	0.774	si	14	4.61E-03
4.00	0.03	0.774	p	15	4.46E-05
4.00	0.03	0.774	s	16	2.14E-03
4.00	0.03	0.774	cl	17	2.90E-05
4.00	0.03	0.774	ar	18	5.07E-04
4.00	0.03	0.774	k	19	2.20E-05
4.00	0.03	0.774	ca	20	3.60E-04
4.00	0.03	0.774	sc	21	2.63E-07
4.00	0.03	0.774	ti	22	1.81E-05
4.00	0.03	0.774	v	23	2.11E-06
4.00	0.03	0.774	cr	24	1.00E-04
4.00	0.03	0.774	mn	25	7.81E-05
4.00	0.03	0.774	fe	26	8.92E-03
4.00	0.03	0.774	co	27	2.43E-05
4.00	0.03	0.774	ni	28	4.34E-04
4.00	0.03	0.774	cu	29	6.80E-06
4.00	0.03	0.774	zn	30	1.54E-05
4.00	0.03	0.774	ga	31	7.99E-07
4.00	0.03	0.774	ge	32	2.64E-06
4.00	0.03	0.774	as	33	1.21E-07
4.00	0.03	0.774	se	34	2.20E-06
4.00	0.03	0.774	br	35	3.37E-07
4.00	0.03	0.774	kr	36	2.31E-06
4.00	0.03	0.774	rb	37	3.86E-07
4.00	0.03	0.774	sr	38	2.80E-06
4.00	0.03	0.774	y	39	5.59E-07
4.00	0.03	0.774	zr	40	1.01E-06
4.00	0.03	0.774	nb	41	6.43E-08
4.00	0.03	0.774	mo	42	1.40E-07
4.00	0.03	0.774	ru	44	7.07E-08
4.00	0.03	0.774	rh	45	9.44E-09
4.00	0.03	0.774	pd	46	7.11E-08
4.00	0.03	0.774	ag	47	1.56E-08
4.00	0.03	0.774	cd	48	1.01E-07
4.00	0.03	0.774	in	49	8.27E-09
4.00	0.03	0.774	sn	50	2.38E-07
4.00	0.03	0.774	sb	51	8.21E-09
4.00	0.03	0.774	te	52	9.46E-08
4.00	0.03	0.774	i	53	2.42E-08
4.00	0.03	0.774	xe	54	1.72E-07
4.00	0.03	0.774	cs	55	1.19E-08
4.00	0.03	0.774	ba	56	3.78E-07
4.00	0.03	0.774	la	57	3.18E-08
4.00	0.03	0.774	ce	58	7.60E-08
4.00	0.03	0.774	pr	59	8.35E-09
4.00	0.03	0.774	nd	60	4.22E-08
4.00	0.03	0.774	sm	62	8.16E-09
4.00	0.03	0.774	eu	63	2.52E-09
4.00	0.03	0.774	gd	64	1.06E-08
4.00	0.03	0.774	tb	65	1.75E-09
4.00	0.03	0.774	dy	66	1.35E-08
4.00	0.03	0.774	ho	67	2.53E-09
4.00	0.03	0.774	er	68	8.74E-09
4.00	0.03	0.774	tm	69	1.29E-09
4.00	0.03	0.774	yb	70	1.10E-08
4.00	0.03	0.774	lu	71	1.55E-09
4.00	0.03	0.774	hf	72	9.08E-09
4.00	0.03	0.774	ta	73	1.21E-09
4.00	0.03	0.774	w	74	7.77E-09
4.00	0.03	0.774	re	75	1.99E-09
4.00	0.03	0.774	os	76	2.30E-08
4.00	0.03	0.774	ir	77	1.86E-08
4.00	0.03	0.774	pt	78	3.77E-08
4.00	0.03	0.774	au	79	6.22E-09
4.00	0.03	0.774	hg	80	2.39E-08
4.00	0.03	0.774	tl	81	1.03E-08
4.00	0.03	0.774	pb	82	1.50E-07
4.00	0.03	0.774	bi	83	4.47E-09
4.25	0.03	0.806	p	1	2.24E+00
4.25	0.03	0.806	he	2	1.11E+00
4.25	0.03	0.806	c	6	2.24E-02
4.25	0.03	0.806	n	7	1.45E-02
4.25	0.03	0.806	o	8	3.98E-02
4.25	0.03	0.806	f	9	4.86E-06
4.25	0.03	0.806	ne	10	1.06E-02
4.25	0.03	0.806	na	11	3.21E-04
4.25	0.03	0.806	mg	12	5.26E-03
4.25	0.03	0.806	al	13	4.15E-04
4.25	0.03	0.806	si	14	4.92E-03
4.25	0.03	0.806	p	15	4.54E-05
4.25	0.03	0.806	s	16	2.28E-03
4.25	0.03	0.806	cl	17	3.02E-05
4.25	0.03	0.806	ar	18	5.42E-04
4.25	0.03	0.806	k	19	2.32E-05
4.25	0.03	0.806	ca	20	3.85E-04
4.25	0.03	0.806	sc	21	2.61E-07
4.25	0.03	0.806	ti	22	1.92E-05
4.25	0.03	0.806	v	23	2.27E-06
4.25	0.03	0.806	cr	24	1.07E-04
4.25	0.03	0.806	mn	25	8.29E-05
4.25	0.03	0.806	fe	26	9.54E-03
4.25	0.03	0.806	co	27	2.38E-05
4.25	0.03	0.806	ni	28	4.59E-04
4.25	0.03	0.806	cu	29	5.88E-06
4.25	0.03	0.806	zn	30	1.39E-05
4.25	0.03	0.806	ga	31	4.46E-07
4.25	0.03	0.806	ge	32	1.36E-06
4.25	0.03	0.806	as	33	7.70E-08
4.25	0.03	0.806	se	34	8.77E-07
4.25	0.03	0.806	br	35	1.51E-07
4.25	0.03	0.806	kr	36	8.84E-07
4.25	0.03	0.806	rb	37	1.23E-07
4.25	0.03	0.806	sr	38	6.09E-07
4.25	0.03	0.806	y	39	1.30E-07
4.25	0.03	0.806	zr	40	2.90E-07
4.25	0.03	0.806	nb	41	2.07E-08
4.25	0.03	0.806	mo	42	5.15E-08
4.25	0.03	0.806	ru	44	3.07E-08
4.25	0.03	0.806	rh	45	6.53E-09
4.25	0.03	0.806	pd	46	3.04E-08
4.25	0.03	0.806	ag	47	9.85E-09
4.25	0.03	0.806	cd	48	4.11E-08
4.25	0.03	0.806	in	49	4.16E-09
4.25	0.03	0.806	sn	50	9.53E-08
4.25	0.03	0.806	sb	51	4.44E-09
4.25	0.03	0.806	te	52	4.44E-08
4.25	0.03	0.806	i	53	2.26E-08
4.25	0.03	0.806	xe	54	1.16E-07
4.25	0.03	0.806	cs	55	8.61E-09
4.25	0.03	0.806	ba	56	1.33E-07
4.25	0.03	0.806	la	57	1.19E-08
4.25	0.03	0.806	ce	58	2.93E-08
4.25	0.03	0.806	pr	59	4.25E-09
4.25	0.03	0.806	nd	60	2.02E-08
4.25	0.03	0.806	sm	62	4.95E-09
4.25	0.03	0.806	eu	63	2.41E-09
4.25	0.03	0.806	gd	64	8.75E-09
4.25	0.03	0.806	tb	65	1.63E-09
4.25	0.03	0.806	dy	66	1.09E-08
4.25	0.03	0.806	ho	67	2.39E-09
4.25	0.03	0.806	er	68	6.85E-09
4.25	0.03	0.806	tm	69	1.11E-09
4.25	0.03	0.806	yb	70	6.51E-09
4.25	0.03	0.806	lu	71	1.09E-09
4.25	0.03	0.806	hf	72	4.79E-09
4.25	0.03	0.806	ta	73	7.07E-10
4.25	0.03	0.806	w	74	4.24E-09
4.25	0.03	0.806	re	75	1.67E-09
4.25	0.03	0.806	os	76	2.09E-08
4.25	0.03	0.806	ir	77	1.95E-08
4.25	0.03	0.806	pt	78	3.71E-08
4.25	0.03	0.806	au	79	6.12E-09
4.25	0.03	0.806	hg	80	1.47E-08
4.25	0.03	0.806	tl	81	6.25E-09
4.25	0.03	0.806	pb	82	1.14E-07
4.25	0.03	0.806	bi	83	4.61E-09
4.50	0.03	0.848	p	1	2.39E+00
4.50	0.03	0.848	he	2	1.17E+00
4.50	0.03	0.848	c	6	2.06E-02
4.50	0.03	0.848	n	7	1.50E-02
4.50	0.03	0.848	o	8	4.25E-02
4.50	0.03	0.848	f	9	4.17E-06
4.50	0.03	0.848	ne	10	1.08E-02
4.50	0.03	0.848	na	11	3.36E-04
4.50	0.03	0.848	mg	12	5.58E-03
4.50	0.03	0.848	al	13	4.38E-04
4.50	0.03	0.848	si	14	5.22E-03
4.50	0.03	0.848	p	15	4.81E-05
4.50	0.03	0.848	s	16	2.42E-03
4.50	0.03	0.848	cl	17	3.19E-05
4.50	0.03	0.848	ar	18	5.75E-04
4.50	0.03	0.848	k	19	2.46E-05
4.50	0.03	0.848	ca	20	4.08E-04
4.50	0.03	0.848	sc	21	2.75E-07
4.50	0.03	0.848	ti	22	2.04E-05
4.50	0.03	0.848	v	23	2.41E-06
4.50	0.03	0.848	cr	24	1.14E-04
4.50	0.03	0.848	mn	25	8.75E-05
4.50	0.03	0.848	fe	26	1.01E-02
4.50	0.03	0.848	co	27	2.49E-05
4.50	0.03	0.848	ni	28	4.87E-04
4.50	0.03	0.848	cu	29	6.24E-06
4.50	0.03	0.848	zn	30	1.48E-05
4.50	0.03	0.848	ga	31	4.70E-07
4.50	0.03	0.848	ge	32	1.43E-06
4.50	0.03	0.848	as	33	8.13E-08
4.50	0.03	0.848	se	34	9.17E-07
4.50	0.03	0.848	br	35	1.59E-07
4.50	0.03	0.848	kr	36	9.28E-07
4.50	0.03	0.848	rb	37	1.28E-07
4.50	0.03	0.848	sr	38	5.95E-07
4.50	0.03	0.848	y	39	1.27E-07
4.50	0.03	0.848	zr	40	2.84E-07
4.50	0.03	0.848	nb	41	2.05E-08
4.50	0.03	0.848	mo	42	5.12E-08
4.50	0.03	0.848	ru	44	3.06E-08
4.50	0.03	0.848	rh	45	6.79E-09
4.50	0.03	0.848	pd	46	3.02E-08
4.50	0.03	0.848	ag	47	1.02E-08
4.50	0.03	0.848	cd	48	4.06E-08
4.50	0.03	0.848	in	49	4.22E-09
4.50	0.03	0.848	sn	50	9.44E-08
4.50	0.03	0.848	sb	51	4.54E-09
4.50	0.03	0.848	te	52	4.47E-08
4.50	0.03	0.848	i	53	2.39E-08
4.50	0.03	0.848	xe	54	1.21E-07
4.50	0.03	0.848	cs	55	8.98E-09
4.50	0.03	0.848	ba	56	1.35E-07
4.50	0.03	0.848	la	57	1.23E-08
4.50	0.03	0.848	ce	58	3.06E-08
4.50	0.03	0.848	pr	59	4.48E-09
4.50	0.03	0.848	nd	60	2.12E-08
4.50	0.03	0.848	sm	62	5.23E-09
4.50	0.03	0.848	eu	63	2.56E-09
4.50	0.03	0.848	gd	64	9.29E-09
4.50	0.03	0.848	tb	65	1.73E-09
4.50	0.03	0.848	dy	66	1.16E-08
4.50	0.03	0.848	ho	67	2.54E-09
4.50	0.03	0.848	er	68	7.25E-09
4.50	0.03	0.848	tm	69	1.17E-09
4.50	0.03	0.848	yb	70	6.85E-09
4.50	0.03	0.848	lu	71	1.15E-09
4.50	0.03	0.848	hf	72	5.05E-09
4.50	0.03	0.848	ta	73	7.47E-10
4.50	0.03	0.848	w	74	4.49E-09
4.50	0.03	0.848	re	75	1.78E-09
4.50	0.03	0.848	os	76	2.23E-08
4.50	0.03	0.848	ir	77	2.08E-08
4.50	0.03	0.848	pt	78	3.94E-08
4.50	0.03	0.848	au	79	6.49E-09
4.50	0.03	0.848	hg	80	1.54E-08
4.50	0.03	0.848	tl	81	6.62E-09
4.50	0.03	0.848	pb	82	1.21E-07
4.50	0.03	0.848	bi	83	4.89E-09
4.75	0.03	0.858	p	1	2.51E+00
4.75	0.03	0.858	he	2	1.27E+00
4.75	0.03	0.858	c	6	2.32E-02
4.75	0.03	0.858	n	7	1.62E-02
4.75	0.03	0.858	o	8	4.50E-02
4.75	0.03	0.858	f	9	4.62E-06
4.75	0.03	0.858	ne	10	1.16E-02
4.75	0.03	0.858	na	11	3.64E-04
4.75	0.03	0.858	mg	12	5.96E-03
4.75	0.03	0.858	al	13	4.71E-04
4.75	0.03	0.858	si	14	5.56E-03
4.75	0.03	0.858	p	15	5.15E-05
4.75	0.03	0.858	s	16	2.58E-03
4.75	0.03	0.858	cl	17	3.41E-05
4.75	0.03	0.858	ar	18	6.12E-04
4.75	0.03	0.858	k	19	2.63E-05
4.75	0.03	0.858	ca	20	4.35E-04
4.75	0.03	0.858	sc	21	2.96E-07
4.75	0.03	0.858	ti	22	2.17E-05
4.75	0.03	0.858	v	23	2.57E-06
4.75	0.03	0.858	cr	24	1.21E-04
4.75	0.03	0.858	mn	25	9.32E-05
4.75	0.03	0.858	fe	26	1.08E-02
4.75	0.03	0.858	co	27	2.77E-05
4.75	0.03	0.858	ni	28	5.20E-04
4.75	0.03	0.858	cu	29	6.89E-06
4.75	0.03	0.858	zn	30	1.58E-05
4.75	0.03	0.858	ga	31	5.15E-07
4.75	0.03	0.858	ge	32	1.57E-06
4.75	0.03	0.858	as	33	8.82E-08
4.75	0.03	0.858	se	34	1.02E-06
4.75	0.03	0.858	br	35	1.75E-07
4.75	0.03	0.858	kr	36	1.06E-06
4.75	0.03	0.858	rb	37	1.54E-07
4.75	0.03	0.858	sr	38	7.16E-07
4.75	0.03	0.858	y	39	1.57E-07
4.75	0.03	0.858	zr	40	3.48E-07
4.75	0.03	0.858	nb	41	2.54E-08
4.75	0.03	0.858	mo	42	6.25E-08
4.75	0.03	0.858	ru	44	3.50E-08
4.75	0.03	0.858	rh	45	7.41E-09
4.75	0.03	0.858	pd	46	3.48E-08
4.75	0.03	0.858	ag	47	1.12E-08
4.75	0.03	0.858	cd	48	4.79E-08
4.75	0.03	0.858	in	49	4.83E-09
4.75	0.03	0.858	sn	50	1.14E-07
4.75	0.03	0.858	sb	51	5.20E-09
4.75	0.03	0.858	te	52	5.23E-08
4.75	0.03	0.858	i	53	2.57E-08
4.75	0.03	0.858	xe	54	1.34E-07
4.75	0.03	0.858	cs	55	9.88E-09
4.75	0.03	0.858	ba	56	1.60E-07
4.75	0.03	0.858	la	57	1.42E-08
4.75	0.03	0.858	ce	58	3.48E-08
4.75	0.03	0.858	pr	59	4.97E-09
4.75	0.03	0.858	nd	60	2.35E-08
4.75	0.03	0.858	sm	62	5.71E-09
4.75	0.03	0.858	eu	63	2.74E-09
4.75	0.03	0.858	gd	64	9.98E-09
4.75	0.03	0.858	tb	65	1.85E-09
4.75	0.03	0.858	dy	66	1.24E-08
4.75	0.03	0.858	ho	67	2.72E-09
4.75	0.03	0.858	er	68	7.80E-09
4.75	0.03	0.858	tm	69	1.26E-09
4.75	0.03	0.858	yb	70	7.47E-09
4.75	0.03	0.858	lu	71	1.25E-09
4.75	0.03	0.858	hf	72	5.56E-09
4.75	0.03	0.858	ta	73	8.16E-10
4.75	0.03	0.858	w	74	4.93E-09
4.75	0.03	0.858	re	75	1.91E-09
4.75	0.03	0.858	os	76	2.38E-08
4.75	0.03	0.858	ir	77	2.22E-08
4.75	0.03	0.858	pt	78	4.20E-08
4.75	0.03	0.858	au	79	6.93E-09
4.75	0.03	0.858	hg	80	1.67E-08
4.75	0.03	0.858	tl	81	7.30E-09
4.75	0.03	0.858	pb	82	1.31E-07
4.75	0.03	0.858	bi	83	5.22E-09
5.00	0.03	0.867	p	1	2.63E+00
5.00	0.03	0.867	he	2	1.39E+00
5.00	0.03	0.867	c	6	2.48E-02
5.00	0.03	0.867	n	7	1.91E-02
5.00	0.03	0.867	o	8	4.66E-02
5.00	0.03	0.867	f	9	5.02E-06
5.00	0.03	0.867	ne	10	1.24E-02
5.00	0.03	0.867	na	11	4.07E-04
5.00	0.03	0.867	mg	12	6.35E-03
5.00	0.03	0.867	al	13	5.05E-04
5.00	0.03	0.867	si	14	5.91E-03
5.00	0.03	0.867	p	15	5.45E-05
5.00	0.03	0.867	s	16	2.74E-03
5.00	0.03	0.867	cl	17	3.62E-05
5.00	0.03	0.867	ar	18	6.50E-04
5.00	0.03	0.867	k	19	2.79E-05
5.00	0.03	0.867	ca	20	4.61E-04
5.00	0.03	0.867	sc	21	3.17E-07
5.00	0.03	0.867	ti	22	2.30E-05
5.00	0.03	0.867	v	23	2.72E-06
5.00	0.03	0.867	cr	24	1.28E-04
5.00	0.03	0.867	mn	25	9.89E-05
5.00	0.03	0.867	fe	26	1.15E-02
5.00	0.03	0.867	co	27	3.06E-05
5.00	0.03	0.867	ni	28	5.53E-04
5.00	0.03	0.867	cu	29	7.45E-06
5.00	0.03	0.867	zn	30	1.66E-05
5.00	0.03	0.867	ga	31	5.14E-07
5.00	0.03	0.867	ge	32	1.55E-06
5.00	0.03	0.867	as	33	8.88E-08
5.00	0.03	0.867	se	34	9.39E-07
5.00	0.03	0.867	br	35	1.65E-07
5.00	0.03	0.867	kr	36	8.88E-07
5.00	0.03	0.867	rb	37	1.19E-07
5.00	0.03	0.867	sr	38	3.95E-07
5.00	0.03	0.867	y	39	7.83E-08
5.00	0.03	0.867	zr	40	1.83E-07
5.00	0.03	0.867	nb	41	1.41E-08
5.00	0.03	0.867	mo	42	3.74E-08
5.00	0.03	0.867	ru	44	2.54E-08
5.00	0.03	0.867	rh	45	6.92E-09
5.00	0.03	0.867	pd	46	2.45E-08
5.00	0.03	0.867	ag	47	1.00E-08
5.00	0.03	0.867	cd	48	3.12E-08
5.00	0.03	0.867	in	49	3.73E-09
5.00	0.03	0.867	sn	50	7.18E-08
5.00	0.03	0.867	sb	51	4.20E-09
5.00	0.03	0.867	te	52	3.89E-08
5.00	0.03	0.867	i	53	2.63E-08
5.00	0.03	0.867	xe	54	1.24E-07
5.00	0.03	0.867	cs	55	9.41E-09
5.00	0.03	0.867	ba	56	1.24E-07
5.00	0.03	0.867	la	57	1.22E-08
5.00	0.03	0.867	ce	58	3.14E-08
5.00	0.03	0.867	pr	59	4.78E-09
5.00	0.03	0.867	nd	60	2.27E-08
5.00	0.03	0.867	sm	62	5.73E-09
5.00	0.03	0.867	eu	63	2.88E-09
5.00	0.03	0.867	gd	64	1.04E-08
5.00	0.03	0.867	tb	65	1.94E-09
5.00	0.03	0.867	dy	66	1.29E-08
5.00	0.03	0.867	ho	67	2.85E-09
5.00	0.03	0.867	er	68	8.06E-09
5.00	0.03	0.867	tm	69	1.31E-09
5.00	0.03	0.867	yb	70	7.49E-09
5.00	0.03	0.867	lu	71	1.28E-09
5.00	0.03	0.867	hf	72	5.52E-09
5.00	0.03	0.867	ta	73	8.22E-10
5.00	0.03	0.867	w	74	4.92E-09
5.00	0.03	0.867	re	75	1.99E-09
5.00	0.03	0.867	os	76	2.50E-08
5.00	0.03	0.867	ir	77	2.35E-08
5.00	0.03	0.867	pt	78	4.43E-08
5.00	0.03	0.867	au	79	7.30E-09
5.00	0.03	0.867	hg	80	1.70E-08
5.00	0.03	0.867	tl	81	7.38E-09
5.00	0.03	0.867	pb	82	1.35E-07
5.00	0.03	0.867	bi	83	5.53E-09
5.50	0.03	0.886	p	1	2.88E+00
5.50	0.03	0.886	he	2	1.61E+00
5.50	0.03	0.886	c	6	2.13E-02
5.50	0.03	0.886	n	7	2.89E-02
5.50	0.03	0.886	o	8	5.09E-02
5.50	0.03	0.886	f	9	5.32E-06
5.50	0.03	0.886	ne	10	1.37E-02
5.50	0.03	0.886	na	11	4.72E-04
5.50	0.03	0.886	mg	12	7.10E-03
5.50	0.03	0.886	al	13	5.66E-04
5.50	0.03	0.886	si	14	6.60E-03
5.50	0.03	0.886	p	15	6.10E-05
5.50	0.03	0.886	s	16	3.06E-03
5.50	0.03	0.886	cl	17	4.05E-05
5.50	0.03	0.886	ar	18	7.26E-04
5.50	0.03	0.886	k	19	3.12E-05
5.50	0.03	0.886	ca	20	5.15E-04
5.50	0.03	0.886	sc	21	3.54E-07
5.50	0.03	0.886	ti	22	2.57E-05
5.50	0.03	0.886	v	23	3.04E-06
5.50	0.03	0.886	cr	24	1.43E-04
5.50	0.03	0.886	mn	25	1.10E-04
5.50	0.03	0.886	fe	26	1.28E-02
5.50	0.03	0.886	co	27	3.47E-05
5.50	0.03	0.886	ni	28	6.19E-04
5.50	0.03	0.886	cu	29	8.53E-06
5.50	0.03	0.886	zn	30	1.86E-05
5.50	0.03	0.886	ga	31	5.80E-07
5.50	0.03	0.886	ge	32	1.74E-06
5.50	0.03	0.886	as	33	9.95E-08
5.50	0.03	0.886	se	34	1.05E-06
5.50	0.03	0.886	br	35	1.86E-07
5.50	0.03	0.886	kr	36	9.96E-07
5.50	0.03	0.886	rb	37	1.34E-07
5.50	0.03	0.886	sr	38	4.42E-07
5.50	0.03	0.886	y	39	8.76E-08
5.50	0.03	0.886	zr	40	2.05E-07
5.50	0.03	0.886	nb	41	1.58E-08
5.50	0.03	0.886	mo	42	4.18E-08
5.50	0.03	0.886	ru	44	2.83E-08
5.50	0.03	0.886	rh	45	7.73E-09
5.50	0.03	0.886	pd	46	2.74E-08
5.50	0.03	0.886	ag	47	1.12E-08
5.50	0.03	0.886	cd	48	3.49E-08
5.50	0.03	0.886	in	49	4.17E-09
5.50	0.03	0.886	sn	50	8.02E-08
5.50	0.03	0.886	sb	51	4.69E-09
5.50	0.03	0.886	te	52	4.35E-08
5.50	0.03	0.886	i	53	2.94E-08
5.50	0.03	0.886	xe	54	1.38E-07
5.50	0.03	0.886	cs	55	1.05E-08
5.50	0.03	0.886	ba	56	1.38E-07
5.50	0.03	0.886	la	57	1.36E-08
5.50	0.03	0.886	ce	58	3.51E-08
5.50	0.03	0.886	pr	59	5.34E-09
5.50	0.03	0.886	nd	60	2.53E-08
5.50	0.03	0.886	sm	62	6.40E-09
5.50	0.03	0.886	eu	63	3.21E-09
5.50	0.03	0.886	gd	64	1.16E-08
5.50	0.03	0.886	tb	65	2.17E-09
5.50	0.03	0.886	dy	66	1.44E-08
5.50	0.03	0.886	ho	67	3.19E-09
5.50	0.03	0.886	er	68	9.00E-09
5.50	0.03	0.886	tm	69	1.46E-09
5.50	0.03	0.886	yb	70	8.34E-09
5.50	0.03	0.886	lu	71	1.43E-09
5.50	0.03	0.886	hf	72	6.15E-09
5.50	0.03	0.886	ta	73	9.17E-10
5.50	0.03	0.886	w	74	5.50E-09
5.50	0.03	0.886	re	75	2.23E-09
5.50	0.03	0.886	os	76	2.79E-08
5.50	0.03	0.886	ir	77	2.62E-08
5.50	0.03	0.886	pt	78	4.95E-08
5.50	0.03	0.886	au	79	8.15E-09
5.50	0.03	0.886	hg	80	1.88E-08
5.50	0.03	0.886	tl	81	8.25E-09
5.50	0.03	0.886	pb	82	1.51E-07
5.50	0.03	0.886	bi	83	6.17E-09
6.00	0.03	0.907	p	1	3.13E+00
6.00	0.03	0.907	he	2	1.83E+00
6.00	0.03	0.907	c	6	1.33E-02
6.00	0.03	0.907	n	7	4.39E-02
6.00	0.03	0.907	o	8	5.50E-02
6.00	0.03	0.907	f	9	4.84E-06
6.00	0.03	0.907	ne	10	1.50E-02
6.00	0.03	0.907	na	11	5.38E-04
6.00	0.03	0.907	mg	12	7.86E-03
6.00	0.03	0.907	al	13	6.25E-04
6.00	0.03	0.907	si	14	7.29E-03
6.00	0.03	0.907	p	15	6.75E-05
6.00	0.03	0.907	s	16	3.38E-03
6.00	0.03	0.907	cl	17	4.47E-05
6.00	0.03	0.907	ar	18	8.01E-04
6.00	0.03	0.907	k	19	3.44E-05
6.00	0.03	0.907	ca	20	5.69E-04
6.00	0.03	0.907	sc	21	3.93E-07
6.00	0.03	0.907	ti	22	2.84E-05
6.00	0.03	0.907	v	23	3.36E-06
6.00	0.03	0.907	cr	24	1.58E-04
6.00	0.03	0.907	mn	25	1.21E-04
6.00	0.03	0.907	fe	26	1.41E-02
6.00	0.03	0.907	co	27	3.94E-05
6.00	0.03	0.907	ni	28	6.85E-04
6.00	0.03	0.907	cu	29	9.79E-06
6.00	0.03	0.907	zn	30	2.06E-05
6.00	0.03	0.907	ga	31	6.53E-07
6.00	0.03	0.907	ge	32	1.95E-06
6.00	0.03	0.907	as	33	1.11E-07
6.00	0.03	0.907	se	34	1.18E-06
6.00	0.03	0.907	br	35	2.07E-07
6.00	0.03	0.907	kr	36	1.11E-06
6.00	0.03	0.907	rb	37	1.50E-07
6.00	0.03	0.907	sr	38	4.90E-07
6.00	0.03	0.907	y	39	9.70E-08
6.00	0.03	0.907	zr	40	2.27E-07
6.00	0.03	0.907	nb	41	1.75E-08
6.00	0.03	0.907	mo	42	4.63E-08
6.00	0.03	0.907	ru	44	3.13E-08
6.00	0.03	0.907	rh	45	8.53E-09
6.00	0.03	0.907	pd	46	3.02E-08
6.00	0.03	0.907	ag	47	1.24E-08
6.00	0.03	0.907	cd	48	3.85E-08
6.00	0.03	0.907	in	49	4.59E-09
6.00	0.03	0.907	sn	50	8.86E-08
6.00	0.03	0.907	sb	51	5.18E-09
6.00	0.03	0.907	te	52	4.80E-08
6.00	0.03	0.907	i	53	3.25E-08
6.00	0.03	0.907	xe	54	1.52E-07
6.00	0.03	0.907	cs	55	1.16E-08
6.00	0.03	0.907	ba	56	1.53E-07
6.00	0.03	0.907	la	57	1.50E-08
6.00	0.03	0.907	ce	58	3.88E-08
6.00	0.03	0.907	pr	59	5.90E-09
6.00	0.03	0.907	nd	60	2.79E-08
6.00	0.03	0.907	sm	62	7.07E-09
6.00	0.03	0.907	eu	63	3.53E-09
6.00	0.03	0.907	gd	64	1.28E-08
6.00	0.03	0.907	tb	65	2.39E-09
6.00	0.03	0.907	dy	66	1.59E-08
6.00	0.03	0.907	ho	67	3.51E-09
6.00	0.03	0.907	er	68	9.94E-09
6.00	0.03	0.907	tm	69	1.61E-09
6.00	0.03	0.907	yb	70	9.19E-09
6.00	0.03	0.907	lu	71	1.57E-09
6.00	0.03	0.907	hf	72	6.77E-09
6.00	0.03	0.907	ta	73	1.01E-09
6.00	0.03	0.907	w	74	6.06E-09
6.00	0.03	0.907	re	75	2.45E-09
6.00	0.03	0.907	os	76	3.09E-08
6.00	0.03	0.907	ir	77	2.89E-08
6.00	0.03	0.907	pt	78	5.47E-08
6.00	0.03	0.907	au	79	8.99E-09
6.00	0.03	0.907	hg	80	2.07E-08
6.00	0.03	0.907	tl	81	9.12E-09
6.00	0.03	0.907	pb	82	1.66E-07
6.00	0.03	0.907	bi	83	6.82E-09
7.00	0.03	0.963	p	1	3.61E+00
7.00	0.03	0.963	he	2	2.26E+00
7.00	0.03	0.963	c	6	7.68E-03
7.00	0.03	0.963	n	7	5.88E-02
7.00	0.03	0.963	o	8	6.20E-02
7.00	0.03	0.963	f	9	2.15E-06
7.00	0.03	0.963	ne	10	1.71E-02
7.00	0.03	0.963	na	11	6.69E-04
7.00	0.03	0.963	mg	12	9.30E-03
7.00	0.03	0.963	al	13	7.34E-04
7.00	0.03	0.963	si	14	8.64E-03
7.00	0.03	0.963	p	15	8.01E-05
7.00	0.03	0.963	s	16	4.00E-03
7.00	0.03	0.963	cl	17	5.29E-05
7.00	0.03	0.963	ar	18	9.50E-04
7.00	0.03	0.963	k	19	4.09E-05
7.00	0.03	0.963	ca	20	6.74E-04
7.00	0.03	0.963	sc	21	4.62E-07
7.00	0.03	0.963	ti	22	3.36E-05
7.00	0.03	0.963	v	23	3.98E-06
7.00	0.03	0.963	cr	24	1.88E-04
7.00	0.03	0.963	mn	25	1.44E-04
7.00	0.03	0.963	fe	26	1.67E-02
7.00	0.03	0.963	co	27	4.58E-05
7.00	0.03	0.963	ni	28	8.13E-04
7.00	0.03	0.963	cu	29	1.18E-05
7.00	0.03	0.963	zn	30	2.46E-05
7.00	0.03	0.963	ga	31	7.92E-07
7.00	0.03	0.963	ge	32	2.36E-06
7.00	0.03	0.963	as	33	1.32E-07
7.00	0.03	0.963	se	34	1.43E-06
7.00	0.03	0.963	br	35	2.48E-07
7.00	0.03	0.963	kr	36	1.34E-06
7.00	0.03	0.963	rb	37	1.83E-07
7.00	0.03	0.963	sr	38	5.88E-07
7.00	0.03	0.963	y	39	1.16E-07
7.00	0.03	0.963	zr	40	2.70E-07
7.00	0.03	0.963	nb	41	2.07E-08
7.00	0.03	0.963	mo	42	5.51E-08
7.00	0.03	0.963	ru	44	3.71E-08
7.00	0.03	0.963	rh	45	1.01E-08
7.00	0.03	0.963	pd	46	3.59E-08
7.00	0.03	0.963	ag	47	1.46E-08
7.00	0.03	0.963	cd	48	4.57E-08
7.00	0.03	0.963	in	49	5.43E-09
7.00	0.03	0.963	sn	50	1.05E-07
7.00	0.03	0.963	sb	51	6.13E-09
7.00	0.03	0.963	te	52	5.70E-08
7.00	0.03	0.963	i	53	3.82E-08
7.00	0.03	0.963	xe	54	1.81E-07
7.00	0.03	0.963	cs	55	1.37E-08
7.00	0.03	0.963	ba	56	1.81E-07
7.00	0.03	0.963	la	57	1.78E-08
7.00	0.03	0.963	ce	58	4.60E-08
7.00	0.03	0.963	pr	59	6.98E-09
7.00	0.03	0.963	nd	60	3.32E-08
7.00	0.03	0.963	sm	62	8.39E-09
7.00	0.03	0.963	eu	63	4.13E-09
7.00	0.03	0.963	gd	64	1.52E-08
7.00	0.03	0.963	tb	65	2.81E-09
7.00	0.03	0.963	dy	66	1.89E-08
7.00	0.03	0.963	ho	67	4.12E-09
7.00	0.03	0.963	er	68	1.18E-08
7.00	0.03	0.963	tm	69	1.90E-09
7.00	0.03	0.963	yb	70	1.09E-08
7.00	0.03	0.963	lu	71	1.85E-09
7.00	0.03	0.963	hf	72	7.98E-09
7.00	0.03	0.963	ta	73	1.18E-09
7.00	0.03	0.963	w	74	7.15E-09
7.00	0.03	0.963	re	75	2.88E-09
7.00	0.03	0.963	os	76	3.66E-08
7.00	0.03	0.963	ir	77	3.39E-08
7.00	0.03	0.963	pt	78	6.55E-08
7.00	0.03	0.963	au	79	1.06E-08
7.00	0.03	0.963	hg	80	2.44E-08
7.00	0.03	0.963	tl	81	1.07E-08
7.00	0.03	0.963	pb	82	1.97E-07
7.00	0.03	0.963	bi	83	8.08E-09
8.00	0.03	1.053	p	1	4.04E+00
8.00	0.03	1.053	he	2	2.72E+00
8.00	0.03	1.053	c	6	6.98E-03
8.00	0.03	1.053	n	7	7.07E-02
8.00	0.03	1.053	o	8	6.72E-02
8.00	0.03	1.053	f	9	1.12E-06
8.00	0.03	1.053	ne	10	1.92E-02
8.00	0.03	1.053	na	11	7.85E-04
8.00	0.03	1.053	mg	12	1.08E-02
8.00	0.03	1.053	al	13	8.41E-04
8.00	0.03	1.053	si	14	9.96E-03
8.00	0.03	1.053	p	15	9.31E-05
8.00	0.03	1.053	s	16	4.61E-03
8.00	0.03	1.053	cl	17	6.09E-05
8.00	0.03	1.053	ar	18	1.09E-03
8.00	0.03	1.053	k	19	4.71E-05
8.00	0.03	1.053	ca	20	7.76E-04
8.00	0.03	1.053	sc	21	5.38E-07
8.00	0.03	1.053	ti	22	3.87E-05
8.00	0.03	1.053	v	23	4.58E-06
8.00	0.03	1.053	cr	24	2.16E-04
8.00	0.03	1.053	mn	25	1.66E-04
8.00	0.03	1.053	fe	26	1.92E-02
8.00	0.03	1.053	co	27	5.38E-05
8.00	0.03	1.053	ni	28	9.46E-04
8.00	0.03	1.053	cu	29	1.49E-05
8.00	0.03	1.053	zn	30	2.91E-05
8.00	0.03	1.053	ga	31	1.01E-06
8.00	0.03	1.053	ge	32	3.00E-06
8.00	0.03	1.053	as	33	1.61E-07
8.00	0.03	1.053	se	34	1.85E-06
8.00	0.03	1.053	br	35	3.13E-07
8.00	0.03	1.053	kr	36	1.75E-06
8.00	0.03	1.053	rb	37	2.63E-07
8.00	0.03	1.053	sr	38	7.34E-07
8.00	0.03	1.053	y	39	1.43E-07
8.00	0.03	1.053	zr	40	3.24E-07
8.00	0.03	1.053	nb	41	2.45E-08
8.00	0.03	1.053	mo	42	6.57E-08
8.00	0.03	1.053	ru	44	4.33E-08
8.00	0.03	1.053	rh	45	1.16E-08
8.00	0.03	1.053	pd	46	4.17E-08
8.00	0.03	1.053	ag	47	1.68E-08
8.00	0.03	1.053	cd	48	5.30E-08
8.00	0.03	1.053	in	49	6.24E-09
8.00	0.03	1.053	sn	50	1.21E-07
8.00	0.03	1.053	sb	51	7.06E-09
8.00	0.03	1.053	te	52	6.59E-08
8.00	0.03	1.053	i	53	4.37E-08
8.00	0.03	1.053	xe	54	2.09E-07
8.00	0.03	1.053	cs	55	1.57E-08
8.00	0.03	1.053	ba	56	2.09E-07
8.00	0.03	1.053	la	57	2.05E-08
8.00	0.03	1.053	ce	58	5.30E-08
8.00	0.03	1.053	pr	59	8.04E-09
8.00	0.03	1.053	nd	60	3.82E-08
8.00	0.03	1.053	sm	62	9.67E-09
8.00	0.03	1.053	eu	63	4.69E-09
8.00	0.03	1.053	gd	64	1.76E-08
8.00	0.03	1.053	tb	65	3.21E-09
8.00	0.03	1.053	dy	66	2.18E-08
8.00	0.03	1.053	ho	67	4.71E-09
8.00	0.03	1.053	er	68	1.37E-08
8.00	0.03	1.053	tm	69	2.17E-09
8.00	0.03	1.053	yb	70	1.26E-08
8.00	0.03	1.053	lu	71	2.12E-09
8.00	0.03	1.053	hf	72	9.16E-09
8.00	0.03	1.053	ta	73	1.35E-09
8.00	0.03	1.053	w	74	8.19E-09
8.00	0.03	1.053	re	75	3.28E-09
8.00	0.03	1.053	os	76	4.20E-08
8.00	0.03	1.053	ir	77	3.87E-08
8.00	0.03	1.053	pt	78	7.60E-08
8.00	0.03	1.053	au	79	1.22E-08
8.00	0.03	1.053	hg	80	2.80E-08
8.00	0.03	1.053	tl	81	1.22E-08
8.00	0.03	1.053	pb	82	2.27E-07
8.00	0.03	1.053	bi	83	9.31E-09