1.00	0.1	0.670	g	    1	5.74E-08
1.00	0.1	0.670	n	    1	0.00E+00
1.00	0.1	0.670	p	    1	-3.21E-03
1.00	0.1	0.670	d	    2	8.41E-19
1.00	0.1	0.670	he3	    3	6.07E-05
1.00	0.1	0.670	he4	    4	2.91E-03
1.00	0.1	0.670	li7	    7	-1.27E-08
1.00	0.1	0.670	be7	    7	9.29E-20
1.00	0.1	0.670	b8	    8	1.82E-31
1.00	0.1	0.670	c12	    12	-1.50E-03
1.00	0.1	0.670	c13	    13	1.37E-04
1.00	0.1	0.670	c14	    14	1.93E-27
1.00	0.1	0.670	n13	    13	0.00E+00
1.00	0.1	0.670	n14	    14	1.61E-03
1.00	0.1	0.670	n15	    15	-1.66E-06
1.00	0.1	0.670	o14	    14	0.00E+00
1.00	0.1	0.670	o15	    15	0.00E+00
1.00	0.1	0.670	o16	    16	-9.82E-06
1.00	0.1	0.670	o17	    17	4.54E-06
1.00	0.1	0.670	o18	    18	-5.35E-06
1.00	0.1	0.670	o19	    19	0.00E+00
1.00	0.1	0.670	f17	    17	0.00E+00
1.00	0.1	0.670	f18	    18	0.00E+00
1.00	0.1	0.670	f19	    19	-3.63E-11
1.00	0.1	0.670	f20	    20	0.00E+00
1.00	0.1	0.670	ne19	19	0.00E+00
1.00	0.1	0.670	ne20	20	-1.80E-09
1.00	0.1	0.670	ne21	21	2.85E-09
1.00	0.1	0.670	ne22	22	-2.60E-06
1.00	0.1	0.670	ne23	23	0.00E+00
1.00	0.1	0.670	na21	21	0.00E+00
1.00	0.1	0.670	na22	22	0.00E+00
1.00	0.1	0.670	na23	23	2.72E-06
1.00	0.1	0.670	na24	24	0.00E+00
1.00	0.1	0.670	mg23	23	0.00E+00
1.00	0.1	0.670	mg24	24	4.74E-10
1.00	0.1	0.670	mg25	25	-9.76E-09
1.00	0.1	0.670	mg26	26	1.01E-08
1.00	0.1	0.670	mg27	27	0.00E+00
1.00	0.1	0.670	al25	25	0.00E+00
1.00	0.1	0.670	al-6	26	1.23E-10
1.00	0.1	0.670	al*6	26	0.00E+00
1.00	0.1	0.670	al27	27	1.48E-10
1.00	0.1	0.670	al28	28	0.00E+00
1.00	0.1	0.670	si27	27	0.00E+00
1.00	0.1	0.670	si28	28	4.60E-10
1.00	0.1	0.670	si29	29	3.43E-11
1.00	0.1	0.670	si30	30	1.76E-11
1.00	0.1	0.670	si31	31	0.00E+00
1.00	0.1	0.670	si32	32	0.00E+00
1.00	0.1	0.670	si33	33	0.00E+00
1.00	0.1	0.670	p29	    29	0.00E+00
1.00	0.1	0.670	p30	    30	0.00E+00
1.00	0.1	0.670	p31	    31	5.13E-12
1.00	0.1	0.670	p32	    32	0.00E+00
1.00	0.1	0.670	p33	    33	0.00E+00
1.00	0.1	0.670	p34	    34	0.00E+00
1.00	0.1	0.670	s32	    32	2.21E-10
1.00	0.1	0.670	s33	    33	1.85E-12
1.00	0.1	0.670	s34	    34	1.23E-11
1.00	0.1	0.670	s35	    35	1.55E-20
1.00	0.1	0.670	fe54	54	3.55E-11
1.00	0.1	0.670	fe55	55	8.83E-18
1.00	0.1	0.670	fe56	56	1.10E-09
1.00	0.1	0.670	fe57	57	2.06E-11
1.00	0.1	0.670	fe58	58	3.24E-12
1.00	0.1	0.670	fe59	59	0.00E+00
1.00	0.1	0.670	fe60	60	0.00E+00
1.00	0.1	0.670	fe61	61	0.00E+00
1.00	0.1	0.670	co59	59	2.13E-12
1.00	0.1	0.670	co60	60	0.00E+00
1.00	0.1	0.670	co61	61	0.00E+00
1.00	0.1	0.670	ni58	58	3.62E-11
1.00	0.1	0.670	ni59	59	6.02E-27
1.00	0.1	0.670	ni60	60	1.38E-11
1.00	0.1	0.670	ni61	61	3.50E-06
1.00	0.1	0.670	ni62	62	-3.56E-06
2.00	0.1	0.931	g	    1	1.74E-07
2.00	0.1	0.931	n	    1	0.00E+00
2.00	0.1	0.931	p	    1	-4.36E-03
2.00	0.1	0.931	d	    2	2.60E-18
2.00	0.1	0.931	he3	    3	1.00E-04
2.00	0.1	0.931	he4	    4	3.50E-03
2.00	0.1	0.931	li7	    7	-3.84E-08
2.00	0.1	0.931	be7	    7	4.27E-17
2.00	0.1	0.931	b8	    8	2.87E-31
2.00	0.1	0.931	c12	    12	-4.68E-03
2.00	0.1	0.931	c13	    13	3.40E-04
2.00	0.1	0.931	c14	    14	3.67E-25
2.00	0.1	0.931	n13	    13	0.00E+00
2.00	0.1	0.931	n14	    14	5.12E-03
2.00	0.1	0.931	n15	    15	-4.93E-06
2.00	0.1	0.931	o14	    14	0.00E+00
2.00	0.1	0.931	o15	    15	0.00E+00
2.00	0.1	0.931	o16	    16	-5.18E-05
2.00	0.1	0.931	o17	    17	4.62E-05
2.00	0.1	0.931	o18	    18	-1.85E-05
2.00	0.1	0.931	o19	    19	0.00E+00
2.00	0.1	0.931	f17	    17	0.00E+00
2.00	0.1	0.931	f18	    18	0.00E+00
2.00	0.1	0.931	f19	    19	-7.25E-09
2.00	0.1	0.931	f20	    20	0.00E+00
2.00	0.1	0.931	ne19	19	0.00E+00
2.00	0.1	0.931	ne20	20	-8.17E-09
2.00	0.1	0.931	ne21	21	8.59E-09
2.00	0.1	0.931	ne22	22	-2.14E-05
2.00	0.1	0.931	ne23	23	0.00E+00
2.00	0.1	0.931	na21	21	0.00E+00
2.00	0.1	0.931	na22	22	8.43E-35
2.00	0.1	0.931	na23	23	2.24E-05
2.00	0.1	0.931	na24	24	0.00E+00
2.00	0.1	0.931	mg23	23	0.00E+00
2.00	0.1	0.931	mg24	24	1.60E-17
2.00	0.1	0.931	mg25	25	-1.53E-08
2.00	0.1	0.931	mg26	26	1.55E-08
2.00	0.1	0.931	mg27	27	0.00E+00
2.00	0.1	0.931	al25	25	0.00E+00
2.00	0.1	0.931	al-6	26	2.30E-10
2.00	0.1	0.931	al*6	26	0.00E+00
2.00	0.1	0.931	al27	27	1.76E-10
2.00	0.1	0.931	al28	28	0.00E+00
2.00	0.1	0.931	si27	27	0.00E+00
2.00	0.1	0.931	si28	28	-6.94E-18
2.00	0.1	0.931	si29	29	-4.61E-19
2.00	0.1	0.931	si30	30	-1.36E-19
2.00	0.1	0.931	si31	31	0.00E+00
2.00	0.1	0.931	si32	32	0.00E+00
2.00	0.1	0.931	si33	33	0.00E+00
2.00	0.1	0.931	p29	    29	0.00E+00
2.00	0.1	0.931	p30	    30	0.00E+00
2.00	0.1	0.931	p31	    31	-1.42E-19
2.00	0.1	0.931	p32	    32	0.00E+00
2.00	0.1	0.931	p33	    33	0.00E+00
2.00	0.1	0.931	p34	    34	0.00E+00
2.00	0.1	0.931	s32	    32	7.59E-18
2.00	0.1	0.931	s33	    33	-5.08E-20
2.00	0.1	0.931	s34	    34	-2.85E-19
2.00	0.1	0.931	s35	    35	1.41E-20
2.00	0.1	0.931	fe54	54	4.34E-19
2.00	0.1	0.931	fe55	55	9.24E-18
2.00	0.1	0.931	fe56	56	-3.47E-17
2.00	0.1	0.931	fe57	57	5.42E-20
2.00	0.1	0.931	fe58	58	1.46E-19
2.00	0.1	0.931	fe59	59	0.00E+00
2.00	0.1	0.931	fe60	60	0.00E+00
2.00	0.1	0.931	fe61	61	0.00E+00
2.00	0.1	0.931	co59	59	5.76E-20
2.00	0.1	0.931	co60	60	0.00E+00
2.00	0.1	0.931	co61	61	0.00E+00
2.00	0.1	0.931	ni58	58	1.08E-19
2.00	0.1	0.931	ni59	59	1.99E-23
2.00	0.1	0.931	ni60	60	-4.47E-19
2.00	0.1	0.931	ni61	61	1.06E-05
2.00	0.1	0.931	ni62	62	-1.08E-05
2.50	0.1	1.326	g	    1	3.30E-07
2.50	0.1	1.326	n	    1	0.00E+00
2.50	0.1	1.326	p	    1	-4.53E-03
2.50	0.1	1.326	d	    2	4.84E-18
2.50	0.1	1.326	he3	    3	8.62E-05
2.50	0.1	1.326	he4	    4	3.20E-03
2.50	0.1	1.326	li7	    7	-6.41E-08
2.50	0.1	1.326	be7	    7	2.95E-13
2.50	0.1	1.326	b8	    8	1.96E-28
2.50	0.1	1.326	c12	    12	-7.70E-03
2.50	0.1	1.326	c13	    13	5.02E-04
2.50	0.1	1.326	c14	    14	7.55E-26
2.50	0.1	1.326	n13	    13	0.00E+00
2.50	0.1	1.326	n14	    14	8.50E-03
2.50	0.1	1.326	n15	    15	-7.98E-06
2.50	0.1	1.326	o14	    14	0.00E+00
2.50	0.1	1.326	o15	    15	0.00E+00
2.50	0.1	1.326	o16	    16	-1.36E-04
2.50	0.1	1.326	o17	    17	1.20E-04
2.50	0.1	1.326	o18	    18	-3.12E-05
2.50	0.1	1.326	o19	    19	0.00E+00
2.50	0.1	1.326	f17	    17	0.00E+00
2.50	0.1	1.326	f18	    18	0.00E+00
2.50	0.1	1.326	f19	    19	-3.96E-08
2.50	0.1	1.326	f20	    20	0.00E+00
2.50	0.1	1.326	ne19	19	0.00E+00
2.50	0.1	1.326	ne20	20	-1.99E-08
2.50	0.1	1.326	ne21	21	2.47E-08
2.50	0.1	1.326	ne22	22	-5.04E-05
2.50	0.1	1.326	ne23	23	0.00E+00
2.50	0.1	1.326	na21	21	0.00E+00
2.50	0.1	1.326	na22	22	9.29E-25
2.50	0.1	1.326	na23	23	5.27E-05
2.50	0.1	1.326	na24	24	0.00E+00
2.50	0.1	1.326	mg23	23	0.00E+00
2.50	0.1	1.326	mg24	24	1.85E-09
2.50	0.1	1.326	mg25	25	-3.77E-08
2.50	0.1	1.326	mg26	26	3.71E-08
2.50	0.1	1.326	mg27	27	0.00E+00
2.50	0.1	1.326	al25	25	0.00E+00
2.50	0.1	1.326	al-6	26	1.90E-09
2.50	0.1	1.326	al*6	26	0.00E+00
2.50	0.1	1.326	al27	27	1.03E-09
2.50	0.1	1.326	al28	28	0.00E+00
2.50	0.1	1.326	si27	27	0.00E+00
2.50	0.1	1.326	si28	28	1.80E-09
2.50	0.1	1.326	si29	29	1.34E-10
2.50	0.1	1.326	si30	30	6.94E-11
2.50	0.1	1.326	si31	31	0.00E+00
2.50	0.1	1.326	si32	32	0.00E+00
2.50	0.1	1.326	si33	33	0.00E+00
2.50	0.1	1.326	p29	    29	0.00E+00
2.50	0.1	1.326	p30	    30	0.00E+00
2.50	0.1	1.326	p31	    31	2.39E-11
2.50	0.1	1.326	p32	    32	0.00E+00
2.50	0.1	1.326	p33	    33	0.00E+00
2.50	0.1	1.326	p34	    34	0.00E+00
2.50	0.1	1.326	s32	    32	1.19E-09
2.50	0.1	1.326	s33	    33	9.75E-12
2.50	0.1	1.326	s34	    34	4.80E-11
2.50	0.1	1.326	s35	    35	8.83E-21
2.50	0.1	1.326	fe54	54	2.08E-10
2.50	0.1	1.326	fe55	55	6.37E-18
2.50	0.1	1.326	fe56	56	4.32E-09
2.50	0.1	1.326	fe57	57	1.03E-10
2.50	0.1	1.326	fe58	58	1.71E-11
2.50	0.1	1.326	fe59	59	0.00E+00
2.50	0.1	1.326	fe60	60	4.84E-34
2.50	0.1	1.326	fe61	61	0.00E+00
2.50	0.1	1.326	co59	59	8.34E-12
2.50	0.1	1.326	co60	60	6.77E-34
2.50	0.1	1.326	co61	61	0.00E+00
2.50	0.1	1.326	ni58	58	1.71E-10
2.50	0.1	1.326	ni59	59	4.16E-20
2.50	0.1	1.326	ni60	60	5.40E-11
2.50	0.1	1.326	ni61	61	2.01E-05
2.50	0.1	1.326	ni62	62	-2.05E-05
3.00	0.1	1.621	g	    1	4.17E-07
3.00	0.1	1.621	n	    1	0.00E+00
3.00	0.1	1.621	p	    1	-4.58E-03
3.00	0.1	1.621	d	    2	6.29E-18
3.00	0.1	1.621	he3	    3	7.48E-05
3.00	0.1	1.621	he4	    4	2.81E-03
3.00	0.1	1.621	li7	    7	-9.22E-08
3.00	0.1	1.621	be7	    7	1.16E-13
3.00	0.1	1.621	b8	    8	1.08E-28
3.00	0.1	1.621	c12	    12	-1.05E-02
3.00	0.1	1.621	c13	    13	7.43E-04
3.00	0.1	1.621	c14	    14	7.31E-27
3.00	0.1	1.621	n13	    13	0.00E+00
3.00	0.1	1.621	n14	    14	1.16E-02
3.00	0.1	1.621	n15	    15	-1.12E-05
3.00	0.1	1.621	o14	    14	0.00E+00
3.00	0.1	1.621	o15	    15	0.00E+00
3.00	0.1	1.621	o16	    16	-1.87E-04
3.00	0.1	1.621	o17	    17	1.34E-04
3.00	0.1	1.621	o18	    18	-4.23E-05
3.00	0.1	1.621	o19	    19	0.00E+00
3.00	0.1	1.621	f17	    17	0.00E+00
3.00	0.1	1.621	f18	    18	0.00E+00
3.00	0.1	1.621	f19	    19	-5.46E-08
3.00	0.1	1.621	f20	    20	0.00E+00
3.00	0.1	1.621	ne19	19	0.00E+00
3.00	0.1	1.621	ne20	20	-4.16E-08
3.00	0.1	1.621	ne21	21	4.38E-08
3.00	0.1	1.621	ne22	22	-6.75E-05
3.00	0.1	1.621	ne23	23	0.00E+00
3.00	0.1	1.621	na21	21	0.00E+00
3.00	0.1	1.621	na22	22	1.50E-29
3.00	0.1	1.621	na23	23	7.05E-05
3.00	0.1	1.621	na24	24	0.00E+00
3.00	0.1	1.621	mg23	23	0.00E+00
3.00	0.1	1.621	mg24	24	3.47E-18
3.00	0.1	1.621	mg25	25	-1.15E-07
3.00	0.1	1.621	mg26	26	1.15E-07
3.00	0.1	1.621	mg27	27	0.00E+00
3.00	0.1	1.621	al25	25	0.00E+00
3.00	0.1	1.621	al-6	26	2.70E-09
3.00	0.1	1.621	al*6	26	0.00E+00
3.00	0.1	1.621	al27	27	1.48E-09
3.00	0.1	1.621	al28	28	0.00E+00
3.00	0.1	1.621	si27	27	0.00E+00
3.00	0.1	1.621	si28	28	0.00E+00
3.00	0.1	1.621	si29	29	1.63E-19
3.00	0.1	1.621	si30	30	0.00E+00
3.00	0.1	1.621	si31	31	0.00E+00
3.00	0.1	1.621	si32	32	0.00E+00
3.00	0.1	1.621	si33	33	0.00E+00
3.00	0.1	1.621	p29	    29	0.00E+00
3.00	0.1	1.621	p30	    30	0.00E+00
3.00	0.1	1.621	p31	    31	1.36E-20
3.00	0.1	1.621	p32	    32	0.00E+00
3.00	0.1	1.621	p33	    33	0.00E+00
3.00	0.1	1.621	p34	    34	0.00E+00
3.00	0.1	1.621	s32	    32	0.00E+00
3.00	0.1	1.621	s33	    33	6.78E-21
3.00	0.1	1.621	s34	    34	5.42E-20
3.00	0.1	1.621	s35	    35	5.50E-21
3.00	0.1	1.621	fe54	54	0.00E+00
3.00	0.1	1.621	fe55	55	4.18E-18
3.00	0.1	1.621	fe56	56	3.47E-18
3.00	0.1	1.621	fe57	57	5.42E-20
3.00	0.1	1.621	fe58	58	6.78E-21
3.00	0.1	1.621	fe59	59	0.00E+00
3.00	0.1	1.621	fe60	60	8.31E-34
3.00	0.1	1.621	fe61	61	0.00E+00
3.00	0.1	1.621	co59	59	-6.78E-21
3.00	0.1	1.621	co60	60	0.00E+00
3.00	0.1	1.621	co61	61	0.00E+00
3.00	0.1	1.621	ni58	58	0.00E+00
3.00	0.1	1.621	ni59	59	4.25E-20
3.00	0.1	1.621	ni60	60	0.00E+00
3.00	0.1	1.621	ni61	61	2.55E-05
3.00	0.1	1.621	ni62	62	-2.59E-05
3.50	0.1	2.104	g	    1	6.40E-07
3.50	0.1	2.104	n	    1	0.00E+00
3.50	0.1	2.104	p	    1	-1.64E-02
3.50	0.1	2.104	d	    2	6.23E-18
3.50	0.1	2.104	he3	    3	6.09E-05
3.50	0.1	2.104	he4	    4	1.43E-02
3.50	0.1	2.104	li7	    7	-1.41E-07
3.50	0.1	2.104	be7	    7	3.23E-10
3.50	0.1	2.104	b8	    8	6.52E-21
3.50	0.1	2.104	c12	    12	-1.32E-02
3.50	0.1	2.104	c13	    13	9.08E-04
3.50	0.1	2.104	c14	    14	1.06E-28
3.50	0.1	2.104	n13	    13	0.00E+00
3.50	0.1	2.104	n14	    14	1.54E-02
3.50	0.1	2.104	n15	    15	-1.41E-05
3.50	0.1	2.104	o14	    14	0.00E+00
3.50	0.1	2.104	o15	    15	0.00E+00
3.50	0.1	2.104	o16	    16	-1.12E-03
3.50	0.1	2.104	o17	    17	1.39E-04
3.50	0.1	2.104	o18	    18	-5.39E-05
3.50	0.1	2.104	o19	    19	0.00E+00
3.50	0.1	2.104	f17	    17	0.00E+00
3.50	0.1	2.104	f18	    18	0.00E+00
3.50	0.1	2.104	f19	    19	-1.40E-07
3.50	0.1	2.104	f20	    20	0.00E+00
3.50	0.1	2.104	ne19	19	0.00E+00
3.50	0.1	2.104	ne20	20	-7.86E-07
3.50	0.1	2.104	ne21	21	9.20E-07
3.50	0.1	2.104	ne22	22	-9.93E-05
3.50	0.1	2.104	ne23	23	0.00E+00
3.50	0.1	2.104	na21	21	0.00E+00
3.50	0.1	2.104	na22	22	2.04E-28
3.50	0.1	2.104	na23	23	1.04E-04
3.50	0.1	2.104	na24	24	0.00E+00
3.50	0.1	2.104	mg23	23	0.00E+00
3.50	0.1	2.104	mg24	24	2.67E-08
3.50	0.1	2.104	mg25	25	-4.96E-06
3.50	0.1	2.104	mg26	26	5.05E-06
3.50	0.1	2.104	mg27	27	0.00E+00
3.50	0.1	2.104	al25	25	0.00E+00
3.50	0.1	2.104	al-6	26	6.91E-08
3.50	0.1	2.104	al*6	26	0.00E+00
3.50	0.1	2.104	al27	27	5.23E-08
3.50	0.1	2.104	al28	28	0.00E+00
3.50	0.1	2.104	si27	27	0.00E+00
3.50	0.1	2.104	si28	28	2.93E-08
3.50	0.1	2.104	si29	29	1.55E-09
3.50	0.1	2.104	si30	30	1.01E-09
3.50	0.1	2.104	si31	31	0.00E+00
3.50	0.1	2.104	si32	32	0.00E+00
3.50	0.1	2.104	si33	33	0.00E+00
3.50	0.1	2.104	p29	    29	0.00E+00
3.50	0.1	2.104	p30	    30	0.00E+00
3.50	0.1	2.104	p31	    31	3.04E-10
3.50	0.1	2.104	p32	    32	0.00E+00
3.50	0.1	2.104	p33	    33	0.00E+00
3.50	0.1	2.104	p34	    34	0.00E+00
3.50	0.1	2.104	s32	    32	1.37E-08
3.50	0.1	2.104	s33	    33	1.14E-10
3.50	0.1	2.104	s34	    34	6.60E-10
3.50	0.1	2.104	s35	    35	2.54E-20
3.50	0.1	2.104	fe54	54	3.41E-09
3.50	0.1	2.104	fe55	55	3.25E-17
3.50	0.1	2.104	fe56	56	5.74E-08
3.50	0.1	2.104	fe57	57	1.33E-09
3.50	0.1	2.104	fe58	58	1.80E-10
3.50	0.1	2.104	fe59	59	0.00E+00
3.50	0.1	2.104	fe60	60	0.00E+00
3.50	0.1	2.104	fe61	61	0.00E+00
3.50	0.1	2.104	co59	59	1.35E-10
3.50	0.1	2.104	co60	60	1.49E-37
3.50	0.1	2.104	co61	61	0.00E+00
3.50	0.1	2.104	ni58	58	2.02E-09
3.50	0.1	2.104	ni59	59	6.74E-25
3.50	0.1	2.104	ni60	60	7.72E-10
3.50	0.1	2.104	ni61	61	3.90E-05
3.50	0.1	2.104	ni62	62	-3.97E-05
4.00	0.1	2.385	g	    1	6.56E-07
4.00	0.1	2.385	n	    1	0.00E+00
4.00	0.1	2.385	p	    1	-5.08E-02
4.00	0.1	2.385	d	    2	9.45E-18
4.00	0.1	2.385	he3	    3	5.17E-05
4.00	0.1	2.385	he4	    4	4.85E-02
4.00	0.1	2.385	li7	    7	-1.45E-07
4.00	0.1	2.385	be7	    7	8.96E-15
4.00	0.1	2.385	b8	    8	7.64E-32
4.00	0.1	2.385	c12	    12	-1.68E-02
4.00	0.1	2.385	c13	    13	1.09E-03
4.00	0.1	2.385	c14	    14	2.60E-29
4.00	0.1	2.385	n13	    13	0.00E+00
4.00	0.1	2.385	n14	    14	2.17E-02
4.00	0.1	2.385	n15	    15	-1.76E-05
4.00	0.1	2.385	o14	    14	0.00E+00
4.00	0.1	2.385	o15	    15	0.00E+00
4.00	0.1	2.385	o16	    16	-3.69E-03
4.00	0.1	2.385	o17	    17	1.35E-04
4.00	0.1	2.385	o18	    18	-7.03E-05
4.00	0.1	2.385	o19	    19	0.00E+00
4.00	0.1	2.385	f17	    17	0.00E+00
4.00	0.1	2.385	f18	    18	0.00E+00
4.00	0.1	2.385	f19	    19	-3.55E-07
4.00	0.1	2.385	f20	    20	0.00E+00
4.00	0.1	2.385	ne19	19	0.00E+00
4.00	0.1	2.385	ne20	20	-3.00E-06
4.00	0.1	2.385	ne21	21	3.45E-06
4.00	0.1	2.385	ne22	22	-1.61E-04
4.00	0.1	2.385	ne23	23	0.00E+00
4.00	0.1	2.385	na21	21	0.00E+00
4.00	0.1	2.385	na22	22	3.00E-34
4.00	0.1	2.385	na23	23	1.68E-04
4.00	0.1	2.385	na24	24	0.00E+00
4.00	0.1	2.385	mg23	23	0.00E+00
4.00	0.1	2.385	mg24	24	7.13E-08
4.00	0.1	2.385	mg25	25	-1.89E-05
4.00	0.1	2.385	mg26	26	1.93E-05
4.00	0.1	2.385	mg27	27	0.00E+00
4.00	0.1	2.385	al25	25	0.00E+00
4.00	0.1	2.385	al-6	26	2.14E-07
4.00	0.1	2.385	al*6	26	0.00E+00
4.00	0.1	2.385	al27	27	1.97E-07
4.00	0.1	2.385	al28	28	0.00E+00
4.00	0.1	2.385	si27	27	0.00E+00
4.00	0.1	2.385	si28	28	7.52E-08
4.00	0.1	2.385	si29	29	3.99E-09
4.00	0.1	2.385	si30	30	2.64E-09
4.00	0.1	2.385	si31	31	0.00E+00
4.00	0.1	2.385	si32	32	0.00E+00
4.00	0.1	2.385	si33	33	0.00E+00
4.00	0.1	2.385	p29	    29	0.00E+00
4.00	0.1	2.385	p30	    30	0.00E+00
4.00	0.1	2.385	p31	    31	8.14E-10
4.00	0.1	2.385	p32	    32	0.00E+00
4.00	0.1	2.385	p33	    33	0.00E+00
4.00	0.1	2.385	p34	    34	0.00E+00
4.00	0.1	2.385	s32	    32	3.64E-08
4.00	0.1	2.385	s33	    33	2.99E-10
4.00	0.1	2.385	s34	    34	1.74E-09
4.00	0.1	2.385	s35	    35	2.75E-15
4.00	0.1	2.385	fe54	54	8.89E-09
4.00	0.1	2.385	fe55	55	4.40E-12
4.00	0.1	2.385	fe56	56	1.47E-07
4.00	0.1	2.385	fe57	57	3.48E-09
4.00	0.1	2.385	fe58	58	4.73E-10
4.00	0.1	2.385	fe59	59	0.00E+00
4.00	0.1	2.385	fe60	60	1.90E-27
4.00	0.1	2.385	fe61	61	0.00E+00
4.00	0.1	2.385	co59	59	3.60E-10
4.00	0.1	2.385	co60	60	3.81E-33
4.00	0.1	2.385	co61	61	0.00E+00
4.00	0.1	2.385	ni58	58	5.19E-09
4.00	0.1	2.385	ni59	59	2.51E-17
4.00	0.1	2.385	ni60	60	2.07E-09
4.00	0.1	2.385	ni61	61	4.00E-05
4.00	0.1	2.385	ni62	62	-4.07E-05
4.50	0.1	2.790	g	    1	9.02E-07
4.50	0.1	2.790	n	    1	0.00E+00
4.50	0.1	2.790	p	    1	-9.53E-02
4.50	0.1	2.790	d	    2	8.47E-18
4.50	0.1	2.790	he3 	3	4.38E-05
4.50	0.1	2.790	he4	    4	9.26E-02
4.50	0.1	2.790	li7	    7	-1.98E-07
4.50	0.1	2.790	be7	    7	1.98E-08
4.50	0.1	2.790	b8	    8	1.26E-18
4.50	0.1	2.790	c12	    12	-2.12E-02
4.50	0.1	2.790	c13	    13	1.24E-03
4.50	0.1	2.790	c14	    14	8.35E-24
4.50	0.1	2.790	n13	    13	0.00E+00
4.50	0.1	2.790	n14	    14	2.96E-02
4.50	0.1	2.790	n15	    15	-2.35E-05
4.50	0.1	2.790	o14	    14	0.00E+00
4.50	0.1	2.790	o15	    15	0.00E+00
4.50	0.1	2.790	o16	    16	-7.05E-03
4.50	0.1	2.790	o17	    17	1.75E-04
4.50	0.1	2.790	o18	    18	-9.16E-05
4.50	0.1	2.790	o19	    19	0.00E+00
4.50	0.1	2.790	f17	    17	0.00E+00
4.50	0.1	2.790	f18	    18	0.00E+00
4.50	0.1	2.790	f19	    19	-6.68E-07
4.50	0.1	2.790	f20	    20	0.00E+00
4.50	0.1	2.790	ne19	19	0.00E+00
4.50	0.1	2.790	ne20	20	6.60E-07
4.50	0.1	2.790	ne21	21	6.87E-06
4.50	0.1	2.790	ne22	22	-2.60E-04
4.50	0.1	2.790	ne23	23	0.00E+00
4.50	0.1	2.790	na21	21	0.00E+00
4.50	0.1	2.790	na22	22	6.10E-19
4.50	0.1	2.790	na23	23	2.72E-04
4.50	0.1	2.790	na24	24	0.00E+00
4.50	0.1	2.790	mg23	23	0.00E+00
4.50	0.1	2.790	mg24	24	3.31E-06
4.50	0.1	2.790	mg25	25	-3.75E-05
4.50	0.1	2.790	mg26	26	3.89E-05
4.50	0.1	2.790	mg27	27	0.00E+00
4.50	0.1	2.790	al25	25	0.00E+00
4.50	0.1	2.790	al-6	26	6.13E-07
4.50	0.1	2.790	al*6	26	0.00E+00
4.50	0.1	2.790	al27	27	7.04E-07
4.50	0.1	2.790	al28	28	0.00E+00
4.50	0.1	2.790	si27	27	0.00E+00
4.50	0.1	2.790	si28	28	3.65E-06
4.50	0.1	2.790	si29	29	1.92E-07
4.50	0.1	2.790	si30	30	1.31E-07
4.50	0.1	2.790	si31	31	0.00E+00
4.50	0.1	2.790	si32	32	0.00E+00
4.50	0.1	2.790	si33	33	0.00E+00
4.50	0.1	2.790	p29	    29	0.00E+00
4.50	0.1	2.790	p30	    30	0.00E+00
4.50	0.1	2.790	p31	    31	3.69E-08
4.50	0.1	2.790	p32	    32	0.00E+00
4.50	0.1	2.790	p33	    33	0.00E+00
4.50	0.1	2.790	p34	    34	0.00E+00
4.50	0.1	2.790	s32	    32	1.75E-06
4.50	0.1	2.790	s33	    33	1.42E-08
4.50	0.1	2.790	s34	    34	8.40E-08
4.50	0.1	2.790	s35	    35	2.67E-12
4.50	0.1	2.790	fe54	54	4.32E-07
4.50	0.1	2.790	fe55	55	4.59E-09
4.50	0.1	2.790	fe56	56	7.10E-06
4.50	0.1	2.790	fe57	57	1.73E-07
4.50	0.1	2.790	fe58	58	2.43E-08
4.50	0.1	2.790	fe59	59	0.00E+00
4.50	0.1	2.790	fe60	60	1.43E-21
4.50	0.1	2.790	fe61	61	0.00E+00
4.50	0.1	2.790	co59	59	1.82E-08
4.50	0.1	2.790	co60	60	2.87E-27
4.50	0.1	2.790	co61	61	0.00E+00
4.50	0.1	2.790	ni58	58	2.49E-07
4.50	0.1	2.790	ni59	59	6.67E-13
4.50	0.1	2.790	ni60	60	9.88E-08
4.50	0.1	2.790	ni61	61	5.50E-05
4.50	0.1	2.790	ni62	62	-5.59E-05
5.00	0.1	3.227	g	    1	1.06E-06
5.00	0.1	3.227	n	    1	0.00E+00
5.00	0.1	3.227	p	    1	-1.48E-01
5.00	0.1	3.227	d	    2	1.41E-17
5.00	0.1	3.227	he3	    3	3.38E-05
5.00	0.1	3.227	he4	    4	1.44E-01
5.00	0.1	3.227	li7	    7	-2.21E-07
5.00	0.1	3.227	be7	    7	2.05E-07
5.00	0.1	3.227	b8	    8	5.09E-21
5.00	0.1	3.227	c12	    12	-2.93E-02
5.00	0.1	3.227	c13	    13	3.20E-03
5.00	0.1	3.227	c14	    14	1.26E-19
5.00	0.1	3.227	n13	    13	0.00E+00
5.00	0.1	3.227	n14	    14	4.04E-02
5.00	0.1	3.227	n15	    15	-3.53E-05
5.00	0.1	3.227	o14	    14	0.00E+00
5.00	0.1	3.227	o15	    15	0.00E+00
5.00	0.1	3.227	o16	    16	-1.10E-02
5.00	0.1	3.227	o17	    17	1.77E-04
5.00	0.1	3.227	o18	    18	-1.76E-04
5.00	0.1	3.227	o19	    19	0.00E+00
5.00	0.1	3.227	f17	    17	0.00E+00
5.00	0.1	3.227	f18	    18	0.00E+00
5.00	0.1	3.227	f19	    19	-9.80E-07
5.00	0.1	3.227	f20	    20	0.00E+00
5.00	0.1	3.227	ne19	19	0.00E+00
5.00	0.1	3.227	ne20	20	4.93E-07
5.00	0.1	3.227	ne21	21	1.07E-05
5.00	0.1	3.227	ne22	22	-3.57E-04
5.00	0.1	3.227	ne23	23	0.00E+00
5.00	0.1	3.227	na21	21	0.00E+00
5.00	0.1	3.227	na22	22	3.66E-17
5.00	0.1	3.227	na23	23	3.74E-04
5.00	0.1	3.227	na24	24	0.00E+00
5.00	0.1	3.227	mg23	23	0.00E+00
5.00	0.1	3.227	mg24	24	5.05E-06
5.00	0.1	3.227	mg25	25	-5.94E-05
5.00	0.1	3.227	mg26	26	6.09E-05
5.00	0.1	3.227	mg27	27	0.00E+00
5.00	0.1	3.227	al25	25	0.00E+00
5.00	0.1	3.227	al-6	26	1.63E-06
5.00	0.1	3.227	al*6	26	0.00E+00
5.00	0.1	3.227	al27	27	1.09E-06
5.00	0.1	3.227	al28	28	0.00E+00
5.00	0.1	3.227	si27	27	0.00E+00
5.00	0.1	3.227	si28	28	5.53E-06
5.00	0.1	3.227	si29	29	2.77E-07
5.00	0.1	3.227	si30	30	2.30E-07
5.00	0.1	3.227	si31	31	0.00E+00
5.00	0.1	3.227	si32	32	0.00E+00
5.00	0.1	3.227	si33	33	0.00E+00
5.00	0.1	3.227	p29	    29	0.00E+00
5.00	0.1	3.227	p30	    30	0.00E+00
5.00	0.1	3.227	p31	    31	8.48E-08
5.00	0.1	3.227	p32	    32	0.00E+00
5.00	0.1	3.227	p33	    33	0.00E+00
5.00	0.1	3.227	p34	    34	0.00E+00
5.00	0.1	3.227	s32	    32	2.60E-06
5.00	0.1	3.227	s33	    33	8.82E-09
5.00	0.1	3.227	s34	    34	1.27E-07
5.00	0.1	3.227	s35	    35	2.56E-10
5.00	0.1	3.227	fe54	54	2.21E-07
5.00	0.1	3.227	fe55	55	4.33E-07
5.00	0.1	3.227	fe56	56	9.94E-06
5.00	0.1	3.227	fe57	57	8.50E-07
5.00	0.1	3.227	fe58	58	2.11E-07
5.00	0.1	3.227	fe59	59	0.00E+00
5.00	0.1	3.227	fe60	60	1.16E-17
5.00	0.1	3.227	fe61	61	0.00E+00
5.00	0.1	3.227	co59	59	1.21E-07
5.00	0.1	3.227	co60	60	2.33E-23
5.00	0.1	3.227	co61	61	0.00E+00
5.00	0.1	3.227	ni58	58	2.69E-07
5.00	0.1	3.227	ni59	59	3.95E-10
5.00	0.1	3.227	ni60	60	9.30E-08
5.00	0.1	3.227	ni61	61	6.46E-05
5.00	0.1	3.227	ni62	62	-6.56E-05
5.50	0.1	3.794	g	    1	1.20E-06
5.50	0.1	3.794	n	    1	0.00E+00
5.50	0.1	3.794	p	    1	-1.96E-01
5.50	0.1	3.794	d	    2	1.50E-17
5.50	0.1	3.794	he3	    3	2.66E-05
5.50	0.1	3.794	he4	    4	1.91E-01
5.50	0.1	3.794	li7	    7	-2.64E-07
5.50	0.1	3.794	be7	    7	5.33E-08
5.50	0.1	3.794	b8	    8	2.16E-17
5.50	0.1	3.794	c12	    12	-3.97E-02
5.50	0.1	3.794	c13	    13	1.61E-03
5.50	0.1	3.794	c14	    14	2.06E-18
5.50	0.1	3.794	n13	    13	0.00E+00
5.50	0.1	3.794	n14	    14	5.79E-02
5.50	0.1	3.794	n15	    15	-3.56E-05
5.50	0.1	3.794	o14	    14	0.00E+00
5.50	0.1	3.794	o15	    15	0.00E+00
5.50	0.1	3.794	o16	    16	-1.51E-02
5.50	0.1	3.794	o17	    17	2.00E-04
5.50	0.1	3.794	o18	    18	-2.07E-04
5.50	0.1	3.794	o19	    19	0.00E+00
5.50	0.1	3.794	f17	    17	0.00E+00
5.50	0.1	3.794	f18	    18	0.00E+00
5.50	0.1	3.794	f19	    19	-2.13E-06
5.50	0.1	3.794	f20	    20	0.00E+00
5.50	0.1	3.794	ne19	19	0.00E+00
5.50	0.1	3.794	ne20	20	2.41E-07
5.50	0.1	3.794	ne21	21	-8.71E-07
5.50	0.1	3.794	ne22	22	-4.43E-04
5.50	0.1	3.794	ne23	23	0.00E+00
5.50	0.1	3.794	na21	21	0.00E+00
5.50	0.1	3.794	na22	22	1.63E-11
5.50	0.1	3.794	na23	23	4.81E-04
5.50	0.1	3.794	na24	24	0.00E+00
5.50	0.1	3.794	mg23	23	0.00E+00
5.50	0.1	3.794	mg24	24	6.95E-06
5.50	0.1	3.794	mg25	25	-8.06E-05
5.50	0.1	3.794	mg26	26	7.99E-05
5.50	0.1	3.794	mg27	27	0.00E+00
5.50	0.1	3.794	al25	25	0.00E+00
5.50	0.1	3.794	al-6	26	4.15E-06
5.50	0.1	3.794	al*6	26	0.00E+00
5.50	0.1	3.794	al27	27	2.32E-06
5.50	0.1	3.794	al28	28	0.00E+00
5.50	0.1	3.794	si27	27	0.00E+00
5.50	0.1	3.794	si28	28	7.50E-06
5.50	0.1	3.794	si29	29	3.37E-07
5.50	0.1	3.794	si30	30	4.10E-07
5.50	0.1	3.794	si31	31	0.00E+00
5.50	0.1	3.794	si32	32	7.63E-40
5.50	0.1	3.794	si33	33	0.00E+00
5.50	0.1	3.794	p29	    29	0.00E+00
5.50	0.1	3.794	p30	    30	0.00E+00
5.50	0.1	3.794	p31	    31	1.90E-07
5.50	0.1	3.794	p32	    32	2.44E-33
5.50	0.1	3.794	p33	    33	5.50E-33
5.50	0.1	3.794	p34	    34	0.00E+00
5.50	0.1	3.794	s32	    32	3.41E-06
5.50	0.1	3.794	s33	    33	-1.07E-08
5.50	0.1	3.794	s34	    34	1.74E-07
5.50	0.1	3.794	s35	    35	1.04E-09
5.50	0.1	3.794	fe54	54	-8.77E-07
5.50	0.1	3.794	fe55	55	1.71E-06
5.50	0.1	3.794	fe56	56	1.13E-05
5.50	0.1	3.794	fe57	57	2.80E-06
5.50	0.1	3.794	fe58	58	7.91E-07
5.50	0.1	3.794	fe59	59	1.07E-28
5.50	0.1	3.794	fe60	60	1.72E-16
5.50	0.1	3.794	fe61	61	0.00E+00
5.50	0.1	3.794	co59	59	4.36E-07
5.50	0.1	3.794	co60	60	3.49E-22
5.50	0.1	3.794	co61	61	0.00E+00
5.50	0.1	3.794	ni58	58	5.13E-08
5.50	0.1	3.794	ni59	59	1.50E-09
5.50	0.1	3.794	ni60	60	-2.17E-08
5.50	0.1	3.794	ni61	61	7.34E-05
5.50	0.1	3.794	ni62	62	-7.42E-05
6.00	0.1	4.523	g	    1	1.48E-06
6.00	0.1	4.523	n	    1	0.00E+00
6.00	0.1	4.523	p	    1	-3.07E-01
6.00	0.1	4.523	d	    2	1.35E-17
6.00	0.1	4.523	he3	    3	2.74E-05
6.00	0.1	4.523	he4	    4	3.04E-01
6.00	0.1	4.523	li7	    7	-3.26E-07
6.00	0.1	4.523	be7	    7	6.57E-10
6.00	0.1	4.523	b8	    8	1.03E-25
6.00	0.1	4.523	c12	    12	-3.92E-02
6.00	0.1	4.523	c13	    13	1.79E-03
6.00	0.1	4.523	c14	    14	4.78E-16
6.00	0.1	4.523	n13	    13	0.00E+00
6.00	0.1	4.523	n14	    14	6.49E-02
6.00	0.1	4.523	n15	    15	-3.80E-05
6.00	0.1	4.523	o14	    14	0.00E+00
6.00	0.1	4.523	o15	    15	0.00E+00
6.00	0.1	4.523	o16	    16	-2.42E-02
6.00	0.1	4.523	o17	    17	2.27E-04
6.00	0.1	4.523	o18	    18	-1.77E-04
6.00	0.1	4.523	o19	    19	0.00E+00
6.00	0.1	4.523	f17	    17	0.00E+00
6.00	0.1	4.523	f18	    18	0.00E+00
6.00	0.1	4.523	f19	    19	-2.21E-06
6.00	0.1	4.523	f20	    20	0.00E+00
6.00	0.1	4.523	ne19	19	0.00E+00
6.00	0.1	4.523	ne20	20	-2.03E-05
6.00	0.1	4.523	ne21	21	2.28E-05
6.00	0.1	4.523	ne22	22	-6.81E-04
6.00	0.1	4.523	ne23	23	0.00E+00
6.00	0.1	4.523	na21	21	0.00E+00
6.00	0.1	4.523	na22	22	1.94E-19
6.00	0.1	4.523	na23	23	7.12E-04
6.00	0.1	4.523	na24	24	0.00E+00
6.00	0.1	4.523	mg23	23	0.00E+00
6.00	0.1	4.523	mg24	24	1.64E-06
6.00	0.1	4.523	mg25	25	-1.33E-04
6.00	0.1	4.523	mg26	26	1.30E-04
6.00	0.1	4.523	mg27	27	0.00E+00
6.00	0.1	4.523	al25	25	0.00E+00
6.00	0.1	4.523	al-6	26	6.73E-06
6.00	0.1	4.523	al*6	26	0.00E+00
6.00	0.1	4.523	al27	27	1.25E-06
6.00	0.1	4.523	al28	28	0.00E+00
6.00	0.1	4.523	si27	27	0.00E+00
6.00	0.1	4.523	si28	28	1.20E-06
6.00	0.1	4.523	si29	29	-1.23E-07
6.00	0.1	4.523	si30	30	5.17E-07
6.00	0.1	4.523	si31	31	0.00E+00
6.00	0.1	4.523	si32	32	0.00E+00
6.00	0.1	4.523	si33	33	0.00E+00
6.00	0.1	4.523	p29	    29	0.00E+00
6.00	0.1	4.523	p30	    30	0.00E+00
6.00	0.1	4.523	p31	    31	3.94E-07
6.00	0.1	4.523	p32	    32	0.00E+00
6.00	0.1	4.523	p33	    33	0.00E+00
6.00	0.1	4.523	p34	    34	0.00E+00
6.00	0.1	4.523	s32	    32	-4.67E-08
6.00	0.1	4.523	s33	    33	-1.16E-07
6.00	0.1	4.523	s34	    34	3.38E-08
6.00	0.1	4.523	s35	    35	3.48E-09
6.00	0.1	4.523	fe54	54	-5.74E-06
6.00	0.1	4.523	fe55	55	5.62E-06
6.00	0.1	4.523	fe56	56	-8.49E-06
6.00	0.1	4.523	fe57	57	8.26E-06
6.00	0.1	4.523	fe58	58	2.54E-06
6.00	0.1	4.523	fe59	59	1.74E-36
6.00	0.1	4.523	fe60	60	8.98E-16
6.00	0.1	4.523	fe61	61	0.00E+00
6.00	0.1	4.523	co59	59	1.35E-06
6.00	0.1	4.523	co60	60	1.80E-21
6.00	0.1	4.523	co61	61	0.00E+00
6.00	0.1	4.523	ni58	58	-1.47E-06
6.00	0.1	4.523	ni59	59	5.90E-09
6.00	0.1	4.523	ni60	60	-7.09E-07
6.00	0.1	4.523	ni61	61	9.11E-05
6.00	0.1	4.523	ni62	62	-9.15E-05
6.50	0.1	5.138	g	    1	1.62E-06
6.50	0.1	5.138	n	    1	0.00E+00
6.50	0.1	5.138	p	    1	-3.60E-01
6.50	0.1	5.138	d	    2	1.45E-17
6.50	0.1	5.138	he3	    3	2.49E-05
6.50	0.1	5.138	he4	    4	3.57E-01
6.50	0.1	5.138	li7	    7	-3.56E-07
6.50	0.1	5.138	be7	    7	5.65E-08
6.50	0.1	5.138	b8	    8	1.07E-23
6.50	0.1	5.138	c12	    12	-4.39E-02
6.50	0.1	5.138	c13	    13	1.99E-03
6.50	0.1	5.138	c14	    14	8.43E-14
6.50	0.1	5.138	n13	    13	0.00E+00
6.50	0.1	5.138	n14	    14	7.42E-02
6.50	0.1	5.138	n15	    15	-5.66E-05
6.50	0.1	5.138	o14	    14	0.00E+00
6.50	0.1	5.138	o15	    15	0.00E+00
6.50	0.1	5.138	o16	    16	-2.87E-02
6.50	0.1	5.138	o17	    17	2.51E-04
6.50	0.1	5.138	o18	    18	-1.41E-04
6.50	0.1	5.138	o19	    19	0.00E+00
6.50	0.1	5.138	f17	    17	0.00E+00
6.50	0.1	5.138	f18	    18	0.00E+00
6.50	0.1	5.138	f19	    19	-2.63E-06
6.50	0.1	5.138	f20	    20	0.00E+00
6.50	0.1	5.138	ne19	19	0.00E+00
6.50	0.1	5.138	ne20	20	-2.20E-05
6.50	0.1	5.138	ne21	21	2.73E-05
6.50	0.1	5.138	ne22	22	-7.98E-04
6.50	0.1	5.138	ne23	23	0.00E+00
6.50	0.1	5.138	na21	21	0.00E+00
6.50	0.1	5.138	na22	22	8.78E-14
6.50	0.1	5.138	na23	23	8.35E-04
6.50	0.1	5.138	na24	24	0.00E+00
6.50	0.1	5.138	mg23	23	0.00E+00
6.50	0.1	5.138	mg24	24	3.28E-06
6.50	0.1	5.138	mg25	25	-1.61E-04
6.50	0.1	5.138	mg26	26	1.57E-04
6.50	0.1	5.138	mg27	27	0.00E+00
6.50	0.1	5.138	al25	25	0.00E+00
6.50	0.1	5.138	al-6	26	9.44E-06
6.50	0.1	5.138	al*6	26	0.00E+00
6.50	0.1	5.138	al27	27	1.65E-06
6.50	0.1	5.138	al28	28	0.00E+00
6.50	0.1	5.138	si27	27	0.00E+00
6.50	0.1	5.138	si28	28	2.82E-06
6.50	0.1	5.138	si29	29	-1.06E-07
6.50	0.1	5.138	si30	30	7.55E-07
6.50	0.1	5.138	si31	31	0.00E+00
6.50	0.1	5.138	si32	32	0.00E+00
6.50	0.1	5.138	si33	33	0.00E+00
6.50	0.1	5.138	p29	    29	0.00E+00
6.50	0.1	5.138	p30	    30	0.00E+00
6.50	0.1	5.138	p31	    31	5.46E-07
6.50	0.1	5.138	p32	    32	6.69E-38
6.50	0.1	5.138	p33	    33	1.00E-36
6.50	0.1	5.138	p34	    34	0.00E+00
6.50	0.1	5.138	s32	    32	4.95E-07
6.50	0.1	5.138	s33	    33	-1.46E-07
6.50	0.1	5.138	s34	    34	7.35E-08
6.50	0.1	5.138	s35	    35	4.74E-09
6.50	0.1	5.138	fe54	54	-7.68E-06
6.50	0.1	5.138	fe55	55	7.64E-06
6.50	0.1	5.138	fe56	56	-9.29E-06
6.50	0.1	5.138	fe57	57	1.13E-05
6.50	0.1	5.138	fe58	58	3.49E-06
6.50	0.1	5.138	fe59	59	8.87E-32
6.50	0.1	5.138	fe60	60	1.38E-15
6.50	0.1	5.138	fe61	61	0.00E+00
6.50	0.1	5.138	co59	59	1.85E-06
6.50	0.1	5.138	co60	60	2.77E-21
6.50	0.1	5.138	co61	61	0.00E+00
6.50	0.1	5.138	ni58	58	-1.94E-06
6.50	0.1	5.138	ni59	59	1.40E-08
6.50	0.1	5.138	ni60	60	-9.30E-07
6.50	0.1	5.138	ni61	61	9.97E-05
6.50	0.1	5.138	ni62	62	-9.98E-05
7.00	0.1	5.915	g	    1	1.75E-06
7.00	0.1	5.915	n	    1	0.00E+00
7.00	0.1	5.915	p	    1	-3.97E-01
7.00	0.1	5.915	d	    2	1.51E-17
7.00	0.1	5.915	he3	    3	2.13E-05
7.00	0.1	5.915	he4	    4	3.93E-01
7.00	0.1	5.915	li7	    7	-3.85E-07
7.00	0.1	5.915	be7	    7	5.20E-07
7.00	0.1	5.915	b8	    8	2.09E-22
7.00	0.1	5.915	c12	    12	-5.10E-02
7.00	0.1	5.915	c13	    13	5.18E-03
7.00	0.1	5.915	c14	    14	1.05E-12
7.00	0.1	5.915	n13	    13	0.00E+00
7.00	0.1	5.915	n14	    14	8.22E-02
7.00	0.1	5.915	n15	    15	-7.07E-05
7.00	0.1	5.915	o14	    14	0.00E+00
7.00	0.1	5.915	o15	    15	0.00E+00
7.00	0.1	5.915	o16	    16	-3.19E-02
7.00	0.1	5.915	o17	    17	2.61E-04
7.00	0.1	5.915	o18	    18	-4.22E-04
7.00	0.1	5.915	o19	    19	0.00E+00
7.00	0.1	5.915	f17	    17	0.00E+00
7.00	0.1	5.915	f18	    18	0.00E+00
7.00	0.1	5.915	f19	    19	7.05E-07
7.00	0.1	5.915	f20	    20	0.00E+00
7.00	0.1	5.915	ne19	19	0.00E+00
7.00	0.1	5.915	ne20	20	-2.35E-06
7.00	0.1	5.915	ne21	21	2.64E-05
7.00	0.1	5.915	ne22	22	-8.45E-04
7.00	0.1	5.915	ne23	23	0.00E+00
7.00	0.1	5.915	na21	21	0.00E+00
7.00	0.1	5.915	na22	22	1.42E-09
7.00	0.1	5.915	na23	23	9.25E-04
7.00	0.1	5.915	na24	24	0.00E+00
7.00	0.1	5.915	mg23	23	0.00E+00
7.00	0.1	5.915	mg24	24	1.48E-05
7.00	0.1	5.915	mg25	25	-1.84E-04
7.00	0.1	5.915	mg26	26	1.80E-04
7.00	0.1	5.915	mg27	27	0.00E+00
7.00	0.1	5.915	al25	25	0.00E+00
7.00	0.1	5.915	al-6	26	1.32E-05
7.00	0.1	5.915	al*6	26	0.00E+00
7.00	0.1	5.915	al27	27	3.42E-06
7.00	0.1	5.915	al28	28	0.00E+00
7.00	0.1	5.915	si27	27	0.00E+00
7.00	0.1	5.915	si28	28	1.54E-05
7.00	0.1	5.915	si29	29	5.01E-07
7.00	0.1	5.915	si30	30	1.36E-06
7.00	0.1	5.915	si31	31	0.00E+00
7.00	0.1	5.915	si32	32	0.00E+00
7.00	0.1	5.915	si33	33	0.00E+00
7.00	0.1	5.915	p29	    29	0.00E+00
7.00	0.1	5.915	p30	    30	0.00E+00
7.00	0.1	5.915	p31	    31	7.80E-07
7.00	0.1	5.915	p32	    32	4.53E-32
7.00	0.1	5.915	p33	    33	2.08E-31
7.00	0.1	5.915	p34	    34	0.00E+00
7.00	0.1	5.915	s32	    32	6.33E-06
7.00	0.1	5.915	s33	    33	-1.18E-07
7.00	0.1	5.915	s34	    34	3.66E-07
7.00	0.1	5.915	s35	    35	5.78E-09
7.00	0.1	5.915	fe54	54	-7.91E-06
7.00	0.1	5.915	fe55	55	9.28E-06
7.00	0.1	5.915	fe56	56	1.20E-05
7.00	0.1	5.915	fe57	57	1.44E-05
7.00	0.1	5.915	fe58	58	4.34E-06
7.00	0.1	5.915	fe59	59	7.07E-27
7.00	0.1	5.915	fe60	60	1.90E-15
7.00	0.1	5.915	fe61	61	0.00E+00
7.00	0.1	5.915	co59	59	2.32E-06
7.00	0.1	5.915	co60	60	4.22E-21
7.00	0.1	5.915	co61	61	0.00E+00
7.00	0.1	5.915	ni58	58	-1.57E-06
7.00	0.1	5.915	ni59	59	3.20E-08
7.00	0.1	5.915	ni60	60	-8.03E-07
7.00	0.1	5.915	ni61	61	1.08E-04
7.00	0.1	5.915	ni62	62	-1.08E-04
7.50	0.1	7.075	g	    1	1.89E-06
7.50	0.1	7.075	n	    1	0.00E+00
7.50	0.1	7.075	p	    1	-4.55E-01
7.50	0.1	7.075	d	    2	1.56E-17
7.50	0.1	7.075	he3	    3	2.06E-05
7.50	0.1	7.075	he4	    4	4.50E-01
7.50	0.1	7.075	li7	    7	-4.14E-07
7.50	0.1	7.075	be7	    7	4.66E-07
7.50	0.1	7.075	b8	    8	1.63E-22
7.50	0.1	7.075	c12	    12	-5.40E-02
7.50	0.1	7.075	c13	    13	4.43E-03
7.50	0.1	7.075	c14	    14	1.74E-11
7.50	0.1	7.075	n13	    13	0.00E+00
7.50	0.1	7.075	n14	    14	9.11E-02
7.50	0.1	7.075	n15	    15	-7.22E-05
7.50	0.1	7.075	o14	    14	0.00E+00
7.50	0.1	7.075	o15	    15	0.00E+00
7.50	0.1	7.075	o16	    16	-3.70E-02
7.50	0.1	7.075	o17	    17	2.80E-04
7.50	0.1	7.075	o18	    18	-4.24E-04
7.50	0.1	7.075	o19	    19	0.00E+00
7.50	0.1	7.075	f17	    17	0.00E+00
7.50	0.1	7.075	f18	    18	0.00E+00
7.50	0.1	7.075	f19	    19	6.26E-07
7.50	0.1	7.075	f20	    20	0.00E+00
7.50	0.1	7.075	ne19	19	0.00E+00
7.50	0.1	7.075	ne20	20	-2.88E-05
7.50	0.1	7.075	ne21	21	2.98E-05
7.50	0.1	7.075	ne22	22	-1.95E-04
7.50	0.1	7.075	ne23	23	0.00E+00
7.50	0.1	7.075	na21	21	0.00E+00
7.50	0.1	7.075	na22	22	1.10E-08
7.50	0.1	7.075	na23	23	1.04E-03
7.50	0.1	7.075	na24	24	0.00E+00
7.50	0.1	7.075	mg23	23	0.00E+00
7.50	0.1	7.075	mg24	24	4.92E-06
7.50	0.1	7.075	mg25	25	-2.20E-04
7.50	0.1	7.075	mg26	26	2.09E-04
7.50	0.1	7.075	mg27	27	0.00E+00
7.50	0.1	7.075	al25	25	0.00E+00
7.50	0.1	7.075	al-6	26	1.78E-05
7.50	0.1	7.075	al*6	26	0.00E+00
7.50	0.1	7.075	al27	27	2.91E-06
7.50	0.1	7.075	al28	28	0.00E+00
7.50	0.1	7.075	si27	27	0.00E+00
7.50	0.1	7.075	si28	28	4.47E-06
7.50	0.1	7.075	si29	29	-1.36E-07
7.50	0.1	7.075	si30	30	1.15E-06
7.50	0.1	7.075	si31	31	0.00E+00
7.50	0.1	7.075	si32	32	2.63E-35
7.50	0.1	7.075	si33	33	0.00E+00
7.50	0.1	7.075	p29	    29	0.00E+00
7.50	0.1	7.075	p30	    30	0.00E+00
7.50	0.1	7.075	p31	    31	7.90E-07
7.50	0.1	7.075	p32	    32	1.61E-30
7.50	0.1	7.075	p33	    33	5.52E-30
7.50	0.1	7.075	p34	    34	0.00E+00
7.50	0.1	7.075	s32	    32	8.51E-07
7.50	0.1	7.075	s33	    33	-1.73E-07
7.50	0.1	7.075	s34	    34	1.17E-07
7.50	0.1	7.075	s35	    35	6.96E-09
7.50	0.1	7.075	fe54	54	-1.12E-05
7.50	0.1	7.075	fe55	55	1.11E-05
7.50	0.1	7.075	fe56	56	-1.31E-05
7.50	0.1	7.075	fe57	57	1.68E-05
7.50	0.1	7.075	fe58	58	5.16E-06
7.50	0.1	7.075	fe59	59	1.44E-25
7.50	0.1	7.075	fe60	60	3.02E-15
7.50	0.1	7.075	fe61	61	0.00E+00
7.50	0.1	7.075	co59	59	2.72E-06
7.50	0.1	7.075	co60	60	1.15E-20
7.50	0.1	7.075	co61	61	0.00E+00
7.50	0.1	7.075	ni58	58	-2.89E-06
7.50	0.1	7.075	ni59	59	6.65E-08
7.50	0.1	7.075	ni60	60	-1.34E-06
7.50	0.1	7.075	ni61	61	1.16E-04
7.50	0.1	7.075	ni62	62	-1.16E-04
8.00	0.1	7.840	g	    1	1.88E-06
8.00	0.1	7.840	n	    1	0.00E+00
8.00	0.1	7.840	p	    1	-5.02E-01
8.00	0.1	7.840	d	    2	2.30E-17
8.00	0.1	7.840	he3	    3	1.93E-05
8.00	0.1	7.840	he4	    4	4.97E-01
8.00	0.1	7.840	li7	    7	-4.07E-07
8.00	0.1	7.840	be7	    7	1.49E-15
8.00	0.1	7.840	b8	    8	3.79E-32
8.00	0.1	7.840	c12	    12	-5.55E-02
8.00	0.1	7.840	c13	    13	2.34E-03
8.00	0.1	7.840	c14	    14	1.07E-10
8.00	0.1	7.840	n13	    13	0.00E+00
8.00	0.1	7.840	n14	    14	9.75E-02
8.00	0.1	7.840	n15	    15	-5.31E-05
8.00	0.1	7.840	o14	    14	0.00E+00
8.00	0.1	7.840	o15	    15	0.00E+00
8.00	0.1	7.840	o16	    16	-4.10E-02
8.00	0.1	7.840	o17	    17	2.58E-04
8.00	0.1	7.840	o18	    18	1.11E-03
8.00	0.1	7.840	o19	    19	0.00E+00
8.00	0.1	7.840	f17	    17	0.00E+00
8.00	0.1	7.840	f18	    18	0.00E+00
8.00	0.1	7.840	f19	    19	-3.85E-06
8.00	0.1	7.840	f20	    20	0.00E+00
8.00	0.1	7.840	ne19	19	0.00E+00
8.00	0.1	7.840	ne20	20	-6.13E-06
8.00	0.1	7.840	ne21	21	4.00E-05
8.00	0.1	7.840	ne22	22	-9.01E-04
8.00	0.1	7.840	ne23	23	0.00E+00
8.00	0.1	7.840	na21	21	0.00E+00
8.00	0.1	7.840	na22	22	0.00E+00
8.00	0.1	7.840	na23	23	1.15E-03
8.00	0.1	7.840	na24	24	0.00E+00
8.00	0.1	7.840	mg23	23	0.00E+00
8.00	0.1	7.840	mg24	24	1.82E-05
8.00	0.1	7.840	mg25	25	-2.48E-04
8.00	0.1	7.840	mg26	26	2.38E-04
8.00	0.1	7.840	mg27	27	0.00E+00
8.00	0.1	7.840	al25	25	0.00E+00
8.00	0.1	7.840	al-6	26	2.18E-05
8.00	0.1	7.840	al*6	26	0.00E+00
8.00	0.1	7.840	al27	27	4.15E-06
8.00	0.1	7.840	al28	28	0.00E+00
8.00	0.1	7.840	si27	27	0.00E+00
8.00	0.1	7.840	si28	28	1.90E-05
8.00	0.1	7.840	si29	29	5.62E-07
8.00	0.1	7.840	si30	30	1.86E-06
8.00	0.1	7.840	si31	31	0.00E+00
8.00	0.1	7.840	si32	32	9.09E-31
8.00	0.1	7.840	si33	33	0.00E+00
8.00	0.1	7.840	p29	    29	0.00E+00
8.00	0.1	7.840	p30	    30	0.00E+00
8.00	0.1	7.840	p31	    31	1.06E-06
8.00	0.1	7.840	p32	    32	2.31E-34
8.00	0.1	7.840	p33	    33	0.00E+00
8.00	0.1	7.840	p34	    34	0.00E+00
8.00	0.1	7.840	s32	    32	7.56E-06
8.00	0.1	7.840	s33	    33	-1.34E-07
8.00	0.1	7.840	s34	    34	4.54E-07
8.00	0.1	7.840	s35	    35	8.18E-09
8.00	0.1	7.840	fe54	54	-1.15E-05
8.00	0.1	7.840	fe55	55	1.31E-05
8.00	0.1	7.840	fe56	56	1.13E-05
8.00	0.1	7.840	fe57	57	2.04E-05
8.00	0.1	7.840	fe58	58	6.17E-06
8.00	0.1	7.840	fe59	59	0.00E+00
8.00	0.1	7.840	fe60	60	4.11E-15
8.00	0.1	7.840	fe61	61	0.00E+00
8.00	0.1	7.840	co59	59	3.21E-06
8.00	0.1	7.840	co60	60	8.25E-21
8.00	0.1	7.840	co61	61	0.00E+00
8.00	0.1	7.840	ni58	58	-2.49E-06
8.00	0.1	7.840	ni59	59	1.61E-07
8.00	0.1	7.840	ni60	60	-1.20E-06
8.00	0.1	7.840	ni61	61	1.16E-04
8.00	0.1	7.840	ni62	62	-1.16E-04