1.00	0.09	0.633	g	    1	5.21E-08
1.00	0.09	0.633	n	    1	0.00E+00
1.00	0.09	0.633	p	    1	-4.27E-03
1.00	0.09	0.633	d	    2	9.01E-19
1.00	0.09	0.633	he3	    3	7.64E-05
1.00	0.09	0.633	he4	    4	3.98E-03
1.00	0.09	0.633	li7	    7	-1.15E-08
1.00	0.09	0.633	be7	    7	6.34E-15
1.00	0.09	0.633	b8	    8	1.30E-29
1.00	0.09	0.633	c12	    12	-1.36E-03
1.00	0.09	0.633	c13	    13	1.37E-04
1.00	0.09	0.633	c14	    14	3.20E-26
1.00	0.09	0.633	n13	    13	0.00E+00
1.00	0.09	0.633	n14	    14	1.44E-03
1.00	0.09	0.633	n15	    15	-1.56E-06
1.00	0.09	0.633	o14	    14	0.00E+00
1.00	0.09	0.633	o15	    15	0.00E+00
1.00	0.09	0.633	o16	    16	-2.52E-06
1.00	0.09	0.633	o17	    17	1.70E-06
1.00	0.09	0.633	o18	    18	-4.61E-06
1.00	0.09	0.633	o19	    19	0.00E+00
1.00	0.09	0.633	f17	    17	0.00E+00
1.00	0.09	0.633	f18	    18	0.00E+00
1.00	0.09	0.633	f19	    19	3.11E-09
1.00	0.09	0.633	f20	    20	0.00E+00
1.00	0.09	0.633	ne19	19	0.00E+00
1.00	0.09	0.633	ne20	20	-6.89E-10
1.00	0.09	0.633	ne21	21	5.64E-10
1.00	0.09	0.633	ne22	22	-7.64E-07
1.00	0.09	0.633	ne23	23	0.00E+00
1.00	0.09	0.633	na21	21	0.00E+00
1.00	0.09	0.633	na22	22	6.45E-29
1.00	0.09	0.633	na23	23	7.99E-07
1.00	0.09	0.633	na24	24	0.00E+00
1.00	0.09	0.633	mg23	23	0.00E+00
1.00	0.09	0.633	mg24	24	8.77E-11
1.00	0.09	0.633	mg25	25	-2.67E-09
1.00	0.09	0.633	mg26	26	1.86E-09
1.00	0.09	0.633	mg27	27	0.00E+00
1.00	0.09	0.633	al25	25	0.00E+00
1.00	0.09	0.633	al-6	26	8.69E-10
1.00	0.09	0.633	al*6	26	0.00E+00
1.00	0.09	0.633	al27	27	7.28E-11
1.00	0.09	0.633	al28	28	0.00E+00
1.00	0.09	0.633	si27	27	0.00E+00
1.00	0.09	0.633	si28	28	2.05E-10
1.00	0.09	0.633	si29	29	8.13E-20
1.00	0.09	0.633	si30	30	4.39E-12
1.00	0.09	0.633	si31	31	0.00E+00
1.00	0.09	0.633	si32	32	0.00E+00
1.00	0.09	0.633	si33	33	0.00E+00
1.00	0.09	0.633	p29	    29	0.00E+00
1.00	0.09	0.633	p30	    30	0.00E+00
1.00	0.09	0.633	p31	    31	1.11E-13
1.00	0.09	0.633	p32	    32	0.00E+00
1.00	0.09	0.633	p33	    33	0.00E+00
1.00	0.09	0.633	p34	    34	0.00E+00
1.00	0.09	0.633	s32	    32	-7.59E-19
1.00	0.09	0.633	s33	    33	1.69E-21
1.00	0.09	0.633	s34	    34	2.48E-12
1.00	0.09	0.633	s35	    35	1.88E-20
1.00	0.09	0.633	fe54	54	1.78E-11
1.00	0.09	0.633	fe55	55	1.05E-17
1.00	0.09	0.633	fe56	56	1.30E-18
1.00	0.09	0.633	fe57	57	4.17E-12
1.00	0.09	0.633	fe58	58	6.35E-13
1.00	0.09	0.633	fe59	59	0.00E+00
1.00	0.09	0.633	fe60	60	1.22E-34
1.00	0.09	0.633	fe61	61	0.00E+00
1.00	0.09	0.633	co59	59	4.31E-13
1.00	0.09	0.633	co60	60	3.38E-38
1.00	0.09	0.633	co61	61	0.00E+00
1.00	0.09	0.633	ni58	58	-4.07E-20
1.00	0.09	0.633	ni59	59	4.94E-21
1.00	0.09	0.633	ni60	60	6.58E-12
1.00	0.09	0.633	ni61	61	3.18E-06
1.00	0.09	0.633	ni62	62	-3.23E-06
1.50	0.09	0.649	g	    1	1.61E-07
1.50	0.09	0.649	n	    1	-2.91E-41
1.50	0.09	0.649	p	    1	-5.28E-03
1.50	0.09	0.649	d	    2	2.86E-18
1.50	0.09	0.649	he3	    3	1.32E-04
1.50	0.09	0.649	he4	    4	4.45E-03
1.50	0.09	0.649	li7	    7	-3.56E-08
1.50	0.09	0.649	be7	    7	2.45E-15
1.50	0.09	0.649	b8	    8	2.12E-28
1.50	0.09	0.649	c12	    12	-4.32E-03
1.50	0.09	0.649	c13	    13	3.23E-04
1.50	0.09	0.649	c14	    14	4.50E-27
1.50	0.09	0.649	n13	    13	0.00E+00
1.50	0.09	0.649	n14	    14	4.71E-03
1.50	0.09	0.649	n15	    15	-4.57E-06
1.50	0.09	0.649	o14	    14	0.00E+00
1.50	0.09	0.649	o15	    15	0.00E+00
1.50	0.09	0.649	o16	    16	-3.29E-05
1.50	0.09	0.649	o17	    17	3.45E-05
1.50	0.09	0.649	o18	    18	-1.69E-05
1.50	0.09	0.649	o19	    19	0.00E+00
1.50	0.09	0.649	f17	    17	0.00E+00
1.50	0.09	0.649	f18	    18	0.00E+00
1.50	0.09	0.649	f19	    19	7.77E-10
1.50	0.09	0.649	f20	    20	0.00E+00
1.50	0.09	0.649	ne19	19	0.00E+00
1.50	0.09	0.649	ne20	20	-4.05E-09
1.50	0.09	0.649	ne21	21	3.72E-09
1.50	0.09	0.649	ne22	22	-1.55E-05
1.50	0.09	0.649	ne23	23	0.00E+00
1.50	0.09	0.649	na21	21	0.00E+00
1.50	0.09	0.649	na22	22	1.06E-35
1.50	0.09	0.649	na23	23	1.62E-05
1.50	0.09	0.649	na24	24	0.00E+00
1.50	0.09	0.649	mg23	23	0.00E+00
1.50	0.09	0.649	mg24	24	-1.99E-17
1.50	0.09	0.649	mg25	25	-2.04E-09
1.50	0.09	0.649	mg26	26	1.33E-09
1.50	0.09	0.649	mg27	27	0.00E+00
1.50	0.09	0.649	al25	25	0.00E+00
1.50	0.09	0.649	al-6	26	6.84E-10
1.50	0.09	0.649	al*6	26	0.00E+00
1.50	0.09	0.649	al27	27	8.40E-11
1.50	0.09	0.649	al28	28	0.00E+00
1.50	0.09	0.649	si27	27	0.00E+00
1.50	0.09	0.649	si28	28	-2.17E-17
1.50	0.09	0.649	si29	29	-1.30E-18
1.50	0.09	0.649	si30	30	2.98E-19
1.50	0.09	0.649	si31	31	0.00E+00
1.50	0.09	0.649	si32	32	0.00E+00
1.50	0.09	0.649	si33	33	0.00E+00
1.50	0.09	0.649	p29	    29	0.00E+00
1.50	0.09	0.649	p30	    30	0.00E+00
1.50	0.09	0.649	p31	    31	-1.63E-19
1.50	0.09	0.649	p32	    32	0.00E+00
1.50	0.09	0.649	p33	    33	-1.14E-40
1.50	0.09	0.649	p34	    34	0.00E+00
1.50	0.09	0.649	s32	    32	7.16E-18
1.50	0.09	0.649	s33	    33	-1.52E-20
1.50	0.09	0.649	s34	    34	7.86E-19
1.50	0.09	0.649	s35	    35	1.68E-20
1.50	0.09	0.649	fe54	54	2.22E-18
1.50	0.09	0.649	fe55	55	1.08E-17
1.50	0.09	0.649	fe56	56	-3.56E-17
1.50	0.09	0.649	fe57	57	6.51E-19
1.50	0.09	0.649	fe58	58	9.49E-20
1.50	0.09	0.649	fe59	59	0.00E+00
1.50	0.09	0.649	fe60	60	5.60E-37
1.50	0.09	0.649	fe61	61	0.00E+00
1.50	0.09	0.649	co59	59	-1.32E-19
1.50	0.09	0.649	co60	60	6.68E-40
1.50	0.09	0.649	co61	61	0.00E+00
1.50	0.09	0.649	ni58	58	8.67E-19
1.50	0.09	0.649	ni59	59	1.17E-21
1.50	0.09	0.649	ni60	60	2.17E-19
1.50	0.09	0.649	ni61	61	9.84E-06
1.50	0.09	0.649	ni62	62	-1.00E-05
2.00	0.09	0.785	g	    1	2.71E-07
2.00	0.09	0.785	n	    1	0.00E+00
2.00	0.09	0.785	p	    1	-5.19E-03
2.00	0.09	0.785	d	    2	4.81E-18
2.00	0.09	0.785	he3	    3	1.15E-04
2.00	0.09	0.785	he4	    4	3.90E-03
2.00	0.09	0.785	li7	    7	-5.99E-08
2.00	0.09	0.785	be7	    7	4.07E-15
2.00	0.09	0.785	b8	    8	5.26E-31
2.00	0.09	0.785	c12	    12	-7.28E-03
2.00	0.09	0.785	c13	    13	4.99E-04
2.00	0.09	0.785	c14	    14	3.09E-29
2.00	0.09	0.785	n13	    13	0.00E+00
2.00	0.09	0.785	n14	    14	8.00E-03
2.00	0.09	0.785	n15	    15	-7.60E-06
2.00	0.09	0.785	o14	    14	0.00E+00
2.00	0.09	0.785	o15	    15	0.00E+00
2.00	0.09	0.785	o16	    16	-1.19E-04
2.00	0.09	0.785	o17	    17	1.12E-04
2.00	0.09	0.785	o18	    18	-2.93E-05
2.00	0.09	0.785	o19	    19	0.00E+00
2.00	0.09	0.785	f17	    17	0.00E+00
2.00	0.09	0.785	f18	    18	0.00E+00
2.00	0.09	0.785	f19	    19	-2.99E-08
2.00	0.09	0.785	f20	    20	0.00E+00
2.00	0.09	0.785	ne19	19	0.00E+00
2.00	0.09	0.785	ne20	20	-1.78E-08
2.00	0.09	0.785	ne21	21	1.88E-08
2.00	0.09	0.785	ne22	22	-4.39E-05
2.00	0.09	0.785	ne23	23	0.00E+00
2.00	0.09	0.785	na21	21	0.00E+00
2.00	0.09	0.785	na22	22	9.71E-39
2.00	0.09	0.785	na23	23	4.59E-05
2.00	0.09	0.785	na24	24	0.00E+00
2.00	0.09	0.785	mg23	23	0.00E+00
2.00	0.09	0.785	mg24	24	3.18E-10
2.00	0.09	0.785	mg25	25	-1.63E-08
2.00	0.09	0.785	mg26	26	1.52E-08
2.00	0.09	0.785	mg27	27	0.00E+00
2.00	0.09	0.785	al25	25	0.00E+00
2.00	0.09	0.785	al-6	26	1.41E-09
2.00	0.09	0.785	al*6	26	0.00E+00
2.00	0.09	0.785	al27	27	4.61E-10
2.00	0.09	0.785	al28	28	0.00E+00
2.00	0.09	0.785	si27	27	0.00E+00
2.00	0.09	0.785	si28	28	7.43E-10
2.00	0.09	0.785	si29	29	3.46E-11
2.00	0.09	0.785	si30	30	1.59E-11
2.00	0.09	0.785	si31	31	0.00E+00
2.00	0.09	0.785	si32	32	0.00E+00
2.00	0.09	0.785	si33	33	0.00E+00
2.00	0.09	0.785	p29	    29	0.00E+00
2.00	0.09	0.785	p30	    30	0.00E+00
2.00	0.09	0.785	p31	    31	4.11E-12
2.00	0.09	0.785	p32	    32	0.00E+00
2.00	0.09	0.785	p33	    33	0.00E+00
2.00	0.09	0.785	p34	    34	0.00E+00
2.00	0.09	0.785	s32	    32	1.13E-17
2.00	0.09	0.785	s33	    33	-2.03E-19
2.00	0.09	0.785	s34	    34	9.02E-12
2.00	0.09	0.785	s35	    35	1.05E-20
2.00	0.09	0.785	fe54	54	6.45E-11
2.00	0.09	0.785	fe55	55	7.39E-18
2.00	0.09	0.785	fe56	56	7.43E-10
2.00	0.09	0.785	fe57	57	1.51E-11
2.00	0.09	0.785	fe58	58	2.31E-12
2.00	0.09	0.785	fe59	59	0.00E+00
2.00	0.09	0.785	fe60	60	1.83E-35
2.00	0.09	0.785	fe61	61	0.00E+00
2.00	0.09	0.785	co59	59	1.57E-12
2.00	0.09	0.785	co60	60	0.00E+00
2.00	0.09	0.785	co61	61	0.00E+00
2.00	0.09	0.785	ni58	58	3.85E-11
2.00	0.09	0.785	ni59	59	4.68E-21
2.00	0.09	0.785	ni60	60	2.39E-11
2.00	0.09	0.785	ni61	61	1.66E-05
2.00	0.09	0.785	ni62	62	-1.68E-05
2.50	0.09	1.011	g	    1	3.86E-07
2.50	0.09	1.011	n	    1	0.00E+00
2.50	0.09	1.011	p	    1	-5.01E-03
2.50	0.09	1.011	d	    2	6.93E-18
2.50	0.09	1.011	he3	    3	9.71E-05
2.50	0.09	1.011	he4	    4	3.33E-03
2.50	0.09	1.011	li7	    7	-8.53E-08
2.50	0.09	1.011	be7	    7	1.53E-14
2.50	0.09	1.011	b8	    8	8.65E-30
2.50	0.09	1.011	c12	    12	-9.85E-03
2.50	0.09	1.011	c13	    13	6.75E-04
2.50	0.09	1.011	c14	    14	1.68E-29
2.50	0.09	1.011	n13	    13	0.00E+00
2.50	0.09	1.011	n14	    14	1.08E-02
2.50	0.09	1.011	n15	    15	-1.04E-05
2.50	0.09	1.011	o14	    14	0.00E+00
2.50	0.09	1.011	o15	    15	0.00E+00
2.50	0.09	1.011	o16	    16	-1.73E-04
2.50	0.09	1.011	o17	    17	1.40E-04
2.50	0.09	1.011	o18	    18	-3.98E-05
2.50	0.09	1.011	o19	    19	0.00E+00
2.50	0.09	1.011	f17	    17	0.00E+00
2.50	0.09	1.011	f18	    18	0.00E+00
2.50	0.09	1.011	f19	    19	-4.89E-08
2.50	0.09	1.011	f20	    20	0.00E+00
2.50	0.09	1.011	ne19	19	0.00E+00
2.50	0.09	1.011	ne20	20	-2.92E-08
2.50	0.09	1.011	ne21	21	3.32E-08
2.50	0.09	1.011	ne22	22	-6.34E-05
2.50	0.09	1.011	ne23	23	0.00E+00
2.50	0.09	1.011	na21	21	0.00E+00
2.50	0.09	1.011	na22	22	9.81E-35
2.50	0.09	1.011	na23	23	6.63E-05
2.50	0.09	1.011	na24	24	0.00E+00
2.50	0.09	1.011	mg23	23	0.00E+00
2.50	0.09	1.011	mg24	24	8.57E-10
2.50	0.09	1.011	mg25	25	-4.96E-08
2.50	0.09	1.011	mg26	26	5.02E-08
2.50	0.09	1.011	mg27	27	0.00E+00
2.50	0.09	1.011	al25	25	0.00E+00
2.50	0.09	1.011	al-6	26	9.57E-10
2.50	0.09	1.011	al*6	26	0.00E+00
2.50	0.09	1.011	al27	27	9.11E-10
2.50	0.09	1.011	al28	28	0.00E+00
2.50	0.09	1.011	si27	27	0.00E+00
2.50	0.09	1.011	si28	28	1.50E-09
2.50	0.09	1.011	si29	29	4.66E-11
2.50	0.09	1.011	si30	30	4.82E-11
2.50	0.09	1.011	si31	31	0.00E+00
2.50	0.09	1.011	si32	32	0.00E+00
2.50	0.09	1.011	si33	33	0.00E+00
2.50	0.09	1.011	p29	    29	0.00E+00
2.50	0.09	1.011	p30	    30	0.00E+00
2.50	0.09	1.011	p31	    31	1.66E-11
2.50	0.09	1.011	p32	    32	0.00E+00
2.50	0.09	1.011	p33	    33	0.00E+00
2.50	0.09	1.011	p34	    34	0.00E+00
2.50	0.09	1.011	s32	    32	4.57E-10
2.50	0.09	1.011	s33	    33	2.95E-12
2.50	0.09	1.011	s34	    34	2.43E-11
2.50	0.09	1.011	s35	    35	6.53E-21
2.50	0.09	1.011	fe54	54	1.83E-10
2.50	0.09	1.011	fe55	55	4.79E-18
2.50	0.09	1.011	fe56	56	2.00E-09
2.50	0.09	1.011	fe57	57	7.12E-11
2.50	0.09	1.011	fe58	58	8.28E-12
2.50	0.09	1.011	fe59	59	0.00E+00
2.50	0.09	1.011	fe60	60	3.46E-35
2.50	0.09	1.011	fe61	61	0.00E+00
2.50	0.09	1.011	co59	59	5.27E-12
2.50	0.09	1.011	co60	60	0.00E+00
2.50	0.09	1.011	co61	61	0.00E+00
2.50	0.09	1.011	ni58	58	1.04E-10
2.50	0.09	1.011	ni59	59	5.64E-21
2.50	0.09	1.011	ni60	60	5.36E-11
2.50	0.09	1.011	ni61	61	2.36E-05
2.50	0.09	1.011	ni62	62	-2.39E-05
3.00	0.09	1.434	g	    1	4.74E-07
3.00	0.09	1.434	n	    1	0.00E+00
3.00	0.09	1.434	p	    1	-5.20E-03
3.00	0.09	1.434	d	    2	8.53E-18
3.00	0.09	1.434	he3	    3	7.98E-05
3.00	0.09	1.434	he4	    4	3.19E-03
3.00	0.09	1.434	li7	    7	-1.05E-07
3.00	0.09	1.434	be7	    7	1.92E-13
3.00	0.09	1.434	b8	    8	2.27E-28
3.00	0.09	1.434	c12	    12	-1.21E-02
3.00	0.09	1.434	c13	    13	8.32E-04
3.00	0.09	1.434	c14	    14	3.80E-27
3.00	0.09	1.434	n13	    13	0.00E+00
3.00	0.09	1.434	n14	    14	1.33E-02
3.00	0.09	1.434	n15	    15	-1.28E-05
3.00	0.09	1.434	o14	    14	0.00E+00
3.00	0.09	1.434	o15	    15	0.00E+00
3.00	0.09	1.434	o16	    16	-2.34E-04
3.00	0.09	1.434	o17	    17	1.47E-04
3.00	0.09	1.434	o18	    18	-4.88E-05
3.00	0.09	1.434	o19	    19	0.00E+00
3.00	0.09	1.434	f17	    17	0.00E+00
3.00	0.09	1.434	f18	    18	0.00E+00
3.00	0.09	1.434	f19	    19	-6.27E-08
3.00	0.09	1.434	f20	    20	0.00E+00
3.00	0.09	1.434	ne19	19	0.00E+00
3.00	0.09	1.434	ne20	20	-4.92E-08
3.00	0.09	1.434	ne21	21	6.76E-08
3.00	0.09	1.434	ne22	22	-7.87E-05
3.00	0.09	1.434	ne23	23	0.00E+00
3.00	0.09	1.434	na21	21	0.00E+00
3.00	0.09	1.434	na22	22	1.25E-27
3.00	0.09	1.434	na23	23	8.23E-05
3.00	0.09	1.434	na24	24	0.00E+00
3.00	0.09	1.434	mg23	23	0.00E+00
3.00	0.09	1.434	mg24	24	7.45E-09
3.00	0.09	1.434	mg25	25	-2.30E-07
3.00	0.09	1.434	mg26	26	2.35E-07
3.00	0.09	1.434	mg27	27	0.00E+00
3.00	0.09	1.434	al25	25	0.00E+00
3.00	0.09	1.434	al-6	26	3.70E-09
3.00	0.09	1.434	al*6	26	0.00E+00
3.00	0.09	1.434	al27	27	3.23E-09
3.00	0.09	1.434	al28	28	0.00E+00
3.00	0.09	1.434	si27	27	0.00E+00
3.00	0.09	1.434	si28	28	8.69E-09
3.00	0.09	1.434	si29	29	4.12E-10
3.00	0.09	1.434	si30	30	2.99E-10
3.00	0.09	1.434	si31	31	0.00E+00
3.00	0.09	1.434	si32	32	0.00E+00
3.00	0.09	1.434	si33	33	0.00E+00
3.00	0.09	1.434	p29	    29	0.00E+00
3.00	0.09	1.434	p30	    30	0.00E+00
3.00	0.09	1.434	p31	    31	8.25E-11
3.00	0.09	1.434	p32	    32	0.00E+00
3.00	0.09	1.434	p33	    33	0.00E+00
3.00	0.09	1.434	p34	    34	0.00E+00
3.00	0.09	1.434	s32	    32	3.62E-09
3.00	0.09	1.434	s33	    33	2.85E-11
3.00	0.09	1.434	s34	    34	1.88E-10
3.00	0.09	1.434	s35	    35	4.34E-21
3.00	0.09	1.434	fe54	54	9.82E-10
3.00	0.09	1.434	fe55	55	3.44E-18
3.00	0.09	1.434	fe56	56	1.61E-08
3.00	0.09	1.434	fe57	57	3.67E-10
3.00	0.09	1.434	fe58	58	5.14E-11
3.00	0.09	1.434	fe59	59	0.00E+00
3.00	0.09	1.434	fe60	60	1.09E-33
3.00	0.09	1.434	fe61	61	0.00E+00
3.00	0.09	1.434	co59	59	4.06E-11
3.00	0.09	1.434	co60	60	7.70E-39
3.00	0.09	1.434	co61	61	0.00E+00
3.00	0.09	1.434	ni58	58	5.27E-10
3.00	0.09	1.434	ni59	59	4.01E-20
3.00	0.09	1.434	ni60	60	2.53E-10
3.00	0.09	1.434	ni61	61	2.89E-05
3.00	0.09	1.434	ni62	62	-2.94E-05
3.50	0.09	2.029	g	    1	5.92E-07
3.50	0.09	2.029	n	    1	0.00E+00
3.50	0.09	2.029	p	    1	-2.47E-02
3.50	0.09	2.029	d	    2	1.05E-17
3.50	0.09	2.029	he3	    3	6.75E-05
3.50	0.09	2.029	he4	    4	2.24E-02
3.50	0.09	2.029	li7	    7	-1.31E-07
3.50	0.09	2.029	be7	    7	3.63E-14
3.50	0.09	2.029	b8	    8	4.04E-31
3.50	0.09	2.029	c12	    12	-1.50E-02
3.50	0.09	2.029	c13	    13	9.86E-04
3.50	0.09	2.029	c14	    14	5.97E-29
3.50	0.09	2.029	n13	    13	0.00E+00
3.50	0.09	2.029	n14	    14	1.79E-02
3.50	0.09	2.029	n15	    15	-1.58E-05
3.50	0.09	2.029	o14	    14	0.00E+00
3.50	0.09	2.029	o15	    15	0.00E+00
3.50	0.09	2.029	o16	    16	-1.66E-03
3.50	0.09	2.029	o17	    17	1.66E-04
3.50	0.09	2.029	o18	    18	-6.20E-05
3.50	0.09	2.029	o19	    19	0.00E+00
3.50	0.09	2.029	f17	    17	0.00E+00
3.50	0.09	2.029	f18	    18	0.00E+00
3.50	0.09	2.029	f19	    19	-2.04E-07
3.50	0.09	2.029	f20	    20	0.00E+00
3.50	0.09	2.029	ne19	19	0.00E+00
3.50	0.09	2.029	ne20	20	-1.17E-06
3.50	0.09	2.029	ne21	21	1.33E-06
3.50	0.09	2.029	ne22	22	-1.24E-04
3.50	0.09	2.029	ne23	23	0.00E+00
3.50	0.09	2.029	na21	21	0.00E+00
3.50	0.09	2.029	na22	22	5.84E-36
3.50	0.09	2.029	na23	23	1.29E-04
3.50	0.09	2.029	na24	24	0.00E+00
3.50	0.09	2.029	mg23	23	0.00E+00
3.50	0.09	2.029	mg24	24	2.37E-08
3.50	0.09	2.029	mg25	25	-6.80E-06
3.50	0.09	2.029	mg26	26	6.95E-06
3.50	0.09	2.029	mg27	27	0.00E+00
3.50	0.09	2.029	al25	25	0.00E+00
3.50	0.09	2.029	al-6	26	5.99E-08
3.50	0.09	2.029	al*6	26	0.00E+00
3.50	0.09	2.029	al27	27	7.22E-08
3.50	0.09	2.029	al28	28	0.00E+00
3.50	0.09	2.029	si27	27	0.00E+00
3.50	0.09	2.029	si28	28	2.76E-08
3.50	0.09	2.029	si29	29	1.34E-09
3.50	0.09	2.029	si30	30	9.04E-10
3.50	0.09	2.029	si31	31	0.00E+00
3.50	0.09	2.029	si32	32	0.00E+00
3.50	0.09	2.029	si33	33	0.00E+00
3.50	0.09	2.029	p29	    29	0.00E+00
3.50	0.09	2.029	p30	    30	0.00E+00
3.50	0.09	2.029	p31	    31	2.81E-10
3.50	0.09	2.029	p32	    32	0.00E+00
3.50	0.09	2.029	p33	    33	0.00E+00
3.50	0.09	2.029	p34	    34	0.00E+00
3.50	0.09	2.029	s32	    32	1.25E-08
3.50	0.09	2.029	s33	    33	9.94E-11
3.50	0.09	2.029	s34	    34	5.89E-10
3.50	0.09	2.029	s35	    35	1.30E-19
3.50	0.09	2.029	fe54	54	3.15E-09
3.50	0.09	2.029	fe55	55	1.79E-16
3.50	0.09	2.029	fe56	56	4.93E-08
3.50	0.09	2.029	fe57	57	1.17E-09
3.50	0.09	2.029	fe58	58	1.58E-10
3.50	0.09	2.029	fe59	59	0.00E+00
3.50	0.09	2.029	fe60	60	4.17E-36
3.50	0.09	2.029	fe61	61	0.00E+00
3.50	0.09	2.029	co59	59	1.24E-10
3.50	0.09	2.029	co60	60	0.00E+00
3.50	0.09	2.029	co61	61	0.00E+00
3.50	0.09	2.029	ni58	58	1.76E-09
3.50	0.09	2.029	ni59	59	3.03E-24
3.50	0.09	2.029	ni60	60	7.36E-10
3.50	0.09	2.029	ni61	61	3.61E-05
3.50	0.09	2.029	ni62	62	-3.67E-05
4.00	0.09	2.422	g	    1	7.10E-07
4.00	0.09	2.422	n	    1	0.00E+00
4.00	0.09	2.422	p	    1	-7.46E-02
4.00	0.09	2.422	d	    2	1.21E-17
4.00	0.09	2.422	he3	    3	5.64E-05
4.00	0.09	2.422	he4	    4	7.21E-02
4.00	0.09	2.422	li7	    7	-1.57E-07
4.00	0.09	2.422	be7	    7	2.44E-14
4.00	0.09	2.422	b8	    8	2.71E-31
4.00	0.09	2.422	c12	    12	-1.85E-02
4.00	0.09	2.422	c13	    13	1.13E-03
4.00	0.09	2.422	c14	    14	7.84E-28
4.00	0.09	2.422	n13	    13	0.00E+00
4.00	0.09	2.422	n14	    14	2.46E-02
4.00	0.09	2.422	n15	    15	-1.91E-05
4.00	0.09	2.422	o14	    14	0.00E+00
4.00	0.09	2.422	o15	    15	0.00E+00
4.00	0.09	2.422	o16	    16	-5.00E-03
4.00	0.09	2.422	o17	    17	1.54E-04
4.00	0.09	2.422	o18	    18	-7.81E-05
4.00	0.09	2.422	o19	    19	0.00E+00
4.00	0.09	2.422	f17	    17	0.00E+00
4.00	0.09	2.422	f18	    18	0.00E+00
4.00	0.09	2.422	f19	    19	-4.78E-07
4.00	0.09	2.422	f20	    20	0.00E+00
4.00	0.09	2.422	ne19	19	0.00E+00
4.00	0.09	2.422	ne20	20	-4.33E-06
4.00	0.09	2.422	ne21	21	4.84E-06
4.00	0.09	2.422	ne22	22	-1.96E-04
4.00	0.09	2.422	ne23	23	0.00E+00
4.00	0.09	2.422	na21	21	0.00E+00
4.00	0.09	2.422	na22	22	8.27E-34
4.00	0.09	2.422	na23	23	2.05E-04
4.00	0.09	2.422	na24	24	0.00E+00
4.00	0.09	2.422	mg23	23	0.00E+00
4.00	0.09	2.422	mg24	24	4.60E-08
4.00	0.09	2.422	mg25	25	-2.57E-05
4.00	0.09	2.422	mg26	26	2.62E-05
4.00	0.09	2.422	mg27	27	0.00E+00
4.00	0.09	2.422	al25	25	0.00E+00
4.00	0.09	2.422	al-6	26	2.84E-07
4.00	0.09	2.422	al*6	26	0.00E+00
4.00	0.09	2.422	al27	27	2.70E-07
4.00	0.09	2.422	al28	28	0.00E+00
4.00	0.09	2.422	si27	27	0.00E+00
4.00	0.09	2.422	si28	28	4.92E-08
4.00	0.09	2.422	si29	29	2.40E-09
4.00	0.09	2.422	si30	30	1.58E-09
4.00	0.09	2.422	si31	31	0.00E+00
4.00	0.09	2.422	si32	32	0.00E+00
4.00	0.09	2.422	si33	33	0.00E+00
4.00	0.09	2.422	p29	    29	0.00E+00
4.00	0.09	2.422	p30	    30	0.00E+00
4.00	0.09	2.422	p31	    31	5.55E-10
4.00	0.09	2.422	p32	    32	0.00E+00
4.00	0.09	2.422	p33	    33	0.00E+00
4.00	0.09	2.422	p34	    34	0.00E+00
4.00	0.09	2.422	s32	    32	2.20E-08
4.00	0.09	2.422	s33	    33	1.76E-10
4.00	0.09	2.422	s34	    34	1.07E-09
4.00	0.09	2.422	s35	    35	6.24E-14
4.00	0.09	2.422	fe54	54	5.41E-09
4.00	0.09	2.422	fe55	55	1.04E-10
4.00	0.09	2.422	fe56	56	8.79E-08
4.00	0.09	2.422	fe57	57	2.24E-09
4.00	0.09	2.422	fe58	58	3.26E-10
4.00	0.09	2.422	fe59	59	0.00E+00
4.00	0.09	2.422	fe60	60	1.21E-24
4.00	0.09	2.422	fe61	61	0.00E+00
4.00	0.09	2.422	co59	59	2.35E-10
4.00	0.09	2.422	co60	60	2.42E-30
4.00	0.09	2.422	co61	61	0.00E+00
4.00	0.09	2.422	ni58	58	3.15E-09
4.00	0.09	2.422	ni59	59	2.29E-15
4.00	0.09	2.422	ni60	60	1.24E-09
4.00	0.09	2.422	ni61	61	4.33E-05
4.00	0.09	2.422	ni62	62	-4.40E-05
4.50	0.09	2.723	g	    1	9.56E-07
4.50	0.09	2.723	n	    1	0.00E+00
4.50	0.09	2.723	p	    1	-1.25E-01
4.50	0.09	2.723	d	    2	1.55E-17
4.50	0.09	2.723	he3	    3	4.99E-05
4.50	0.09	2.723	he4	    4	1.23E-01
4.50	0.09	2.723	li7	    7	-1.97E-07
4.50	0.09	2.723	be7	    7	2.23E-10
4.50	0.09	2.723	b8	    8	3.93E-25
4.50	0.09	2.723	c12	    12	-2.25E-02
4.50	0.09	2.723	c13	    13	1.25E-03
4.50	0.09	2.723	c14	    14	7.21E-23
4.50	0.09	2.723	n13	    13	0.00E+00
4.50	0.09	2.723	n14	    14	3.24E-02
4.50	0.09	2.723	n15	    15	-2.27E-05
4.50	0.09	2.723	o14	    14	0.00E+00
4.50	0.09	2.723	o15	    15	0.00E+00
4.50	0.09	2.723	o16	    16	-8.59E-03
4.50	0.09	2.723	o17	    17	1.84E-04
4.50	0.09	2.723	o18	    18	-9.82E-05
4.50	0.09	2.723	o19	    19	0.00E+00
4.50	0.09	2.723	f17	    17	0.00E+00
4.50	0.09	2.723	f18	    18	0.00E+00
4.50	0.09	2.723	f19	    19	-8.08E-07
4.50	0.09	2.723	f20	    20	0.00E+00
4.50	0.09	2.723	ne19	19	0.00E+00
4.50	0.09	2.723	ne20	20	-7.23E-06
4.50	0.09	2.723	ne21	21	8.28E-06
4.50	0.09	2.723	ne22	22	-2.92E-04
4.50	0.09	2.723	ne23	23	0.00E+00
4.50	0.09	2.723	na21	21	0.00E+00
4.50	0.09	2.723	na22	22	2.37E-31
4.50	0.09	2.723	na23	23	3.05E-04
4.50	0.09	2.723	na24	24	0.00E+00
4.50	0.09	2.723	mg23	23	0.00E+00
4.50	0.09	2.723	mg24	24	1.81E-07
4.50	0.09	2.723	mg25	25	-4.40E-05
4.50	0.09	2.723	mg26	26	4.47E-05
4.50	0.09	2.723	mg27	27	0.00E+00
4.50	0.09	2.723	al25	25	0.00E+00
4.50	0.09	2.723	al-6	26	7.05E-07
4.50	0.09	2.723	al*6	26	0.00E+00
4.50	0.09	2.723	al27	27	4.79E-07
4.50	0.09	2.723	al28	28	0.00E+00
4.50	0.09	2.723	si27	27	0.00E+00
4.50	0.09	2.723	si28	28	1.93E-07
4.50	0.09	2.723	si29	29	9.34E-09
4.50	0.09	2.723	si30	30	8.09E-09
4.50	0.09	2.723	si31	31	0.00E+00
4.50	0.09	2.723	si32	32	0.00E+00
4.50	0.09	2.723	si33	33	0.00E+00
4.50	0.09	2.723	p29	    29	0.00E+00
4.50	0.09	2.723	p30	    30	0.00E+00
4.50	0.09	2.723	p31	    31	3.72E-09
4.50	0.09	2.723	p32	    32	0.00E+00
4.50	0.09	2.723	p33	    33	0.00E+00
4.50	0.09	2.723	p34	    34	0.00E+00
4.50	0.09	2.723	s32	    32	8.84E-08
4.50	0.09	2.723	s33	    33	-2.45E-10
4.50	0.09	2.723	s34	    34	4.38E-09
4.50	0.09	2.723	s35	    35	1.36E-11
4.50	0.09	2.723	fe54	54	-5.27E-10
4.50	0.09	2.723	fe55	55	2.35E-08
4.50	0.09	2.723	fe56	56	3.26E-07
4.50	0.09	2.723	fe57	57	3.92E-08
4.50	0.09	2.723	fe58	58	1.01E-08
4.50	0.09	2.723	fe59	59	0.00E+00
4.50	0.09	2.723	fe60	60	5.02E-20
4.50	0.09	2.723	fe61	61	0.00E+00
4.50	0.09	2.723	co59	59	5.39E-09
4.50	0.09	2.723	co60	60	1.01E-25
4.50	0.09	2.723	co61	61	0.00E+00
4.50	0.09	2.723	ni58	58	7.82E-09
4.50	0.09	2.723	ni59	59	7.13E-12
4.50	0.09	2.723	ni60	60	2.08E-09
4.50	0.09	2.723	ni61	61	5.83E-05
4.50	0.09	2.723	ni62	62	-5.93E-05
5.00	0.09	3.698	g	    1	1.08E-06
5.00	0.09	3.698	n	    1	0.00E+00
5.00	0.09	3.698	p	    1	-1.76E-01
5.00	0.09	3.698	d	    2	1.56E-17
5.00	0.09	3.698	he3	    3	4.15E-05
5.00	0.09	3.698	he4	    4	1.73E-01
5.00	0.09	3.698	li7	    7	-2.38E-07
5.00	0.09	3.698	be7	    7	1.57E-07
5.00	0.09	3.698	b8	    8	5.99E-20
5.00	0.09	3.698	c12	    12	-2.73E-02
5.00	0.09	3.698	c13	    13	2.24E-03
5.00	0.09	3.698	c14	    14	1.55E-19
5.00	0.09	3.698	n13	    13	0.00E+00
5.00	0.09	3.698	n14	    14	4.02E-02
5.00	0.09	3.698	n15	    15	-3.33E-05
5.00	0.09	3.698	o14	    14	0.00E+00
5.00	0.09	3.698	o15	    15	0.00E+00
5.00	0.09	3.698	o16	    16	-1.23E-02
5.00	0.09	3.698	o17	    17	1.81E-04
5.00	0.09	3.698	o18	    18	-1.40E-04
5.00	0.09	3.698	o19	    19	0.00E+00
5.00	0.09	3.698	f17	    17	0.00E+00
5.00	0.09	3.698	f18	    18	0.00E+00
5.00	0.09	3.698	f19	    19	-1.13E-06
5.00	0.09	3.698	f20	    20	0.00E+00
5.00	0.09	3.698	ne19	19	0.00E+00
5.00	0.09	3.698	ne20	20	-1.00E-05
5.00	0.09	3.698	ne21	21	1.19E-05
5.00	0.09	3.698	ne22	22	-3.76E-04
5.00	0.09	3.698	ne23	23	0.00E+00
5.00	0.09	3.698	na21	21	0.00E+00
5.00	0.09	3.698	na22	22	6.57E-27
5.00	0.09	3.698	na23	23	3.93E-04
5.00	0.09	3.698	na24	24	0.00E+00
5.00	0.09	3.698	mg23	23	0.00E+00
5.00	0.09	3.698	mg24	24	5.25E-07
5.00	0.09	3.698	mg25	25	-6.36E-05
5.00	0.09	3.698	mg26	26	6.42E-05
5.00	0.09	3.698	mg27	27	0.00E+00
5.00	0.09	3.698	al25	25	0.00E+00
5.00	0.09	3.698	al-6	26	1.42E-06
5.00	0.09	3.698	al*6	26	0.00E+00
5.00	0.09	3.698	al27	27	7.04E-07
5.00	0.09	3.698	al28	28	0.00E+00
5.00	0.09	3.698	si27	27	0.00E+00
5.00	0.09	3.698	si28	28	5.14E-07
5.00	0.09	3.698	si29	29	1.05E-08
5.00	0.09	3.698	si30	30	5.64E-08
5.00	0.09	3.698	si31	31	0.00E+00
5.00	0.09	3.698	si32	32	0.00E+00
5.00	0.09	3.698	si33	33	0.00E+00
5.00	0.09	3.698	p29	    29	0.00E+00
5.00	0.09	3.698	p30	    30	0.00E+00
5.00	0.09	3.698	p31	    31	4.01E-08
5.00	0.09	3.698	p32	    32	0.00E+00
5.00	0.09	3.698	p33	    33	0.00E+00
5.00	0.09	3.698	p34	    34	0.00E+00
5.00	0.09	3.698	s32	    32	1.93E-07
5.00	0.09	3.698	s33	    33	-1.30E-08
5.00	0.09	3.698	s34	    34	1.21E-08
5.00	0.09	3.698	s35	    35	3.03E-10
5.00	0.09	3.698	fe54	54	-4.59E-07
5.00	0.09	3.698	fe55	55	5.12E-07
5.00	0.09	3.698	fe56	56	4.58E-08
5.00	0.09	3.698	fe57	57	7.32E-07
5.00	0.09	3.698	fe58	58	2.14E-07
5.00	0.09	3.698	fe59	59	1.00E-37
5.00	0.09	3.698	fe60	60	1.67E-17
5.00	0.09	3.698	fe61	61	0.00E+00
5.00	0.09	3.698	co59	59	1.15E-07
5.00	0.09	3.698	co60	60	3.36E-23
5.00	0.09	3.698	co61	61	0.00E+00
5.00	0.09	3.698	ni58	58	-9.41E-08
5.00	0.09	3.698	ni59	59	5.83E-10
5.00	0.09	3.698	ni60	60	-5.37E-08
5.00	0.09	3.698	ni61	61	6.62E-05
5.00	0.09	3.698	ni62	62	-6.72E-05
5.50	0.09	3.459	g	    1	1.21E-06
5.50	0.09	3.459	n	    1	0.00E+00
5.50	0.09	3.459	p	    1	-2.37E-01
5.50	0.09	3.459	d	    2	1.59E-17
5.50	0.09	3.459	he3	    3	3.42E-05
5.50	0.09	3.459	he4	    4	2.33E-01
5.50	0.09	3.459	li7	    7	-2.67E-07
5.50	0.09	3.459	be7	    7	6.45E-08
5.50	0.09	3.459	b8	    8	4.78E-19
5.50	0.09	3.459	c12	    12	-3.68E-02
5.50	0.09	3.459	c13	    13	1.88E-03
5.50	0.09	3.459	c14	    14	3.55E-18
5.50	0.09	3.459	n13	    13	0.00E+00
5.50	0.09	3.459	n14	    14	5.56E-02
5.50	0.09	3.459	n15	    15	-3.45E-05
5.50	0.09	3.459	o14	    14	0.00E+00
5.50	0.09	3.459	o15	    15	0.00E+00
5.50	0.09	3.459	o16	    16	-1.67E-02
5.50	0.09	3.459	o17	    17	2.02E-04
5.50	0.09	3.459	o18	    18	-1.91E-04
5.50	0.09	3.459	o19	    19	0.00E+00
5.50	0.09	3.459	f17	    17	0.00E+00
5.50	0.09	3.459	f18	    18	0.00E+00
5.50	0.09	3.459	f19	    19	-1.76E-06
5.50	0.09	3.459	f20	    20	0.00E+00
5.50	0.09	3.459	ne19	19	0.00E+00
5.50	0.09	3.459	ne20	20	-8.38E-06
5.50	0.09	3.459	ne21	21	9.85E-06
5.50	0.09	3.459	ne22	22	-4.80E-04
5.50	0.09	3.459	ne23	23	0.00E+00
5.50	0.09	3.459	na21	21	0.00E+00
5.50	0.09	3.459	na22	22	7.55E-24
5.50	0.09	3.459	na23	23	5.09E-04
5.50	0.09	3.459	na24	24	0.00E+00
5.50	0.09	3.459	mg23	23	0.00E+00
5.50	0.09	3.459	mg24	24	2.46E-06
5.50	0.09	3.459	mg25	25	-8.74E-05
5.50	0.09	3.459	mg26	26	8.80E-05
5.50	0.09	3.459	mg27	27	0.00E+00
5.50	0.09	3.459	al25	25	0.00E+00
5.50	0.09	3.459	al-6	26	3.46E-06
5.50	0.09	3.459	al*6	26	0.00E+00
5.50	0.09	3.459	al27	27	1.93E-06
5.50	0.09	3.459	al28	28	0.00E+00
5.50	0.09	3.459	si27	27	0.00E+00
5.50	0.09	3.459	si28	28	3.77E-06
5.50	0.09	3.459	si29	29	1.27E-07
5.50	0.09	3.459	si30	30	3.07E-07
5.50	0.09	3.459	si31	31	0.00E+00
5.50	0.09	3.459	si32	32	5.04E-36
5.50	0.09	3.459	si33	33	0.00E+00
5.50	0.09	3.459	p29	    29	0.00E+00
5.50	0.09	3.459	p30	    30	0.00E+00
5.50	0.09	3.459	p31	    31	1.78E-07
5.50	0.09	3.459	p32	    32	1.25E-39
5.50	0.09	3.459	p33	    33	0.00E+00
5.50	0.09	3.459	p34	    34	0.00E+00
5.50	0.09	3.459	s32	    32	1.56E-06
5.50	0.09	3.459	s33	    33	-3.21E-08
5.50	0.09	3.459	s34	    34	8.82E-08
5.50	0.09	3.459	s35	    35	1.28E-09
5.50	0.09	3.459	fe54	54	-1.72E-06
5.50	0.09	3.459	fe55	55	2.08E-06
5.50	0.09	3.459	fe56	56	3.29E-06
5.50	0.09	3.459	fe57	57	3.18E-06
5.50	0.09	3.459	fe58	58	9.43E-07
5.50	0.09	3.459	fe59	59	3.85E-38
5.50	0.09	3.459	fe60	60	3.24E-16
5.50	0.09	3.459	fe61	61	0.00E+00
5.50	0.09	3.459	co59	59	5.09E-07
5.50	0.09	3.459	co60	60	6.51E-22
5.50	0.09	3.459	co61	61	0.00E+00
5.50	0.09	3.459	ni58	58	-3.12E-07
5.50	0.09	3.459	ni59	59	1.67E-09
5.50	0.09	3.459	ni60	60	-1.72E-07
5.50	0.09	3.459	ni61	61	7.41E-05
5.50	0.09	3.459	ni62	62	-7.49E-05
6.00	0.09	3.839	g	    1	1.34E-06
6.00	0.09	3.839	n	    1	0.00E+00
6.00	0.09	3.839	p	    1	-3.01E-01
6.00	0.09	3.839	d	    2	1.52E-17
6.00	0.09	3.839	he3	    3	2.23E-05
6.00	0.09	3.839	he4	    4	2.95E-01
6.00	0.09	3.839	li7	    7	-2.94E-07
6.00	0.09	3.839	be7	    7	3.60E-08
6.00	0.09	3.839	b8	    8	4.40E-17
6.00	0.09	3.839	c12	    12	-5.25E-02
6.00	0.09	3.839	c13	    13	1.12E-03
6.00	0.09	3.839	c14	    14	6.97E-18
6.00	0.09	3.839	n13	    13	0.00E+00
6.00	0.09	3.839	n14	    14	8.08E-02
6.00	0.09	3.839	n15	    15	-4.33E-05
6.00	0.09	3.839	o14	    14	0.00E+00
6.00	0.09	3.839	o15	    15	0.00E+00
6.00	0.09	3.839	o16	    16	-2.36E-02
6.00	0.09	3.839	o17	    17	2.22E-04
6.00	0.09	3.839	o18	    18	-2.76E-04
6.00	0.09	3.839	o19	    19	0.00E+00
6.00	0.09	3.839	f17	    17	0.00E+00
6.00	0.09	3.839	f18	    18	0.00E+00
6.00	0.09	3.839	f19	    19	-4.90E-06
6.00	0.09	3.839	f20	    20	0.00E+00
6.00	0.09	3.839	ne19	19	0.00E+00
6.00	0.09	3.839	ne20	20	-2.14E-05
6.00	0.09	3.839	ne21	21	-2.37E-05
6.00	0.09	3.839	ne22	22	-5.38E-04
6.00	0.09	3.839	ne23	23	0.00E+00
6.00	0.09	3.839	na21	21	0.00E+00
6.00	0.09	3.839	na22	22	5.68E-17
6.00	0.09	3.839	na23	23	6.15E-04
6.00	0.09	3.839	na24	24	0.00E+00
6.00	0.09	3.839	mg23	23	0.00E+00
6.00	0.09	3.839	mg24	24	1.07E-06
6.00	0.09	3.839	mg25	25	-1.26E-04
6.00	0.09	3.839	mg26	26	1.09E-04
6.00	0.09	3.839	mg27	27	0.00E+00
6.00	0.09	3.839	al25	25	0.00E+00
6.00	0.09	3.839	al-6	26	1.42E-05
6.00	0.09	3.839	al*6	26	0.00E+00
6.00	0.09	3.839	al27	27	9.69E-06
6.00	0.09	3.839	al28	28	0.00E+00
6.00	0.09	3.839	si27	27	0.00E+00
6.00	0.09	3.839	si28	28	1.49E-06
6.00	0.09	3.839	si29	29	-5.48E-08
6.00	0.09	3.839	si30	30	3.75E-07
6.00	0.09	3.839	si31	31	0.00E+00
6.00	0.09	3.839	si32	32	4.40E-40
6.00	0.09	3.839	si33	33	0.00E+00
6.00	0.09	3.839	p29	    29	0.00E+00
6.00	0.09	3.839	p30	    30	0.00E+00
6.00	0.09	3.839	p31	    31	2.67E-07
6.00	0.09	3.839	p32	    32	0.00E+00
6.00	0.09	3.839	p33	    33	0.00E+00
6.00	0.09	3.839	p34	    34	0.00E+00
6.00	0.09	3.839	s32	    32	2.92E-07
6.00	0.09	3.839	s33	    33	-7.42E-08
6.00	0.09	3.839	s34	    34	3.78E-08
6.00	0.09	3.839	s35	    35	2.30E-09
6.00	0.09	3.839	fe54	54	-3.71E-06
6.00	0.09	3.839	fe55	55	3.72E-06
6.00	0.09	3.839	fe56	56	-4.30E-06
6.00	0.09	3.839	fe57	57	5.49E-06
6.00	0.09	3.839	fe58	58	1.68E-06
6.00	0.09	3.839	fe59	59	2.19E-35
6.00	0.09	3.839	fe60	60	7.03E-16
6.00	0.09	3.839	fe61	61	0.00E+00
6.00	0.09	3.839	co59	59	8.94E-07
6.00	0.09	3.839	co60	60	1.41E-21
6.00	0.09	3.839	co61	61	0.00E+00
6.00	0.09	3.839	ni58	58	-9.26E-07
6.00	0.09	3.839	ni59	59	2.67E-09
6.00	0.09	3.839	ni60	60	-4.49E-07
6.00	0.09	3.839	ni61	61	8.20E-05
6.00	0.09	3.839	ni62	62	-8.26E-05
6.50	0.09	4.274	g	    1	1.46E-06
6.50	0.09	4.274	n	    1	0.00E+00
6.50	0.09	4.274	p	    1	-3.70E-01
6.50	0.09	4.274	d	    2	1.56E-17
6.50	0.09	4.274	he3	    3	2.23E-05
6.50	0.09	4.274	he4	    4	3.65E-01
6.50	0.09	4.274	li7	    7	-3.22E-07
6.50	0.09	4.274	be7	    7	1.94E-07
6.50	0.09	4.274	b8	    8	3.47E-18
6.50	0.09	4.274	c12	    12	-5.35E-02
6.50	0.09	4.274	c13	    13	1.52E-03
6.50	0.09	4.274	c14	    14	2.04E-16
6.50	0.09	4.274	n13	    13	0.00E+00
6.50	0.09	4.274	n14	    14	8.92E-02
6.50	0.09	4.274	n15	    15	-5.93E-05
6.50	0.09	4.274	o14	    14	0.00E+00
6.50	0.09	4.274	o15	    15	0.00E+00
6.50	0.09	4.274	o16	    16	-3.24E-02
6.50	0.09	4.274	o17	    17	2.70E-04
6.50	0.09	4.274	o18	    18	-2.84E-04
6.50	0.09	4.274	o19	    19	0.00E+00
6.50	0.09	4.274	f17	    17	0.00E+00
6.50	0.09	4.274	f18	    18	0.00E+00
6.50	0.09	4.274	f19	    19	-5.44E-06
6.50	0.09	4.274	f20	    20	0.00E+00
6.50	0.09	4.274	ne19	19	0.00E+00
6.50	0.09	4.274	ne20	20	-1.97E-05
6.50	0.09	4.274	ne21	21	-1.65E-05
6.50	0.09	4.274	ne22	22	-6.30E-04
6.50	0.09	4.274	ne23	23	0.00E+00
6.50	0.09	4.274	na21	21	0.00E+00
6.50	0.09	4.274	na22	22	1.48E-12
6.50	0.09	4.274	na23	23	7.11E-04
6.50	0.09	4.274	na24	24	0.00E+00
6.50	0.09	4.274	mg23	23	0.00E+00
6.50	0.09	4.274	mg24	24	-3.00E-05
6.50	0.09	4.274	mg25	25	-1.37E-04
6.50	0.09	4.274	mg26	26	1.20E-04
6.50	0.09	4.274	mg27	27	0.00E+00
6.50	0.09	4.274	al25	25	0.00E+00
6.50	0.09	4.274	al-6	26	3.04E-05
6.50	0.09	4.274	al*6	26	0.00E+00
6.50	0.09	4.274	al27	27	3.76E-05
6.50	0.09	4.274	al28	28	0.00E+00
6.50	0.09	4.274	si27	27	0.00E+00
6.50	0.09	4.274	si28	28	6.74E-06
6.50	0.09	4.274	si29	29	1.22E-07
6.50	0.09	4.274	si30	30	7.46E-07
6.50	0.09	4.274	si31	31	0.00E+00
6.50	0.09	4.274	si32	32	6.72E-38
6.50	0.09	4.274	si33	33	0.00E+00
6.50	0.09	4.274	p29	    29	0.00E+00
6.50	0.09	4.274	p30	    30	0.00E+00
6.50	0.09	4.274	p31	    31	4.40E-07
6.50	0.09	4.274	p32	    32	9.84E-36
6.50	0.09	4.274	p33	    33	5.17E-35
6.50	0.09	4.274	p34	    34	0.00E+00
6.50	0.09	4.274	s32	    32	2.55E-06
6.50	0.09	4.274	s33	    33	-9.13E-08
6.50	0.09	4.274	s34	    34	1.58E-07
6.50	0.09	4.274	s35	    35	3.41E-09
6.50	0.09	4.274	fe54	54	-4.97E-06
6.50	0.09	4.274	fe55	55	5.49E-06
6.50	0.09	4.274	fe56	56	2.24E-06
6.50	0.09	4.274	fe57	57	8.34E-06
6.50	0.09	4.274	fe58	58	2.53E-06
6.50	0.09	4.274	fe59	59	1.91E-30
6.50	0.09	4.274	fe60	60	1.02E-15
6.50	0.09	4.274	fe61	61	0.00E+00
6.50	0.09	4.274	co59	59	1.35E-06
6.50	0.09	4.274	co60	60	2.05E-21
6.50	0.09	4.274	co61	61	0.00E+00
6.50	0.09	4.274	ni58	58	-1.07E-06
6.50	0.09	4.274	ni59	59	5.46E-09
6.50	0.09	4.274	ni60	60	-5.45E-07
6.50	0.09	4.274	ni61	61	8.99E-05
6.50	0.09	4.274	ni62	62	-9.03E-05
7.50	0.09	6.129	g	    1	1.71E-06
7.50	0.09	6.129	n	    1	0.00E+00
7.50	0.09	6.129	p	    1	-4.50E-01
7.50	0.09	6.129	d	    2	1.72E-17
7.50	0.09	6.129	he3	    3	2.22E-05
7.50	0.09	6.129	he4	    4	4.44E-01
7.50	0.09	6.129	li7	    7	-3.76E-07
7.50	0.09	6.129	be7	    7	6.51E-07
7.50	0.09	6.129	b8	    8	3.74E-22
7.50	0.09	6.129	c12	    12	-5.92E-02
7.50	0.09	6.129	c13	    13	9.33E-03
7.50	0.09	6.129	c14	    14	1.46E-10
7.50	0.09	6.129	n13	    13	0.00E+00
7.50	0.09	6.129	n14	    14	8.86E-02
7.50	0.09	6.129	n15	    15	-7.24E-05
7.50	0.09	6.129	o14	    14	0.00E+00
7.50	0.09	6.129	o15	    15	0.00E+00
7.50	0.09	6.129	o16	    16	-3.34E-02
7.50	0.09	6.129	o17	    17	2.82E-04
7.50	0.09	6.129	o18	    18	-5.26E-04
7.50	0.09	6.129	o19	    19	0.00E+00
7.50	0.09	6.129	f17	    17	0.00E+00
7.50	0.09	6.129	f18	    18	0.00E+00
7.50	0.09	6.129	f19	    19	4.35E-09
7.50	0.09	6.129	f20	    20	0.00E+00
7.50	0.09	6.129	ne19	19	0.00E+00
7.50	0.09	6.129	ne20	20	-1.23E-05
7.50	0.09	6.129	ne21	21	8.85E-07
7.50	0.09	6.129	ne22	22	-8.02E-04
7.50	0.09	6.129	ne23	23	0.00E+00
7.50	0.09	6.129	na21	21	0.00E+00
7.50	0.09	6.129	na22	22	5.49E-09
7.50	0.09	6.129	na23	23	8.93E-04
7.50	0.09	6.129	na24	24	0.00E+00
7.50	0.09	6.129	mg23	23	0.00E+00
7.50	0.09	6.129	mg24	24	-9.34E-05
7.50	0.09	6.129	mg25	25	-9.69E-05
7.50	0.09	6.129	mg26	26	1.88E-04
7.50	0.09	6.129	mg27	27	0.00E+00
7.50	0.09	6.129	al25	25	0.00E+00
7.50	0.09	6.129	al-6	26	1.80E-05
7.50	0.09	6.129	al*6	26	0.00E+00
7.50	0.09	6.129	al27	27	9.43E-06
7.50	0.09	6.129	al28	28	0.00E+00
7.50	0.09	6.129	si27	27	0.00E+00
7.50	0.09	6.129	si28	28	9.83E-06
7.50	0.09	6.129	si29	29	2.09E-07
7.50	0.09	6.129	si30	30	1.08E-06
7.50	0.09	6.129	si31	31	0.00E+00
7.50	0.09	6.129	si32	32	2.39E-28
7.50	0.09	6.129	si33	33	0.00E+00
7.50	0.09	6.129	p29	    29	0.00E+00
7.50	0.09	6.129	p30	    30	0.00E+00
7.50	0.09	6.129	p31	    31	6.61E-07
7.50	0.09	6.129	p32	    32	3.30E-30
7.50	0.09	6.129	p33	    33	1.60E-29
7.50	0.09	6.129	p34	    34	0.00E+00
7.50	0.09	6.129	s32	    32	3.56E-06
7.50	0.09	6.129	s33	    33	-1.22E-07
7.50	0.09	6.129	s34	    34	2.27E-07
7.50	0.09	6.129	s35	    35	5.25E-09
7.50	0.09	6.129	fe54	54	-7.73E-06
7.50	0.09	6.129	fe55	55	8.41E-06
7.50	0.09	6.129	fe56	56	1.96E-06
7.50	0.09	6.129	fe57	57	1.29E-05
7.50	0.09	6.129	fe58	58	3.93E-06
7.50	0.09	6.129	fe59	59	4.10E-25
7.50	0.09	6.129	fe60	60	2.00E-15
7.50	0.09	6.129	fe61	61	0.00E+00
7.50	0.09	6.129	co59	59	2.09E-06
7.50	0.09	6.129	co60	60	3.80E-20
7.50	0.09	6.129	co61	61	0.00E+00
7.50	0.09	6.129	ni58	58	-1.74E-06
7.50	0.09	6.129	ni59	59	2.42E-08
7.50	0.09	6.129	ni60	60	-8.49E-07
7.50	0.09	6.129	ni61	61	1.06E-04
7.50	0.09	6.129	ni62	62	-1.06E-04
8.00	0.09	7.381	g	    1	1.83E-06
8.00	0.09	7.381	n	    1	0.00E+00
8.00	0.09	7.381	p	    1	-5.15E-01
8.00	0.09	7.381	d	    2	1.73E-17
8.00	0.09	7.381	he3	    3	2.32E-05
8.00	0.09	7.381	he4	    4	5.09E-01
8.00	0.09	7.381	li7	    7	-4.01E-07
8.00	0.09	7.381	be7	    7	7.98E-07
8.00	0.09	7.381	b8	    8	1.95E-21
8.00	0.09	7.381	c12	    12	-5.94E-02
8.00	0.09	7.381	c13	    13	8.16E-03
8.00	0.09	7.381	c14	    14	1.55E-11
8.00	0.09	7.381	n13	    13	0.00E+00
8.00	0.09	7.381	n14	    14	9.46E-02
8.00	0.09	7.381	n15	    15	-7.69E-05
8.00	0.09	7.381	o14	    14	0.00E+00
8.00	0.09	7.381	o15	    15	0.00E+00
8.00	0.09	7.381	o16	    16	-3.81E-02
8.00	0.09	7.381	o17	    17	3.02E-04
8.00	0.09	7.381	o18	    18	-5.73E-04
8.00	0.09	7.381	o19	    19	0.00E+00
8.00	0.09	7.381	f17	    17	0.00E+00
8.00	0.09	7.381	f18	    18	0.00E+00
8.00	0.09	7.381	f19	    19	8.20E-07
8.00	0.09	7.381	f20	    20	0.00E+00
8.00	0.09	7.381	ne19	19	0.00E+00
8.00	0.09	7.381	ne20	20	-1.88E-05
8.00	0.09	7.381	ne21	21	2.94E-06
8.00	0.09	7.381	ne22	22	-2.41E-04
8.00	0.09	7.381	ne23	23	0.00E+00
8.00	0.09	7.381	na21	21	0.00E+00
8.00	0.09	7.381	na22	22	2.53E-08
8.00	0.09	7.381	na23	23	1.02E-03
8.00	0.09	7.381	na24	24	0.00E+00
8.00	0.09	7.381	mg23	23	0.00E+00
8.00	0.09	7.381	mg24	24	9.15E-06
8.00	0.09	7.381	mg25	25	-2.28E-04
8.00	0.09	7.381	mg26	26	2.24E-04
8.00	0.09	7.381	mg27	27	0.00E+00
8.00	0.09	7.381	al25	25	0.00E+00
8.00	0.09	7.381	al-6	26	1.45E-05
8.00	0.09	7.381	al*6	26	0.00E+00
8.00	0.09	7.381	al27	27	3.90E-06
8.00	0.09	7.381	al28	28	0.00E+00
8.00	0.09	7.381	si27	27	0.00E+00
8.00	0.09	7.381	si28	28	1.11E-05
8.00	0.09	7.381	si29	29	2.40E-07
8.00	0.09	7.381	si30	30	1.31E-06
8.00	0.09	7.381	si31	31	0.00E+00
8.00	0.09	7.381	si32	32	7.11E-34
8.00	0.09	7.381	si33	33	0.00E+00
8.00	0.09	7.381	p29	    29	0.00E+00
8.00	0.09	7.381	p30	    30	0.00E+00
8.00	0.09	7.381	p31	    31	7.96E-07
8.00	0.09	7.381	p32	    32	7.33E-31
8.00	0.09	7.381	p33	    33	2.44E-30
8.00	0.09	7.381	p34	    34	0.00E+00
8.00	0.09	7.381	s32	    32	4.11E-06
8.00	0.09	7.381	s33	    33	-1.30E-07
8.00	0.09	7.381	s34	    34	2.67E-07
8.00	0.09	7.381	s35	    35	6.41E-09
8.00	0.09	7.381	fe54	54	-9.47E-06
8.00	0.09	7.381	fe55	55	1.02E-05
8.00	0.09	7.381	fe56	56	1.45E-06
8.00	0.09	7.381	fe57	57	1.58E-05
8.00	0.09	7.381	fe58	58	4.81E-06
8.00	0.09	7.381	fe59	59	9.27E-26
8.00	0.09	7.381	fe60	60	3.12E-15
8.00	0.09	7.381	fe61	61	0.00E+00
8.00	0.09	7.381	co59	59	2.53E-06
8.00	0.09	7.381	co60	60	4.62E-20
8.00	0.09	7.381	co61	61	0.00E+00
8.00	0.09	7.381	ni58	58	-2.19E-06
8.00	0.09	7.381	ni59	59	6.99E-08
8.00	0.09	7.381	ni60	60	-1.04E-06
8.00	0.09	7.381	ni61	61	1.13E-04
8.00	0.09	7.381	ni62	62	-1.13E-04