1.00	0.07	0.601	g	    1	3.90E-08
1.00	0.07	0.601	n	    1	0.00E+00
1.00	0.07	0.601	p	    1	-6.24E-03
1.00	0.07	0.601	d	    2	9.65E-19
1.00	0.07	0.601	he3	    3	9.97E-05
1.00	0.07	0.601	he4	    4	5.99E-03
1.00	0.07	0.601	li7	    7	-8.60E-09
1.00	0.07	0.601	be7	    7	7.26E-17
1.00	0.07	0.601	b8	    8	4.97E-31
1.00	0.07	0.601	c12	    12	-9.80E-04
1.00	0.07	0.601	c13	    13	1.13E-04
1.00	0.07	0.601	c14	    14	3.66E-30
1.00	0.07	0.601	n13	    13	0.00E+00
1.00	0.07	0.601	n14	    14	1.03E-03
1.00	0.07	0.601	n15	    15	-1.17E-06
1.00	0.07	0.601	o14	    14	0.00E+00
1.00	0.07	0.601	o15	    15	0.00E+00
1.00	0.07	0.601	o16	    16	-3.66E-07
1.00	0.07	0.601	o17	    17	3.83E-07
1.00	0.07	0.601	o18	    18	-3.05E-06
1.00	0.07	0.601	o19	    19	0.00E+00
1.00	0.07	0.601	f17	    17	0.00E+00
1.00	0.07	0.601	f18	    18	0.00E+00
1.00	0.07	0.601	f19	    19	2.74E-09
1.00	0.07	0.601	f20	    20	0.00E+00
1.00	0.07	0.601	ne19	19	0.00E+00
1.00	0.07	0.601	ne20	20	8.76E-10
1.00	0.07	0.601	ne21	21	2.89E-11
1.00	0.07	0.601	ne22	22	-7.38E-08
1.00	0.07	0.601	ne23	23	0.00E+00
1.00	0.07	0.601	na21	21	0.00E+00
1.00	0.07	0.601	na22	22	1.75E-41
1.00	0.07	0.601	na23	23	7.73E-08
1.00	0.07	0.601	na24	24	0.00E+00
1.00	0.07	0.601	mg23	23	0.00E+00
1.00	0.07	0.601	mg24	24	5.73E-10
1.00	0.07	0.601	mg25	25	-1.05E-10
1.00	0.07	0.601	mg26	26	1.20E-10
1.00	0.07	0.601	mg27	27	0.00E+00
1.00	0.07	0.601	al25	25	0.00E+00
1.00	0.07	0.601	al-6	26	1.21E-10
1.00	0.07	0.601	al*6	26	0.00E+00
1.00	0.07	0.601	al27	27	6.08E-11
1.00	0.07	0.601	al28	28	0.00E+00
1.00	0.07	0.601	si27	27	0.00E+00
1.00	0.07	0.601	si28	28	4.46E-10
1.00	0.07	0.601	si29	29	2.66E-11
1.00	0.07	0.601	si30	30	2.27E-11
1.00	0.07	0.601	si31	31	0.00E+00
1.00	0.07	0.601	si32	32	0.00E+00
1.00	0.07	0.601	si33	33	0.00E+00
1.00	0.07	0.601	p29	    29	0.00E+00
1.00	0.07	0.601	p30	    30	0.00E+00
1.00	0.07	0.601	p31	    31	6.17E-12
1.00	0.07	0.601	p32	    32	0.00E+00
1.00	0.07	0.601	p33	    33	0.00E+00
1.00	0.07	0.601	p34	    34	0.00E+00
1.00	0.07	0.601	s32	    32	2.42E-10
1.00	0.07	0.601	s33	    33	2.23E-12
1.00	0.07	0.601	s34	    34	1.22E-11
1.00	0.07	0.601	s35	    35	2.04E-20
1.00	0.07	0.601	fe54	54	5.81E-11
1.00	0.07	0.601	fe55	55	1.10E-17
1.00	0.07	0.601	fe56	56	8.92E-10
1.00	0.07	0.601	fe57	57	2.72E-11
1.00	0.07	0.601	fe58	58	3.23E-12
1.00	0.07	0.601	fe59	59	0.00E+00
1.00	0.07	0.601	fe60	60	0.00E+00
1.00	0.07	0.601	fe61	61	0.00E+00
1.00	0.07	0.601	co59	59	2.59E-12
1.00	0.07	0.601	co60	60	0.00E+00
1.00	0.07	0.601	co61	61	0.00E+00
1.00	0.07	0.601	ni58	58	4.39E-11
1.00	0.07	0.601	ni59	59	2.19E-23
1.00	0.07	0.601	ni60	60	1.43E-11
1.00	0.07	0.601	ni61	61	2.38E-06
1.00	0.07	0.601	ni62	62	-2.42E-06
1.50	0.07	0.627	g	    1	1.21E-07
1.50	0.07	0.627	n	    1	-1.79E-41
1.50	0.07	0.627	p	    1	-7.68E-03
1.50	0.07	0.627	d	    2	3.12E-18
1.50	0.07	0.627	he3	    3	1.80E-04
1.50	0.07	0.627	he4	    4	6.95E-03
1.50	0.07	0.627	li7	    7	-2.68E-08
1.50	0.07	0.627	be7	    7	2.89E-17
1.50	0.07	0.627	b8	    8	4.90E-31
1.50	0.07	0.627	c12	    12	-3.41E-03
1.50	0.07	0.627	c13	    13	2.58E-04
1.50	0.07	0.627	c14	    14	5.30E-29
1.50	0.07	0.627	n13	    13	0.00E+00
1.50	0.07	0.627	n14	    14	3.71E-03
1.50	0.07	0.627	n15	    15	-3.59E-06
1.50	0.07	0.627	o14	    14	0.00E+00
1.50	0.07	0.627	o15	    15	0.00E+00
1.50	0.07	0.627	o16	    16	-1.94E-05
1.50	0.07	0.627	o17	    17	2.07E-05
1.50	0.07	0.627	o18	    18	-1.32E-05
1.50	0.07	0.627	o19	    19	0.00E+00
1.50	0.07	0.627	f17	    17	0.00E+00
1.50	0.07	0.627	f18	    18	0.00E+00
1.50	0.07	0.627	f19	    19	4.05E-09
1.50	0.07	0.627	f20	    20	0.00E+00
1.50	0.07	0.627	ne19	19	0.00E+00
1.50	0.07	0.627	ne20	20	-1.57E-09
1.50	0.07	0.627	ne21	21	1.87E-09
1.50	0.07	0.627	ne22	22	-9.13E-06
1.50	0.07	0.627	ne23	23	0.00E+00
1.50	0.07	0.627	na21	21	0.00E+00
1.50	0.07	0.627	na22	22	5.20E-36
1.50	0.07	0.627	na23	23	9.54E-06
1.50	0.07	0.627	na24	24	0.00E+00
1.50	0.07	0.627	mg23	23	0.00E+00
1.50	0.07	0.627	mg24	24	7.81E-18
1.50	0.07	0.627	mg25	25	-5.91E-10
1.50	0.07	0.627	mg26	26	3.87E-10
1.50	0.07	0.627	mg27	27	0.00E+00
1.50	0.07	0.627	al25	25	0.00E+00
1.50	0.07	0.627	al-6	26	2.01E-10
1.50	0.07	0.627	al*6	26	0.00E+00
1.50	0.07	0.627	al27	27	4.52E-11
1.50	0.07	0.627	al28	28	0.00E+00
1.50	0.07	0.627	si27	27	0.00E+00
1.50	0.07	0.627	si28	28	1.65E-17
1.50	0.07	0.627	si29	29	-2.98E-19
1.50	0.07	0.627	si30	30	3.79E-19
1.50	0.07	0.627	si31	31	0.00E+00
1.50	0.07	0.627	si32	32	0.00E+00
1.50	0.07	0.627	si33	33	0.00E+00
1.50	0.07	0.627	p29	    29	0.00E+00
1.50	0.07	0.627	p30	    30	0.00E+00
1.50	0.07	0.627	p31	    31	8.13E-20
1.50	0.07	0.627	p32	    32	0.00E+00
1.50	0.07	0.627	p33	    33	0.00E+00
1.50	0.07	0.627	p34	    34	0.00E+00
1.50	0.07	0.627	s32	    32	-6.29E-18
1.50	0.07	0.627	s33	    33	2.20E-20
1.50	0.07	0.627	s34	    34	-5.42E-20
1.50	0.07	0.627	s35	    35	1.99E-20
1.50	0.07	0.627	fe54	54	-1.63E-19
1.50	0.07	0.627	fe55	55	1.26E-17
1.50	0.07	0.627	fe56	56	1.91E-17
1.50	0.07	0.627	fe57	57	4.07E-19
1.50	0.07	0.627	fe58	58	9.49E-20
1.50	0.07	0.627	fe59	59	0.00E+00
1.50	0.07	0.627	fe60	60	0.00E+00
1.50	0.07	0.627	fe61	61	0.00E+00
1.50	0.07	0.627	co59	59	5.42E-20
1.50	0.07	0.627	co60	60	1.18E-40
1.50	0.07	0.627	co61	61	0.00E+00
1.50	0.07	0.627	ni58	58	8.13E-19
1.50	0.07	0.627	ni59	59	2.52E-24
1.50	0.07	0.627	ni60	60	-9.49E-20
1.50	0.07	0.627	ni61	61	7.39E-06
1.50	0.07	0.627	ni62	62	-7.51E-06
2.00	0.07	0.756	g	    1	2.05E-07
2.00	0.07	0.756	n	    1	0.00E+00
2.00	0.07	0.756	p	    1	-6.11E-03
2.00	0.07	0.756	d	    2	5.30E-18
2.00	0.07	0.756	he3	    3	1.68E-04
2.00	0.07	0.756	he4	    4	5.04E-03
2.00	0.07	0.756	li7	    7	-4.52E-08
2.00	0.07	0.756	be7	    7	8.00E-15
2.00	0.07	0.756	b8	    8	5.80E-28
2.00	0.07	0.756	c12	    12	-5.61E-03
2.00	0.07	0.756	c13	    13	3.81E-04
2.00	0.07	0.756	c14	    14	1.91E-27
2.00	0.07	0.756	n13	    13	0.00E+00
2.00	0.07	0.756	n14	    14	6.16E-03
2.00	0.07	0.756	n15	    15	-5.80E-06
2.00	0.07	0.756	o14	    14	0.00E+00
2.00	0.07	0.756	o15	    15	0.00E+00
2.00	0.07	0.756	o16	    16	-6.30E-05
2.00	0.07	0.756	o17	    17	6.48E-05
2.00	0.07	0.756	o18	    18	-2.25E-05
2.00	0.07	0.756	o19	    19	0.00E+00
2.00	0.07	0.756	f17	    17	0.00E+00
2.00	0.07	0.756	f18	    18	0.00E+00
2.00	0.07	0.756	f19	    19	-8.82E-09
2.00	0.07	0.756	f20	    20	0.00E+00
2.00	0.07	0.756	ne19	19	0.00E+00
2.00	0.07	0.756	ne20	20	-8.59E-09
2.00	0.07	0.756	ne21	21	8.08E-09
2.00	0.07	0.756	ne22	22	-2.77E-05
2.00	0.07	0.756	ne23	23	0.00E+00
2.00	0.07	0.756	na21	21	0.00E+00
2.00	0.07	0.756	na22	22	5.26E-30
2.00	0.07	0.756	na23	23	2.90E-05
2.00	0.07	0.756	na24	24	0.00E+00
2.00	0.07	0.756	mg23	23	0.00E+00
2.00	0.07	0.756	mg24	24	1.04E-17
2.00	0.07	0.756	mg25	25	-6.96E-09
2.00	0.07	0.756	mg26	26	5.50E-09
2.00	0.07	0.756	mg27	27	0.00E+00
2.00	0.07	0.756	al25	25	0.00E+00
2.00	0.07	0.756	al-6	26	1.42E-09
2.00	0.07	0.756	al*6	26	0.00E+00
2.00	0.07	0.756	al27	27	3.95E-10
2.00	0.07	0.756	al28	28	0.00E+00
2.00	0.07	0.756	si27	27	0.00E+00
2.00	0.07	0.756	si28	28	-3.47E-18
2.00	0.07	0.756	si29	29	-5.42E-19
2.00	0.07	0.756	si30	30	-7.59E-19
2.00	0.07	0.756	si31	31	0.00E+00
2.00	0.07	0.756	si32	32	0.00E+00
2.00	0.07	0.756	si33	33	0.00E+00
2.00	0.07	0.756	p29	    29	0.00E+00
2.00	0.07	0.756	p30	    30	0.00E+00
2.00	0.07	0.756	p31	    31	-1.22E-19
2.00	0.07	0.756	p32	    32	0.00E+00
2.00	0.07	0.756	p33	    33	0.00E+00
2.00	0.07	0.756	p34	    34	0.00E+00
2.00	0.07	0.756	s32	    32	-8.67E-19
2.00	0.07	0.756	s33	    33	-1.15E-19
2.00	0.07	0.756	s34	    34	-1.22E-19
2.00	0.07	0.756	s35	    35	1.21E-20
2.00	0.07	0.756	fe54	54	1.30E-18
2.00	0.07	0.756	fe55	55	8.33E-18
2.00	0.07	0.756	fe56	56	5.20E-18
2.00	0.07	0.756	fe57	57	-1.90E-19
2.00	0.07	0.756	fe58	58	1.36E-19
2.00	0.07	0.756	fe59	59	0.00E+00
2.00	0.07	0.756	fe60	60	3.47E-36
2.00	0.07	0.756	fe61	61	0.00E+00
2.00	0.07	0.756	co59	59	-3.39E-20
2.00	0.07	0.756	co60	60	7.53E-40
2.00	0.07	0.756	co61	61	0.00E+00
2.00	0.07	0.756	ni58	58	1.95E-18
2.00	0.07	0.756	ni59	59	6.85E-24
2.00	0.07	0.756	ni60	60	3.66E-19
2.00	0.07	0.756	ni61	61	1.25E-05
2.00	0.07	0.756	ni62	62	-1.27E-05
2.50	0.07	1.246	g	    1	2.93E-07
2.50	0.07	1.246	n	    1	0.00E+00
2.50	0.07	1.246	p	    1	-8.00E-03
2.50	0.07	1.246	d	    2	7.61E-18
2.50	0.07	1.246	he3	    3	1.46E-04
2.50	0.07	1.246	he4	    4	6.60E-03
2.50	0.07	1.246	li7	    7	-6.48E-08
2.50	0.07	1.246	be7	    7	1.94E-11
2.50	0.07	1.246	b8	    8	1.76E-28
2.50	0.07	1.246	c12	    12	-7.93E-03
2.50	0.07	1.246	c13	    13	5.03E-04
2.50	0.07	1.246	c14	    14	1.83E-26
2.50	0.07	1.246	n13	    13	0.00E+00
2.50	0.07	1.246	n14	    14	8.91E-03
2.50	0.07	1.246	n15	    15	-8.13E-06
2.50	0.07	1.246	o14	    14	0.00E+00
2.50	0.07	1.246	o15	    15	0.00E+00
2.50	0.07	1.246	o16	    16	-3.20E-04
2.50	0.07	1.246	o17	    17	1.33E-04
2.50	0.07	1.246	o18	    18	-3.27E-05
2.50	0.07	1.246	o19	    19	0.00E+00
2.50	0.07	1.246	f17	    17	0.00E+00
2.50	0.07	1.246	f18	    18	0.00E+00
2.50	0.07	1.246	f19	    19	-5.61E-08
2.50	0.07	1.246	f20	    20	0.00E+00
2.50	0.07	1.246	ne19	19	0.00E+00
2.50	0.07	1.246	ne20	20	-6.25E-08
2.50	0.07	1.246	ne21	21	7.97E-08
2.50	0.07	1.246	ne22	22	-5.24E-05
2.50	0.07	1.246	ne23	23	0.00E+00
2.50	0.07	1.246	na21	21	0.00E+00
2.50	0.07	1.246	na22	22	1.45E-31
2.50	0.07	1.246	na23	23	5.47E-05
2.50	0.07	1.246	na24	24	0.00E+00
2.50	0.07	1.246	mg23	23	0.00E+00
2.50	0.07	1.246	mg24	24	6.54E-09
2.50	0.07	1.246	mg25	25	-1.38E-07
2.50	0.07	1.246	mg26	26	1.44E-07
2.50	0.07	1.246	mg27	27	0.00E+00
2.50	0.07	1.246	al25	25	0.00E+00
2.50	0.07	1.246	al-6	26	1.98E-10
2.50	0.07	1.246	al*6	26	0.00E+00
2.50	0.07	1.246	al27	27	2.45E-09
2.50	0.07	1.246	al28	28	0.00E+00
2.50	0.07	1.246	si27	27	0.00E+00
2.50	0.07	1.246	si28	28	6.11E-09
2.50	0.07	1.246	si29	29	3.37E-10
2.50	0.07	1.246	si30	30	2.51E-10
2.50	0.07	1.246	si31	31	0.00E+00
2.50	0.07	1.246	si32	32	0.00E+00
2.50	0.07	1.246	si33	33	0.00E+00
2.50	0.07	1.246	p29	    29	0.00E+00
2.50	0.07	1.246	p30	    30	0.00E+00
2.50	0.07	1.246	p31	    31	7.32E-11
2.50	0.07	1.246	p32	    32	0.00E+00
2.50	0.07	1.246	p33	    33	0.00E+00
2.50	0.07	1.246	p34	    34	0.00E+00
2.50	0.07	1.246	s32	    32	2.97E-09
2.50	0.07	1.246	s33	    33	2.52E-11
2.50	0.07	1.246	s34	    34	1.42E-10
2.50	0.07	1.246	s35	    35	8.27E-21
2.50	0.07	1.246	fe54	54	7.56E-10
2.50	0.07	1.246	fe55	55	6.00E-18
2.50	0.07	1.246	fe56	56	1.22E-08
2.50	0.07	1.246	fe57	57	3.11E-10
2.50	0.07	1.246	fe58	58	3.90E-11
2.50	0.07	1.246	fe59	59	0.00E+00
2.50	0.07	1.246	fe60	60	0.00E+00
2.50	0.07	1.246	fe61	61	0.00E+00
2.50	0.07	1.246	co59	59	3.32E-11
2.50	0.07	1.246	co60	60	1.15E-37
2.50	0.07	1.246	co61	61	0.00E+00
2.50	0.07	1.246	ni58	58	4.85E-10
2.50	0.07	1.246	ni59	59	2.70E-24
2.50	0.07	1.246	ni60	60	1.74E-10
2.50	0.07	1.246	ni61	61	1.79E-05
2.50	0.07	1.246	ni62	62	-1.82E-05
3.00	0.07	1.487	g	    1	3.80E-07
3.00	0.07	1.487	n	    1	0.00E+00
3.00	0.07	1.487	p	    1	-1.45E-02
3.00	0.07	1.487	d	    2	9.87E-18
3.00	0.07	1.487	he3	    3	1.24E-04
3.00	0.07	1.487	he4	    4	1.28E-02
3.00	0.07	1.487	li7	    7	-8.39E-08
3.00	0.07	1.487	be7	    7	6.05E-11
3.00	0.07	1.487	b8	    8	4.31E-28
3.00	0.07	1.487	c12	    12	-1.01E-02
3.00	0.07	1.487	c13	    13	6.41E-04
3.00	0.07	1.487	c14	    14	9.23E-26
3.00	0.07	1.487	n13	    13	0.00E+00
3.00	0.07	1.487	n14	    14	1.18E-02
3.00	0.07	1.487	n15	    15	-1.04E-05
3.00	0.07	1.487	o14	    14	0.00E+00
3.00	0.07	1.487	o15	    15	0.00E+00
3.00	0.07	1.487	o16	    16	-9.22E-04
3.00	0.07	1.487	o17	    17	1.44E-04
3.00	0.07	1.487	o18	    18	-4.16E-05
3.00	0.07	1.487	o19	    19	0.00E+00
3.00	0.07	1.487	f17	    17	0.00E+00
3.00	0.07	1.487	f18	    18	0.00E+00
3.00	0.07	1.487	f19	    19	-1.29E-07
3.00	0.07	1.487	f20	    20	0.00E+00
3.00	0.07	1.487	ne19	19	0.00E+00
3.00	0.07	1.487	ne20	20	-2.63E-07
3.00	0.07	1.487	ne21	21	3.17E-07
3.00	0.07	1.487	ne22	22	-7.59E-05
3.00	0.07	1.487	ne23	23	0.00E+00
3.00	0.07	1.487	na21	21	0.00E+00
3.00	0.07	1.487	na22	22	2.01E-25
3.00	0.07	1.487	na23	23	7.93E-05
3.00	0.07	1.487	na24	24	0.00E+00
3.00	0.07	1.487	mg23	23	0.00E+00
3.00	0.07	1.487	mg24	24	1.59E-08
3.00	0.07	1.487	mg25	25	-8.30E-07
3.00	0.07	1.487	mg26	26	8.57E-07
3.00	0.07	1.487	mg27	27	0.00E+00
3.00	0.07	1.487	al25	25	0.00E+00
3.00	0.07	1.487	al-6	26	4.91E-10
3.00	0.07	1.487	al*6	26	0.00E+00
3.00	0.07	1.487	al27	27	1.15E-08
3.00	0.07	1.487	al28	28	0.00E+00
3.00	0.07	1.487	si27	27	0.00E+00
3.00	0.07	1.487	si28	28	1.72E-08
3.00	0.07	1.487	si29	29	9.05E-10
3.00	0.07	1.487	si30	30	6.22E-10
3.00	0.07	1.487	si31	31	0.00E+00
3.00	0.07	1.487	si32	32	0.00E+00
3.00	0.07	1.487	si33	33	0.00E+00
3.00	0.07	1.487	p29	    29	0.00E+00
3.00	0.07	1.487	p30	    30	0.00E+00
3.00	0.07	1.487	p31	    31	1.77E-10
3.00	0.07	1.487	p32	    32	0.00E+00
3.00	0.07	1.487	p33	    33	0.00E+00
3.00	0.07	1.487	p34	    34	0.00E+00
3.00	0.07	1.487	s32	    32	8.24E-09
3.00	0.07	1.487	s33	    33	6.84E-11
3.00	0.07	1.487	s34	    34	3.87E-10
3.00	0.07	1.487	s35	    35	5.72E-21
3.00	0.07	1.487	fe54	54	2.01E-09
3.00	0.07	1.487	fe55	55	4.37E-18
3.00	0.07	1.487	fe56	56	3.32E-08
3.00	0.07	1.487	fe57	57	8.05E-10
3.00	0.07	1.487	fe58	58	1.06E-10
3.00	0.07	1.487	fe59	59	0.00E+00
3.00	0.07	1.487	fe60	60	1.70E-35
3.00	0.07	1.487	fe61	61	0.00E+00
3.00	0.07	1.487	co59	59	8.33E-11
3.00	0.07	1.487	co60	60	9.24E-35
3.00	0.07	1.487	co61	61	0.00E+00
3.00	0.07	1.487	ni58	58	1.20E-09
3.00	0.07	1.487	ni59	59	3.36E-22
3.00	0.07	1.487	ni60	60	4.65E-10
3.00	0.07	1.487	ni61	61	2.32E-05
3.00	0.07	1.487	ni62	62	-2.36E-05
3.50	0.07	1.893	g	    1	5.03E-07
3.50	0.07	1.893	n	    1	0.00E+00
3.50	0.07	1.893	p	    1	-1.71E-02
3.50	0.07	1.893	d	    2	1.29E-17
3.50	0.07	1.893	he3	    3	1.07E-04
3.50	0.07	1.893	he4	    4	1.51E-02
3.50	0.07	1.893	li7	    7	-1.02E-07
3.50	0.07	1.893	be7	    7	5.61E-11
3.50	0.07	1.893	b8	    8	4.48E-28
3.50	0.07	1.893	c12	    12	-1.21E-02
3.50	0.07	1.893	c13	    13	7.71E-04
3.50	0.07	1.893	c14	    14	2.44E-25
3.50	0.07	1.893	n13	    13	0.00E+00
3.50	0.07	1.893	n14	    14	1.43E-02
3.50	0.07	1.893	n15	    15	-1.25E-05
3.50	0.07	1.893	o14	    14	0.00E+00
3.50	0.07	1.893	o15	    15	0.00E+00
3.50	0.07	1.893	o16	    16	-1.23E-03
3.50	0.07	1.893	o17	    17	1.44E-04
3.50	0.07	1.893	o18	    18	-4.99E-05
3.50	0.07	1.893	o19	    19	0.00E+00
3.50	0.07	1.893	f17	    17	0.00E+00
3.50	0.07	1.893	f18	    18	0.00E+00
3.50	0.07	1.893	f19	    19	-1.71E-07
3.50	0.07	1.893	f20	    20	0.00E+00
3.50	0.07	1.893	ne19	19	0.00E+00
3.50	0.07	1.893	ne20	20	-3.81E-07
3.50	0.07	1.893	ne21	21	4.90E-07
3.50	0.07	1.893	ne22	22	-9.38E-05
3.50	0.07	1.893	ne23	23	0.00E+00
3.50	0.07	1.893	na21	21	0.00E+00
3.50	0.07	1.893	na22	22	3.38E-21
3.50	0.07	1.893	na23	23	9.80E-05
3.50	0.07	1.893	na24	24	0.00E+00
3.50	0.07	1.893	mg23	23	0.00E+00
3.50	0.07	1.893	mg24	24	3.58E-08
3.50	0.07	1.893	mg25	25	-1.64E-06
3.50	0.07	1.893	mg26	26	1.70E-06
3.50	0.07	1.893	mg27	27	0.00E+00
3.50	0.07	1.893	al25	25	0.00E+00
3.50	0.07	1.893	al-6	26	2.86E-09
3.50	0.07	1.893	al*6	26	0.00E+00
3.50	0.07	1.893	al27	27	2.22E-08
3.50	0.07	1.893	al28	28	0.00E+00
3.50	0.07	1.893	si27	27	0.00E+00
3.50	0.07	1.893	si28	28	3.87E-08
3.50	0.07	1.893	si29	29	2.08E-09
3.50	0.07	1.893	si30	30	1.45E-09
3.50	0.07	1.893	si31	31	0.00E+00
3.50	0.07	1.893	si32	32	0.00E+00
3.50	0.07	1.893	si33	33	0.00E+00
3.50	0.07	1.893	p29	    29	0.00E+00
3.50	0.07	1.893	p30	    30	0.00E+00
3.50	0.07	1.893	p31	    31	4.03E-10
3.50	0.07	1.893	p32	    32	0.00E+00
3.50	0.07	1.893	p33	    33	0.00E+00
3.50	0.07	1.893	p34	    34	0.00E+00
3.50	0.07	1.893	s32	    32	1.90E-08
3.50	0.07	1.893	s33	    33	1.57E-10
3.50	0.07	1.893	s34	    34	9.03E-10
3.50	0.07	1.893	s35	    35	4.74E-21
3.50	0.07	1.893	fe54	54	4.73E-09
3.50	0.07	1.893	fe55	55	4.41E-18
3.50	0.07	1.893	fe56	56	7.74E-08
3.50	0.07	1.893	fe57	57	1.84E-09
3.50	0.07	1.893	fe58	58	2.47E-10
3.50	0.07	1.893	fe59	59	0.00E+00
3.50	0.07	1.893	fe60	60	9.09E-33
3.50	0.07	1.893	fe61	61	0.00E+00
3.50	0.07	1.893	co59	59	1.90E-10
3.50	0.07	1.893	co60	60	2.17E-32
3.50	0.07	1.893	co61	61	0.00E+00
3.50	0.07	1.893	ni58	58	2.72E-09
3.50	0.07	1.893	ni59	59	7.50E-20
3.50	0.07	1.893	ni60	60	1.07E-09
3.50	0.07	1.893	ni61	61	3.07E-05
3.50	0.07	1.893	ni62	62	-3.12E-05
4.00	0.07	2.264	g	    1	6.40E-07
4.00	0.07	2.264	n	    1	0.00E+00
4.00	0.07	2.264	p	    1	-4.08E-02
4.00	0.07	2.264	d	    2	1.59E-17
4.00	0.07	2.264	he3	    3	8.80E-05
4.00	0.07	2.264	he4	    4	3.87E-02
4.00	0.07	2.264	li7	    7	-1.19E-07
4.00	0.07	2.264	be7	    7	4.18E-11
4.00	0.07	2.264	b8	    8	1.41E-28
4.00	0.07	2.264	c12	    12	-1.40E-02
4.00	0.07	2.264	c13	    13	8.80E-04
4.00	0.07	2.264	c14	    14	6.21E-25
4.00	0.07	2.264	n13	    13	0.00E+00
4.00	0.07	2.264	n14	    14	1.76E-02
4.00	0.07	2.264	n15	    15	-1.45E-05
4.00	0.07	2.264	o14	    14	0.00E+00
4.00	0.07	2.264	o15	    15	0.00E+00
4.00	0.07	2.264	o16	    16	-2.54E-03
4.00	0.07	2.264	o17	    17	1.41E-04
4.00	0.07	2.264	o18	    18	-5.85E-05
4.00	0.07	2.264	o19	    19	0.00E+00
4.00	0.07	2.264	f17	    17	0.00E+00
4.00	0.07	2.264	f18	    18	0.00E+00
4.00	0.07	2.264	f19	    19	-2.92E-07
4.00	0.07	2.264	f20	    20	0.00E+00
4.00	0.07	2.264	ne19	19	0.00E+00
4.00	0.07	2.264	ne20	20	-1.85E-06
4.00	0.07	2.264	ne21	21	2.02E-06
4.00	0.07	2.264	ne22	22	-1.27E-04
4.00	0.07	2.264	ne23	23	0.00E+00
4.00	0.07	2.264	na21	21	0.00E+00
4.00	0.07	2.264	na22	22	1.89E-18
4.00	0.07	2.264	na23	23	1.33E-04
4.00	0.07	2.264	na24	24	0.00E+00
4.00	0.07	2.264	mg23	23	0.00E+00
4.00	0.07	2.264	mg24	24	4.54E-09
4.00	0.07	2.264	mg25	25	-9.40E-06
4.00	0.07	2.264	mg26	26	9.61E-06
4.00	0.07	2.264	mg27	27	0.00E+00
4.00	0.07	2.264	al25	25	0.00E+00
4.00	0.07	2.264	al-6	26	6.05E-08
4.00	0.07	2.264	al*6	26	0.00E+00
4.00	0.07	2.264	al27	27	1.05E-07
4.00	0.07	2.264	al28	28	0.00E+00
4.00	0.07	2.264	si27	27	0.00E+00
4.00	0.07	2.264	si28	28	3.53E-09
4.00	0.07	2.264	si29	29	1.64E-10
4.00	0.07	2.264	si30	30	8.51E-11
4.00	0.07	2.264	si31	31	0.00E+00
4.00	0.07	2.264	si32	32	0.00E+00
4.00	0.07	2.264	si33	33	0.00E+00
4.00	0.07	2.264	p29	    29	0.00E+00
4.00	0.07	2.264	p30	    30	0.00E+00
4.00	0.07	2.264	p31	    31	6.84E-11
4.00	0.07	2.264	p32	    32	0.00E+00
4.00	0.07	2.264	p33	    33	0.00E+00
4.00	0.07	2.264	p34	    34	0.00E+00
4.00	0.07	2.264	s32	    32	1.51E-09
4.00	0.07	2.264	s33	    33	1.46E-11
4.00	0.07	2.264	s34	    34	7.50E-11
4.00	0.07	2.264	s35	    35	1.38E-18
4.00	0.07	2.264	fe54	54	3.91E-10
4.00	0.07	2.264	fe55	55	2.00E-15
4.00	0.07	2.264	fe56	56	7.06E-09
4.00	0.07	2.264	fe57	57	1.62E-10
4.00	0.07	2.264	fe58	58	2.01E-11
4.00	0.07	2.264	fe59	59	0.00E+00
4.00	0.07	2.264	fe60	60	1.74E-33
4.00	0.07	2.264	fe61	61	0.00E+00
4.00	0.07	2.264	co59	59	1.49E-11
4.00	0.07	2.264	co60	60	1.76E-30
4.00	0.07	2.264	co61	61	0.00E+00
4.00	0.07	2.264	ni58	58	2.56E-10
4.00	0.07	2.264	ni59	59	1.33E-22
4.00	0.07	2.264	ni60	60	9.45E-11
4.00	0.07	2.264	ni61	61	3.91E-05
4.00	0.07	2.264	ni62	62	-3.97E-05
4.50	0.07	2.553	g	    1	7.47E-07
4.50	0.07	2.553	n	    1	0.00E+00
4.50	0.07	2.553	p	    1	-9.08E-02
4.50	0.07	2.553	d	    2	1.65E-17
4.50	0.07	2.553	he3	    3	7.93E-05
4.50	0.07	2.553	he4	    4	8.85E-02
4.50	0.07	2.553	li7	    7	-1.63E-07
4.50	0.07	2.553	be7	    7	6.68E-11
4.50	0.07	2.553	b8	    8	8.92E-28
4.50	0.07	2.553	c12	    12	-1.71E-02
4.50	0.07	2.553	c13	    13	9.77E-04
4.50	0.07	2.553	c14	    14	1.57E-24
4.50	0.07	2.553	n13	    13	0.00E+00
4.50	0.07	2.553	n14	    14	2.35E-02
4.50	0.07	2.553	n15	    15	-1.73E-05
4.50	0.07	2.553	o14	    14	0.00E+00
4.50	0.07	2.553	o15	    15	0.00E+00
4.50	0.07	2.553	o16	    16	-5.22E-03
4.50	0.07	2.553	o17	    17	1.59E-04
4.50	0.07	2.553	o18	    18	-7.36E-05
4.50	0.07	2.553	o19	    19	0.00E+00
4.50	0.07	2.553	f17	    17	0.00E+00
4.50	0.07	2.553	f18	    18	0.00E+00
4.50	0.07	2.553	f19	    19	-4.88E-07
4.50	0.07	2.553	f20	    20	0.00E+00
4.50	0.07	2.553	ne19	19	0.00E+00
4.50	0.07	2.553	ne20	20	-4.27E-06
4.50	0.07	2.553	ne21	21	4.96E-06
4.50	0.07	2.553	ne22	22	-1.94E-04
4.50	0.07	2.553	ne23	23	0.00E+00
4.50	0.07	2.553	na21	21	0.00E+00
4.50	0.07	2.553	na22	22	6.44E-17
4.50	0.07	2.553	na23	23	2.03E-04
4.50	0.07	2.553	na24	24	0.00E+00
4.50	0.07	2.553	mg23	23	0.00E+00
4.50	0.07	2.553	mg24	24	1.37E-07
4.50	0.07	2.553	mg25	25	-2.38E-05
4.50	0.07	2.553	mg26	26	2.44E-05
4.50	0.07	2.553	mg27	27	0.00E+00
4.50	0.07	2.553	al25	25	0.00E+00
4.50	0.07	2.553	al-6	26	1.62E-07
4.50	0.07	2.553	al*6	26	0.00E+00
4.50	0.07	2.553	al27	27	2.84E-07
4.50	0.07	2.553	al28	28	0.00E+00
4.50	0.07	2.553	si27	27	0.00E+00
4.50	0.07	2.553	si28	28	1.48E-07
4.50	0.07	2.553	si29	29	7.75E-09
4.50	0.07	2.553	si30	30	5.24E-09
4.50	0.07	2.553	si31	31	0.00E+00
4.50	0.07	2.553	si32	32	0.00E+00
4.50	0.07	2.553	si33	33	0.00E+00
4.50	0.07	2.553	p29	    29	0.00E+00
4.50	0.07	2.553	p30	    30	0.00E+00
4.50	0.07	2.553	p31	    31	1.56E-09
4.50	0.07	2.553	p32	    32	0.00E+00
4.50	0.07	2.553	p33	    33	0.00E+00
4.50	0.07	2.553	p34	    34	0.00E+00
4.50	0.07	2.553	s32	    32	7.06E-08
4.50	0.07	2.553	s33	    33	5.82E-10
4.50	0.07	2.553	s34	    34	3.39E-09
4.50	0.07	2.553	s35	    35	9.24E-15
4.50	0.07	2.553	fe54	54	1.75E-08
4.50	0.07	2.553	fe55	55	1.51E-11
4.50	0.07	2.553	fe56	56	2.86E-07
4.50	0.07	2.553	fe57	57	6.78E-09
4.50	0.07	2.553	fe58	58	9.21E-10
4.50	0.07	2.553	fe59	59	5.47E-37
4.50	0.07	2.553	fe60	60	6.02E-26
4.50	0.07	2.553	fe61	61	0.00E+00
4.50	0.07	2.553	co59	59	7.10E-10
4.50	0.07	2.553	co60	60	2.54E-28
4.50	0.07	2.553	co61	61	0.00E+00
4.50	0.07	2.553	ni58	58	1.01E-08
4.50	0.07	2.553	ni59	59	1.22E-16
4.50	0.07	2.553	ni60	60	4.00E-09
4.50	0.07	2.553	ni61	61	4.56E-05
4.50	0.07	2.553	ni62	62	-4.63E-05
5.00	0.07	3.414	g	    1	8.45E-07
5.00	0.07	3.414	n	    1	0.00E+00
5.00	0.07	3.414	p	    1	-1.51E-01
5.00	0.07	3.414	d	    2	1.72E-17
5.00	0.07	3.414	he3	    3	6.77E-05
5.00	0.07	3.414	he4	    4	1.49E-01
5.00	0.07	3.414	li7	    7	-1.86E-07
5.00	0.07	3.414	be7	    7	1.75E-10
5.00	0.07	3.414	b8	    8	1.40E-26
5.00	0.07	3.414	c12	    12	-2.01E-02
5.00	0.07	3.414	c13	    13	1.09E-03
5.00	0.07	3.414	c14	    14	6.42E-16
5.00	0.07	3.414	n13	    13	0.00E+00
5.00	0.07	3.414	n14	    14	2.98E-02
5.00	0.07	3.414	n15	    15	-2.00E-05
5.00	0.07	3.414	o14	    14	0.00E+00
5.00	0.07	3.414	o15	    15	0.00E+00
5.00	0.07	3.414	o16	    16	-8.70E-03
5.00	0.07	3.414	o17	    17	1.58E-04
5.00	0.07	3.414	o18	    18	-8.79E-05
5.00	0.07	3.414	o19	    19	0.00E+00
5.00	0.07	3.414	f17	    17	0.00E+00
5.00	0.07	3.414	f18	    18	0.00E+00
5.00	0.07	3.414	f19	    19	-7.80E-07
5.00	0.07	3.414	f20	    20	0.00E+00
5.00	0.07	3.414	ne19	19	0.00E+00
5.00	0.07	3.414	ne20	20	-7.51E-06
5.00	0.07	3.414	ne21	21	8.84E-06
5.00	0.07	3.414	ne22	22	-2.67E-04
5.00	0.07	3.414	ne23	23	0.00E+00
5.00	0.07	3.414	na21	21	0.00E+00
5.00	0.07	3.414	na22	22	7.53E-14
5.00	0.07	3.414	na23	23	2.79E-04
5.00	0.07	3.414	na24	24	0.00E+00
5.00	0.07	3.414	mg23	23	0.00E+00
5.00	0.07	3.414	mg24	24	1.43E-07
5.00	0.07	3.414	mg25	25	-4.33E-05
5.00	0.07	3.414	mg26	26	4.42E-05
5.00	0.07	3.414	mg27	27	0.00E+00
5.00	0.07	3.414	al25	25	0.00E+00
5.00	0.07	3.414	al-6	26	5.45E-07
5.00	0.07	3.414	al*6	26	0.00E+00
5.00	0.07	3.414	al27	27	6.19E-07
5.00	0.07	3.414	al28	28	0.00E+00
5.00	0.07	3.414	si27	27	0.00E+00
5.00	0.07	3.414	si28	28	3.32E-07
5.00	0.07	3.414	si29	29	1.68E-08
5.00	0.07	3.414	si30	30	1.26E-08
5.00	0.07	3.414	si31	31	0.00E+00
5.00	0.07	3.414	si32	32	3.71E-32
5.00	0.07	3.414	si33	33	0.00E+00
5.00	0.07	3.414	p29	    29	0.00E+00
5.00	0.07	3.414	p30	    30	0.00E+00
5.00	0.07	3.414	p31	    31	4.36E-09
5.00	0.07	3.414	p32	    32	9.43E-36
5.00	0.07	3.414	p33	    33	0.00E+00
5.00	0.07	3.414	p34	    34	0.00E+00
5.00	0.07	3.414	s32	    32	1.57E-07
5.00	0.07	3.414	s33	    33	7.42E-10
5.00	0.07	3.414	s34	    34	7.58E-09
5.00	0.07	3.414	s35	    35	7.41E-12
5.00	0.07	3.414	fe54	54	2.66E-08
5.00	0.07	3.414	fe55	55	1.28E-08
5.00	0.07	3.414	fe56	56	6.18E-07
5.00	0.07	3.414	fe57	57	3.16E-08
5.00	0.07	3.414	fe58	58	6.85E-09
5.00	0.07	3.414	fe59	59	1.05E-37
5.00	0.07	3.414	fe60	60	2.28E-20
5.00	0.07	3.414	fe61	61	0.00E+00
5.00	0.07	3.414	co59	59	3.98E-09
5.00	0.07	3.414	co60	60	7.10E-24
5.00	0.07	3.414	co61	61	0.00E+00
5.00	0.07	3.414	ni58	58	1.97E-08
5.00	0.07	3.414	ni59	59	2.54E-12
5.00	0.07	3.414	ni60	60	7.28E-09
5.00	0.07	3.414	ni61	61	5.15E-05
5.00	0.07	3.414	ni62	62	-5.24E-05
5.50	0.07	3.194	g	    1	9.44E-07
5.50	0.07	3.194	n	    1	0.00E+00
5.50	0.07	3.194	p	    1	-2.14E-01
5.50	0.07	3.194	d	    2	1.79E-17
5.50	0.07	3.194	he3	    3	6.28E-05
5.50	0.07	3.194	he4	    4	2.12E-01
5.50	0.07	3.194	li7	    7	-2.08E-07
5.50	0.07	3.194	be7	    7	3.04E-08
5.50	0.07	3.194	b8	    8	7.04E-24
5.50	0.07	3.194	c12	    12	-2.34E-02
5.50	0.07	3.194	c13	    13	1.19E-03
5.50	0.07	3.194	c14	    14	6.16E-09
5.50	0.07	3.194	n13	    13	0.00E+00
5.50	0.07	3.194	n14	    14	3.68E-02
5.50	0.07	3.194	n15	    15	-2.61E-05
5.50	0.07	3.194	o14	    14	0.00E+00
5.50	0.07	3.194	o15	    15	0.00E+00
5.50	0.07	3.194	o16	    16	-1.22E-02
5.50	0.07	3.194	o17	    17	1.76E-04
5.50	0.07	3.194	o18	    18	-1.05E-04
5.50	0.07	3.194	o19	    19	0.00E+00
5.50	0.07	3.194	f17	    17	0.00E+00
5.50	0.07	3.194	f18	    18	0.00E+00
5.50	0.07	3.194	f19	    19	-1.03E-06
5.50	0.07	3.194	f20	    20	0.00E+00
5.50	0.07	3.194	ne19	19	0.00E+00
5.50	0.07	3.194	ne20	20	-1.11E-05
5.50	0.07	3.194	ne21	21	1.27E-05
5.50	0.07	3.194	ne22	22	-3.16E-04
5.50	0.07	3.194	ne23	23	0.00E+00
5.50	0.07	3.194	na21	21	0.00E+00
5.50	0.07	3.194	na22	22	3.90E-14
5.50	0.07	3.194	na23	23	3.64E-04
5.50	0.07	3.194	na24	24	0.00E+00
5.50	0.07	3.194	mg23	23	0.00E+00
5.50	0.07	3.194	mg24	24	-2.31E-06
5.50	0.07	3.194	mg25	25	-6.16E-05
5.50	0.07	3.194	mg26	26	6.42E-05
5.50	0.07	3.194	mg27	27	0.00E+00
5.50	0.07	3.194	al25	25	0.00E+00
5.50	0.07	3.194	al-6	26	1.67E-06
5.50	0.07	3.194	al*6	26	0.00E+00
5.50	0.07	3.194	al27	27	1.94E-06
5.50	0.07	3.194	al28	28	0.00E+00
5.50	0.07	3.194	si27	27	0.00E+00
5.50	0.07	3.194	si28	28	5.03E-07
5.50	0.07	3.194	si29	29	2.27E-08
5.50	0.07	3.194	si30	30	6.11E-08
5.50	0.07	3.194	si31	31	0.00E+00
5.50	0.07	3.194	si32	32	4.22E-17
5.50	0.07	3.194	si33	33	0.00E+00
5.50	0.07	3.194	p29	    29	0.00E+00
5.50	0.07	3.194	p30	    30	0.00E+00
5.50	0.07	3.194	p31	    31	2.79E-08
5.50	0.07	3.194	p32	    32	1.08E-20
5.50	0.07	3.194	p33	    33	0.00E+00
5.50	0.07	3.194	p34	    34	0.00E+00
5.50	0.07	3.194	s32	    32	1.72E-07
5.50	0.07	3.194	s33	    33	4.78E-10
5.50	0.07	3.194	s34	    34	1.20E-08
5.50	0.07	3.194	s35	    35	2.51E-10
5.50	0.07	3.194	fe54	54	-3.08E-07
5.50	0.07	3.194	fe55	55	3.40E-07
5.50	0.07	3.194	fe56	56	1.06E-07
5.50	0.07	3.194	fe57	57	6.24E-07
5.50	0.07	3.194	fe58	58	2.16E-07
5.50	0.07	3.194	fe59	59	5.37E-34
5.50	0.07	3.194	fe60	60	5.74E-11
5.50	0.07	3.194	fe61	61	0.00E+00
5.50	0.07	3.194	co59	59	7.80E-08
5.50	0.07	3.194	co60	60	1.09E-15
5.50	0.07	3.194	co61	61	0.00E+00
5.50	0.07	3.194	ni58	58	-7.47E-08
5.50	0.07	3.194	ni59	59	1.40E-08
5.50	0.07	3.194	ni60	60	-2.66E-08
5.50	0.07	3.194	ni61	61	5.76E-05
5.50	0.07	3.194	ni62	62	-5.85E-05
6.00	0.07	3.400	g	    1	1.04E-06
6.00	0.07	3.400	n	    1	0.00E+00
6.00	0.07	3.400	p	    1	-2.67E-01
6.00	0.07	3.400	d	    2	1.77E-17
6.00	0.07	3.400	he3	    3	5.43E-05
6.00	0.07	3.400	he4	    4	2.64E-01
6.00	0.07	3.400	li7	    7	-2.30E-07
6.00	0.07	3.400	be7	    7	6.13E-07
6.00	0.07	3.400	b8	    8	2.50E-22
6.00	0.07	3.400	c12	    12	-2.80E-02
6.00	0.07	3.400	c13	    13	2.79E-03
6.00	0.07	3.400	c14	    14	2.05E-08
6.00	0.07	3.400	n13	    13	0.00E+00
6.00	0.07	3.400	n14	    14	4.33E-02
6.00	0.07	3.400	n15	    15	-4.38E-05
6.00	0.07	3.400	o14	    14	0.00E+00
6.00	0.07	3.400	o15	    15	0.00E+00
6.00	0.07	3.400	o16	    16	-1.52E-02
6.00	0.07	3.400	o17	    17	1.81E-04
6.00	0.07	3.400	o18	    18	-1.92E-04
6.00	0.07	3.400	o19	    19	0.00E+00
6.00	0.07	3.400	f17	    17	0.00E+00
6.00	0.07	3.400	f18	    18	0.00E+00
6.00	0.07	3.400	f19	    19	-1.00E-06
6.00	0.07	3.400	f20	    20	0.00E+00
6.00	0.07	3.400	ne19	19	0.00E+00
6.00	0.07	3.400	ne20	20	-1.48E-05
6.00	0.07	3.400	ne21	21	1.57E-05
6.00	0.07	3.400	ne22	22	-3.10E-04
6.00	0.07	3.400	ne23	23	0.00E+00
6.00	0.07	3.400	na21	21	0.00E+00
6.00	0.07	3.400	na22	22	1.11E-11
6.00	0.07	3.400	na23	23	4.32E-04
6.00	0.07	3.400	na24	24	0.00E+00
6.00	0.07	3.400	mg23	23	0.00E+00
6.00	0.07	3.400	mg24	24	-6.25E-06
6.00	0.07	3.400	mg25	25	-7.72E-05
6.00	0.07	3.400	mg26	26	8.41E-05
6.00	0.07	3.400	mg27	27	0.00E+00
6.00	0.07	3.400	al25	25	0.00E+00
6.00	0.07	3.400	al-6	26	2.73E-06
6.00	0.07	3.400	al*6	26	0.00E+00
6.00	0.07	3.400	al27	27	3.64E-06
6.00	0.07	3.400	al28	28	0.00E+00
6.00	0.07	3.400	si27	27	0.00E+00
6.00	0.07	3.400	si28	28	5.27E-07
6.00	0.07	3.400	si29	29	2.38E-08
6.00	0.07	3.400	si30	30	2.23E-07
6.00	0.07	3.400	si31	31	0.00E+00
6.00	0.07	3.400	si32	32	4.86E-16
6.00	0.07	3.400	si33	33	0.00E+00
6.00	0.07	3.400	p29	    29	0.00E+00
6.00	0.07	3.400	p30	    30	0.00E+00
6.00	0.07	3.400	p31	    31	9.88E-08
6.00	0.07	3.400	p32	    32	1.24E-19
6.00	0.07	3.400	p33	    33	6.00E-34
6.00	0.07	3.400	p34	    34	0.00E+00
6.00	0.07	3.400	s32	    32	-5.06E-08
6.00	0.07	3.400	s33	    33	3.98E-09
6.00	0.07	3.400	s34	    34	1.56E-08
6.00	0.07	3.400	s35	    35	1.10E-09
6.00	0.07	3.400	fe54	54	-1.47E-06
6.00	0.07	3.400	fe55	55	1.37E-06
6.00	0.07	3.400	fe56	56	-2.70E-06
6.00	0.07	3.400	fe57	57	2.57E-06
6.00	0.07	3.400	fe58	58	1.02E-06
6.00	0.07	3.400	fe59	59	1.65E-29
6.00	0.07	3.400	fe60	60	8.23E-10
6.00	0.07	3.400	fe61	61	0.00E+00
6.00	0.07	3.400	co59	59	3.50E-07
6.00	0.07	3.400	co60	60	2.06E-14
6.00	0.07	3.400	co61	61	0.00E+00
6.00	0.07	3.400	ni58	58	-4.40E-07
6.00	0.07	3.400	ni59	59	4.97E-08
6.00	0.07	3.400	ni60	60	-1.38E-07
6.00	0.07	3.400	ni61	61	6.38E-05
6.00	0.07	3.400	ni62	62	-6.45E-05
6.50	0.07	3.607	g	    1	1.15E-06
6.50	0.07	3.607	n	    1	0.00E+00
6.50	0.07	3.607	p	    1	-3.38E-01
6.50	0.07	3.607	d	    2	1.86E-17
6.50	0.07	3.607	he3	    3	4.15E-05
6.50	0.07	3.607	he4	    4	3.34E-01
6.50	0.07	3.607	li7	    7	-2.51E-07
6.50	0.07	3.607	be7	    7	6.36E-07
6.50	0.07	3.607	b8	    8	1.67E-22
6.50	0.07	3.607	c12	    12	-3.96E-02
6.50	0.07	3.607	c13	    13	5.49E-03
6.50	0.07	3.607	c14	    14	3.85E-08
6.50	0.07	3.607	n13	    13	0.00E+00
6.50	0.07	3.607	n14	    14	5.80E-02
6.50	0.07	3.607	n15	    15	-4.88E-05
6.50	0.07	3.607	o14	    14	0.00E+00
6.50	0.07	3.607	o15	    15	0.00E+00
6.50	0.07	3.607	o16	    16	-1.94E-02
6.50	0.07	3.607	o17	    17	1.85E-04
6.50	0.07	3.607	o18	    18	-3.62E-04
6.50	0.07	3.607	o19	    19	0.00E+00
6.50	0.07	3.607	f17	    17	0.00E+00
6.50	0.07	3.607	f18	    18	0.00E+00
6.50	0.07	3.607	f19	    19	-9.03E-07
6.50	0.07	3.607	f20	    20	0.00E+00
6.50	0.07	3.607	ne19	19	0.00E+00
6.50	0.07	3.607	ne20	20	-1.19E-05
6.50	0.07	3.607	ne21	21	1.12E-05
6.50	0.07	3.607	ne22	22	-3.34E-04
6.50	0.07	3.607	ne23	23	0.00E+00
6.50	0.07	3.607	na21	21	0.00E+00
6.50	0.07	3.607	na22	22	2.06E-10
6.50	0.07	3.607	na23	23	5.27E-04
6.50	0.07	3.607	na24	24	0.00E+00
6.50	0.07	3.607	mg23	23	0.00E+00
6.50	0.07	3.607	mg24	24	-6.07E-06
6.50	0.07	3.607	mg25	25	-1.00E-04
6.50	0.07	3.607	mg26	26	1.13E-04
6.50	0.07	3.607	mg27	27	0.00E+00
6.50	0.07	3.607	al25	25	0.00E+00
6.50	0.07	3.607	al-6	26	4.43E-06
6.50	0.07	3.607	al*6	26	0.00E+00
6.50	0.07	3.607	al27	27	6.25E-06
6.50	0.07	3.607	al28	28	0.00E+00
6.50	0.07	3.607	si27	27	0.00E+00
6.50	0.07	3.607	si28	28	4.84E-06
6.50	0.07	3.607	si29	29	2.60E-07
6.50	0.07	3.607	si30	30	6.28E-07
6.50	0.07	3.607	si31	31	0.00E+00
6.50	0.07	3.607	si32	32	2.65E-15
6.50	0.07	3.607	si33	33	0.00E+00
6.50	0.07	3.607	p29	    29	0.00E+00
6.50	0.07	3.607	p30	    30	0.00E+00
6.50	0.07	3.607	p31	    31	2.44E-07
6.50	0.07	3.607	p32	    32	6.75E-19
6.50	0.07	3.607	p33	    33	2.93E-32
6.50	0.07	3.607	p34	    34	0.00E+00
6.50	0.07	3.607	s32	    32	1.65E-06
6.50	0.07	3.607	s33	    33	1.77E-08
6.50	0.07	3.607	s34	    34	1.20E-07
6.50	0.07	3.607	s35	    35	2.35E-09
6.50	0.07	3.607	fe54	54	-2.57E-06
6.50	0.07	3.607	fe55	55	2.76E-06
6.50	0.07	3.607	fe56	56	1.50E-06
6.50	0.07	3.607	fe57	57	5.39E-06
6.50	0.07	3.607	fe58	58	2.34E-06
6.50	0.07	3.607	fe59	59	7.60E-28
6.50	0.07	3.607	fe60	60	4.86E-09
6.50	0.07	3.607	fe61	61	0.00E+00
6.50	0.07	3.607	co59	59	7.86E-07
6.50	0.07	3.607	co60	60	1.84E-13
6.50	0.07	3.607	co61	61	0.00E+00
6.50	0.07	3.607	ni58	58	-6.51E-07
6.50	0.07	3.607	ni59	59	8.13E-08
6.50	0.07	3.607	ni60	60	-1.61E-07
6.50	0.07	3.607	ni61	61	7.01E-05
6.50	0.07	3.607	ni62	62	-7.06E-05
7.00	0.07	3.874	g	    1	1.25E-06
7.00	0.07	3.874	n	    1	0.00E+00
7.00	0.07	3.874	p	    1	-4.14E-01
7.00	0.07	3.874	d	    2	1.94E-17
7.00	0.07	3.874	he3	    3	2.76E-05
7.00	0.07	3.874	he4	    4	4.08E-01
7.00	0.07	3.874	li7	    7	-2.73E-07
7.00	0.07	3.874	be7	    7	5.09E-07
7.00	0.07	3.874	b8	    8	1.53E-22
7.00	0.07	3.874	c12	    12	-5.49E-02
7.00	0.07	3.874	c13	    13	5.37E-03
7.00	0.07	3.874	c14	    14	4.87E-08
7.00	0.07	3.874	n13	    13	0.00E+00
7.00	0.07	3.874	n14	    14	8.05E-02
7.00	0.07	3.874	n15	    15	-5.29E-05
7.00	0.07	3.874	o14	    14	0.00E+00
7.00	0.07	3.874	o15	    15	0.00E+00
7.00	0.07	3.874	o16	    16	-2.44E-02
7.00	0.07	3.874	o17	    17	2.06E-04
7.00	0.07	3.874	o18	    18	-4.04E-04
7.00	0.07	3.874	o19	    19	0.00E+00
7.00	0.07	3.874	f17	    17	0.00E+00
7.00	0.07	3.874	f18	    18	0.00E+00
7.00	0.07	3.874	f19	    19	-2.79E-06
7.00	0.07	3.874	f20	    20	0.00E+00
7.00	0.07	3.874	ne19	19	0.00E+00
7.00	0.07	3.874	ne20	20	-1.67E-05
7.00	0.07	3.874	ne21	21	-1.95E-05
7.00	0.07	3.874	ne22	22	-3.57E-04
7.00	0.07	3.874	ne23	23	0.00E+00
7.00	0.07	3.874	na21	21	0.00E+00
7.00	0.07	3.874	na22	22	8.40E-10
7.00	0.07	3.874	na23	23	6.20E-04
7.00	0.07	3.874	na24	24	0.00E+00
7.00	0.07	3.874	mg23	23	0.00E+00
7.00	0.07	3.874	mg24	24	-7.90E-06
7.00	0.07	3.874	mg25	25	-1.31E-04
7.00	0.07	3.874	mg26	26	1.43E-04
7.00	0.07	3.874	mg27	27	0.00E+00
7.00	0.07	3.874	al25	25	0.00E+00
7.00	0.07	3.874	al-6	26	8.21E-06
7.00	0.07	3.874	al*6	26	0.00E+00
7.00	0.07	3.874	al27	27	1.07E-05
7.00	0.07	3.874	al28	28	0.00E+00
7.00	0.07	3.874	si27	27	0.00E+00
7.00	0.07	3.874	si28	28	5.87E-06
7.00	0.07	3.874	si29	29	2.99E-07
7.00	0.07	3.874	si30	30	8.62E-07
7.00	0.07	3.874	si31	31	0.00E+00
7.00	0.07	3.874	si32	32	4.78E-14
7.00	0.07	3.874	si33	33	0.00E+00
7.00	0.07	3.874	p29	    29	0.00E+00
7.00	0.07	3.874	p30	    30	0.00E+00
7.00	0.07	3.874	p31	    31	3.49E-07
7.00	0.07	3.874	p32	    32	1.22E-17
7.00	0.07	3.874	p33	    33	2.72E-31
7.00	0.07	3.874	p34	    34	0.00E+00
7.00	0.07	3.874	s32	    32	1.81E-06
7.00	0.07	3.874	s33	    33	4.38E-09
7.00	0.07	3.874	s34	    34	1.44E-07
7.00	0.07	3.874	s35	    35	3.43E-09
7.00	0.07	3.874	fe54	54	-3.91E-06
7.00	0.07	3.874	fe55	55	4.05E-06
7.00	0.07	3.874	fe56	56	-1.42E-07
7.00	0.07	3.874	fe57	57	7.61E-06
7.00	0.07	3.874	fe58	58	3.37E-06
7.00	0.07	3.874	fe59	59	6.51E-27
7.00	0.07	3.874	fe60	60	1.06E-08
7.00	0.07	3.874	fe61	61	0.00E+00
7.00	0.07	3.874	co59	59	1.17E-06
7.00	0.07	3.874	co60	60	3.70E-11
7.00	0.07	3.874	co61	61	0.00E+00
7.00	0.07	3.874	ni58	58	-1.01E-06
7.00	0.07	3.874	ni59	59	9.34E-08
7.00	0.07	3.874	ni60	60	-2.76E-07
7.00	0.07	3.874	ni61	61	7.64E-05
7.00	0.07	3.874	ni62	62	-7.66E-05
7.50	0.07	4.289	g	    1	1.35E-06
7.50	0.07	4.289	n	    1	0.00E+00
7.50	0.07	4.289	p	    1	-4.97E-01
7.50	0.07	4.289	d	    2	2.02E-17
7.50	0.07	4.289	he3	    3	2.43E-05
7.50	0.07	4.289	he4	    4	4.90E-01
7.50	0.07	4.289	li7	    7	-2.94E-07
7.50	0.07	4.289	be7	    7	5.24E-07
7.50	0.07	4.289	b8	    8	2.00E-22
7.50	0.07	4.289	c12	    12	-6.22E-02
7.50	0.07	4.289	c13	    13	5.37E-03
7.50	0.07	4.289	c14	    14	5.84E-08
7.50	0.07	4.289	n13	    13	0.00E+00
7.50	0.07	4.289	n14	    14	9.67E-02
7.50	0.07	4.289	n15	    15	-5.69E-05
7.50	0.07	4.289	o14	    14	0.00E+00
7.50	0.07	4.289	o15	    15	0.00E+00
7.50	0.07	4.289	o16	    16	-3.32E-02
7.50	0.07	4.289	o17	    17	2.53E-04
7.50	0.07	4.289	o18	    18	-4.36E-04
7.50	0.07	4.289	o19	    19	0.00E+00
7.50	0.07	4.289	f17	    17	0.00E+00
7.50	0.07	4.289	f18	    18	0.00E+00
7.50	0.07	4.289	f19	    19	-3.71E-06
7.50	0.07	4.289	f20	    20	0.00E+00
7.50	0.07	4.289	ne19	19	0.00E+00
7.50	0.07	4.289	ne20	20	-1.49E-05
7.50	0.07	4.289	ne21	21	-3.64E-05
7.50	0.07	4.289	ne22	22	-4.43E-04
7.50	0.07	4.289	ne23	23	0.00E+00
7.50	0.07	4.289	na21	21	0.00E+00
7.50	0.07	4.289	na22	22	2.25E-09
7.50	0.07	4.289	na23	23	7.03E-04
7.50	0.07	4.289	na24	24	0.00E+00
7.50	0.07	4.289	mg23	23	0.00E+00
7.50	0.07	4.289	mg24	24	-1.61E-04
7.50	0.07	4.289	mg25	25	-3.13E-05
7.50	0.07	4.289	mg26	26	1.57E-04
7.50	0.07	4.289	mg27	27	0.00E+00
7.50	0.07	4.289	al25	25	0.00E+00
7.50	0.07	4.289	al-6	26	2.89E-05
7.50	0.07	4.289	al*6	26	0.00E+00
7.50	0.07	4.289	al27	27	4.38E-05
7.50	0.07	4.289	al28	28	0.00E+00
7.50	0.07	4.289	si27	27	0.00E+00
7.50	0.07	4.289	si28	28	7.95E-06
7.50	0.07	4.289	si29	29	2.99E-07
7.50	0.07	4.289	si30	30	1.11E-06
7.50	0.07	4.289	si31	31	0.00E+00
7.50	0.07	4.289	si32	32	8.26E-14
7.50	0.07	4.289	si33	33	0.00E+00
7.50	0.07	4.289	p29	    29	0.00E+00
7.50	0.07	4.289	p30	    30	0.00E+00
7.50	0.07	4.289	p31	    31	4.69E-07
7.50	0.07	4.289	p32	    32	2.11E-17
7.50	0.07	4.289	p33	    33	1.80E-30
7.50	0.07	4.289	p34	    34	0.00E+00
7.50	0.07	4.289	s32	    32	2.35E-06
7.50	0.07	4.289	s33	    33	-2.52E-08
7.50	0.07	4.289	s34	    34	1.82E-07
7.50	0.07	4.289	s35	    35	4.43E-09
7.50	0.07	4.289	fe54	54	-5.30E-06
7.50	0.07	4.289	fe55	55	5.52E-06
7.50	0.07	4.289	fe56	56	-1.86E-07
7.50	0.07	4.289	fe57	57	9.80E-06
7.50	0.07	4.289	fe58	58	4.16E-06
7.50	0.07	4.289	fe59	59	2.94E-26
7.50	0.07	4.289	fe60	60	1.61E-08
7.50	0.07	4.289	fe61	61	0.00E+00
7.50	0.07	4.289	co59	59	1.57E-06
7.50	0.07	4.289	co60	60	1.77E-10
7.50	0.07	4.289	co61	61	0.00E+00
7.50	0.07	4.289	ni58	58	-1.33E-06
7.50	0.07	4.289	ni59	59	8.82E-08
7.50	0.07	4.289	ni60	60	-4.24E-07
7.50	0.07	4.289	ni61	61	8.27E-05
7.50	0.07	4.289	ni62	62	-8.26E-05
8.00	0.07	4.854	g	    1	1.49E-06
8.00	0.07	4.854	n	    1	0.00E+00
8.00	0.07	4.854	p	    1	-5.26E-01
8.00	0.07	4.854	d	    2	2.08E-17
8.00	0.07	4.854	he3	    3	2.03E-05
8.00	0.07	4.854	he4	    4	5.17E-01
8.00	0.07	4.854	li7	    7	-3.15E-07
8.00	0.07	4.854	be7	    7	5.49E-07
8.00	0.07	4.854	b8	    8	1.97E-22
8.00	0.07	4.854	c12	    12	-6.96E-02
8.00	0.07	4.854	c13	    13	4.67E-03
8.00	0.07	4.854	c14	    14	8.16E-08
8.00	0.07	4.854	n13	    13	0.00E+00
8.00	0.07	4.854	n14 	14	1.05E-01
8.00	0.07	4.854	n15	    15	-6.06E-05
8.00	0.07	4.854	o14	    14	0.00E+00
8.00	0.07	4.854	o15	    15	0.00E+00
8.00	0.07	4.854	o16	    16	-3.14E-02
8.00	0.07	4.854	o17	    17	3.52E-04
8.00	0.07	4.854	o18	    18	-4.65E-04
8.00	0.07	4.854	o19	    19	0.00E+00
8.00	0.07	4.854	f17	    17	0.00E+00
8.00	0.07	4.854	f18	    18	0.00E+00
8.00	0.07	4.854	f19	    19	-2.95E-06
8.00	0.07	4.854	f20	    20	0.00E+00
8.00	0.07	4.854	ne19	19	0.00E+00
8.00	0.07	4.854	ne20	20	-2.89E-05
8.00	0.07	4.854	ne21	21	-7.12E-05
8.00	0.07	4.854	ne22	22	-3.90E-04
8.00	0.07	4.854	ne23	23	0.00E+00
8.00	0.07	4.854	na21	21	0.00E+00
8.00	0.07	4.854	na22	22	5.34E-09
8.00	0.07	4.854	na23	23	7.67E-04
8.00	0.07	4.854	na24	24	0.00E+00
8.00	0.07	4.854	mg23	23	0.00E+00
8.00	0.07	4.854	mg24	24	-3.00E-05
8.00	0.07	4.854	mg25	25	-1.60E-04
8.00	0.07	4.854	mg26	26	2.00E-04
8.00	0.07	4.854	mg27	27	0.00E+00
8.00	0.07	4.854	al25	25	0.00E+00
8.00	0.07	4.854	al-6	26	1.12E-05
8.00	0.07	4.854	al*6	26	0.00E+00
8.00	0.07	4.854	al27	27	1.67E-05
8.00	0.07	4.854	al28	28	0.00E+00
8.00	0.07	4.854	si27	27	0.00E+00
8.00	0.07	4.854	si28	28	5.00E-06
8.00	0.07	4.854	si29	29	3.20E-07
8.00	0.07	4.854	si30	30	1.53E-06
8.00	0.07	4.854	si31	31	0.00E+00
8.00	0.07	4.854	si32	32	1.48E-12
8.00	0.07	4.854	si33	33	0.00E+00
8.00	0.07	4.854	p29	    29	0.00E+00
8.00	0.07	4.854	p30	    30	0.00E+00
8.00	0.07	4.854	p31	    31	5.80E-07
8.00	0.07	4.854	p32	    32	3.76E-16
8.00	0.07	4.854	p33	    33	6.35E-28
8.00	0.07	4.854	p34	    34	0.00E+00
8.00	0.07	4.854	s32	    32	-4.99E-08
8.00	0.07	4.854	s33	    33	-2.85E-08
8.00	0.07	4.854	s34	    34	1.18E-07
8.00	0.07	4.854	s35	    35	6.77E-09
8.00	0.07	4.854	fe54	54	-7.33E-06
8.00	0.07	4.854	fe55	55	6.68E-06
8.00	0.07	4.854	fe56	56	-1.34E-05
8.00	0.07	4.854	fe57	57	1.22E-05
8.00	0.07	4.854	fe58	58	6.60E-06
8.00	0.07	4.854	fe59	59	1.91E-25
8.00	0.07	4.854	fe60	60	1.05E-07
8.00	0.07	4.854	fe61	61	0.00E+00
8.00	0.07	4.854	co59	59	2.26E-06
8.00	0.07	4.854	co60	60	1.64E-09
8.00	0.07	4.854	co61	61	0.00E+00
8.00	0.07	4.854	ni58	58	-2.15E-06
8.00	0.07	4.854	ni59	59	1.12E-07
8.00	0.07	4.854	ni60	60	-5.20E-07
8.00	0.07	4.854	ni61	61	8.94E-05
8.00	0.07	4.854	ni62	62	-8.85E-05