1.0 0.004 0.61 g 1 1.683456e-09
1.0 0.004 0.61 n 1 0.0
1.0 0.004 0.61 p 1 -0.0081304908
1.0 0.004 0.61 d 2 1.3314923999999998e-18
1.0 0.004 0.61 he3 3 0.00012238204
1.0 0.004 0.61 he4 4 0.0080021918
1.0 0.004 0.61 li7 7 -2.3405167e-10
1.0 0.004 0.61 be7 7 2.0494656e-11
1.0 0.004 0.61 b8 8 7.167577100000001e-27
1.0 0.004 0.61 c12 12 -4.3021078e-05
1.0 0.004 0.61 c13 13 4.3885129e-06
1.0 0.004 0.61 c14 14 7.396648300000001e-26
1.0 0.004 0.61 n13 13 0.0
1.0 0.004 0.61 n14 14 4.9714421e-05
1.0 0.004 0.61 n15 15 -1.0930185e-07
1.0 0.004 0.61 o14 14 0.0
1.0 0.004 0.61 o15 15 0.0
1.0 0.004 0.61 o16 16 -4.8903748e-06
1.0 0.004 0.61 o17 17 3.4176622e-07
1.0 0.004 0.61 o18 18 -1.5000546e-07
1.0 0.004 0.61 o19 19 0.0
1.0 0.004 0.61 f17 17 0.0
1.0 0.004 0.61 f18 18 0.0
1.0 0.004 0.61 f19 19 -2.8679992e-10
1.0 0.004 0.61 f20 20 0.0
1.0 0.004 0.61 ne19 19 0.0
1.0 0.004 0.61 ne20 20 -1.124863e-08
1.0 0.004 0.61 ne21 21 1.0863062e-08
1.0 0.004 0.61 ne22 22 -1.7012917e-07
1.0 0.004 0.61 ne23 23 0.0
1.0 0.004 0.61 na21 21 0.0
1.0 0.004 0.61 na22 22 7.5717527e-31
1.0 0.004 0.61 na23 23 1.8341416e-07
1.0 0.004 0.61 na24 24 0.0
1.0 0.004 0.61 mg23 23 0.0
1.0 0.004 0.61 mg24 24 1.4697434e-09
1.0 0.004 0.61 mg25 25 -1.7083948e-08
1.0 0.004 0.61 mg26 26 1.3663794e-08
1.0 0.004 0.61 mg27 27 0.0
1.0 0.004 0.61 al25 25 0.0
1.0 0.004 0.61 al-6 26 3.0869685e-09
1.0 0.004 0.61 al*6 26 0.0
1.0 0.004 0.61 al27 27 1.8976607e-09
1.0 0.004 0.61 al28 28 0.0
1.0 0.004 0.61 si27 27 0.0
1.0 0.004 0.61 si28 28 1.4952093e-09
1.0 0.004 0.61 si29 29 7.6397555e-11
1.0 0.004 0.61 si30 30 5.3091753e-11
1.0 0.004 0.61 si31 31 0.0
1.0 0.004 0.61 si32 32 0.0
1.0 0.004 0.61 si33 33 0.0
1.0 0.004 0.61 p29 29 0.0
1.0 0.004 0.61 p30 30 0.0
1.0 0.004 0.61 p31 31 2.9501734e-11
1.0 0.004 0.61 p32 32 0.0
1.0 0.004 0.61 p33 33 0.0
1.0 0.004 0.61 p34 34 0.0
1.0 0.004 0.61 s32 32 8.7311491e-10
1.0 0.004 0.61 s33 33 7.5885964e-12
1.0 0.004 0.61 s34 34 4.4838089e-10
1.0 0.004 0.61 s35 35 9.6617418e-21
1.0 0.004 0.61 fe54 54 1.5415935e-10
1.0 0.004 0.61 fe55 55 3.8430323e-19
1.0 0.004 0.61 fe56 56 3.2014214e-09
1.0 0.004 0.61 fe57 57 3.5015546e-11
1.0 0.004 0.61 fe58 58 9.5496944e-12
1.0 0.004 0.61 fe59 59 0.0
1.0 0.004 0.61 fe60 60 8.010053399999999e-36
1.0 0.004 0.61 fe61 61 0.0
1.0 0.004 0.61 co59 59 8.412826e-12
1.0 0.004 0.61 co60 60 3.4072482e-38
1.0 0.004 0.61 co61 61 0.0
1.0 0.004 0.61 ni58 58 1.2687451e-10
1.0 0.004 0.61 ni59 59 2.2636343e-21
1.0 0.004 0.61 ni60 60 4.7975846e-11
1.0 0.004 0.61 ni61 61 1.0268484e-07
1.0 0.004 0.61 ni62 62 -1.0435885e-07
1.25 0.004 0.642 g 1 3.1459835e-09
1.25 0.004 0.642 n 1 -8.5802065e-40
1.25 0.004 0.642 p 1 -0.014874369
1.25 0.004 0.642 d 2 2.4817231999999997e-18
1.25 0.004 0.642 he3 3 0.00019051151
1.25 0.004 0.642 he4 4 0.014488026
1.25 0.004 0.642 li7 7 -5.0160354e-10
1.25 0.004 0.642 be7 7 2.9256111e-12
1.25 0.004 0.642 b8 8 6.4218609e-22
1.25 0.004 0.642 c12 12 6.6652981e-05
1.25 0.004 0.642 c13 13 6.5936033e-06
1.25 0.004 0.642 c14 14 1.658252e-11
1.25 0.004 0.642 n13 13 0.0
1.25 0.004 0.642 n14 14 0.00011963357
1.25 0.004 0.642 n15 15 -2.2301566e-07
1.25 0.004 0.642 o14 14 0.0
1.25 0.004 0.642 o15 15 0.0
1.25 0.004 0.642 o16 16 -1.1669472e-06
1.25 0.004 0.642 o17 17 6.6641996e-07
1.25 0.004 0.642 o18 18 -4.7888352e-07
1.25 0.004 0.642 o19 19 0.0
1.25 0.004 0.642 f17 17 0.0
1.25 0.004 0.642 f18 18 0.0
1.25 0.004 0.642 f19 19 2.6868889e-09
1.25 0.004 0.642 f20 20 0.0
1.25 0.004 0.642 ne19 19 0.0
1.25 0.004 0.642 ne20 20 -7.1158865e-08
1.25 0.004 0.642 ne21 21 1.228284e-08
1.25 0.004 0.642 ne22 22 2.1588439e-06
1.25 0.004 0.642 ne23 23 0.0
1.25 0.004 0.642 na21 21 0.0
1.25 0.004 0.642 na22 22 4.1200764e-28
1.25 0.004 0.642 na23 23 3.8766348e-07
1.25 0.004 0.642 na24 24 0.0
1.25 0.004 0.642 mg23 23 0.0
1.25 0.004 0.642 mg24 24 -2.4301698e-09
1.25 0.004 0.642 mg25 25 -3.0934643e-08
1.25 0.004 0.642 mg26 26 1.2410965e-08
1.25 0.004 0.642 mg27 27 0.0
1.25 0.004 0.642 al25 25 0.0
1.25 0.004 0.642 al-6 26 1.5725663e-08
1.25 0.004 0.642 al*6 26 0.0
1.25 0.004 0.642 al27 27 3.3995548e-08
1.25 0.004 0.642 al28 28 0.0
1.25 0.004 0.642 si27 27 0.0
1.25 0.004 0.642 si28 28 9.3132257e-10
1.25 0.004 0.642 si29 29 5.4569682e-11
1.25 0.004 0.642 si30 30 6.3232619e-10
1.25 0.004 0.642 si31 31 0.0
1.25 0.004 0.642 si32 32 2.1108675e-19
1.25 0.004 0.642 si33 33 0.0
1.25 0.004 0.642 p29 29 0.0
1.25 0.004 0.642 p30 30 0.0
1.25 0.004 0.642 p31 31 1.0027179e-10
1.25 0.004 0.642 p32 32 5.3886413e-23
1.25 0.004 0.642 p33 33 0.0
1.25 0.004 0.642 p34 34 0.0
1.25 0.004 0.642 s32 32 -5.7843863e-10
1.25 0.004 0.642 s33 33 1.8505375e-10
1.25 0.004 0.642 s34 34 -2.3646862e-11
1.25 0.004 0.642 s35 35 2.3020729e-11
1.25 0.004 0.642 fe54 54 -1.6061676e-09
1.25 0.004 0.642 fe55 55 1.1622537e-09
1.25 0.004 0.642 fe56 56 -5.7771103e-09
1.25 0.004 0.642 fe57 57 4.8917173e-09
1.25 0.004 0.642 fe58 58 1.8778508e-09
1.25 0.004 0.642 fe59 59 1.1617881e-38
1.25 0.004 0.642 fe60 60 1.964094e-13
1.25 0.004 0.642 fe61 61 0.0
1.25 0.004 0.642 co59 59 7.6667561e-10
1.25 0.004 0.642 co60 60 6.9022297e-19
1.25 0.004 0.642 co61 61 0.0
1.25 0.004 0.642 ni58 58 -1.0304575e-09
1.25 0.004 0.642 ni59 59 8.8151722e-11
1.25 0.004 0.642 ni60 60 -6.0936145e-11
1.25 0.004 0.642 ni61 61 1.920441e-07
1.25 0.004 0.642 ni62 62 -1.9477316e-07
1.5 0.004 0.628 g 1 5.3155773e-09
1.5 0.004 0.628 n 1 0.0
1.5 0.004 0.628 p 1 -0.021642625
1.5 0.004 0.628 d 2 4.2420506e-18
1.5 0.004 0.628 he3 3 0.00028161402
1.5 0.004 0.628 he4 4 0.019421741
1.5 0.004 0.628 li7 7 -9.7388253e-10
1.5 0.004 0.628 be7 7 2.3072432e-13
1.5 0.004 0.628 b8 8 3.0942816e-26
1.5 0.004 0.628 c12 12 0.0016609356
1.5 0.004 0.628 c13 13 1.0045871e-05
1.5 0.004 0.628 c14 14 1.6194172e-10
1.5 0.004 0.628 n13 13 0.0
1.5 0.004 0.628 n14 14 0.00020413633
1.5 0.004 0.628 n15 15 -3.782082e-07
1.5 0.004 0.628 o14 14 0.0
1.5 0.004 0.628 o15 15 0.0
1.5 0.004 0.628 o16 16 2.8044335e-05
1.5 0.004 0.628 o17 17 1.8020392e-06
1.5 0.004 0.628 o18 18 -8.9322862e-07
1.5 0.004 0.628 o19 19 0.0
1.5 0.004 0.628 f17 17 0.0
1.5 0.004 0.628 f18 18 0.0
1.5 0.004 0.628 f19 19 4.7447081e-08
1.5 0.004 0.628 f20 20 0.0
1.5 0.004 0.628 ne19 19 0.0
1.5 0.004 0.628 ne20 20 -3.9671431e-07
1.5 0.004 0.628 ne21 21 2.0809296e-08
1.5 0.004 0.628 ne22 22 3.4220342e-05
1.5 0.004 0.628 ne23 23 0.0
1.5 0.004 0.628 na21 21 0.0
1.5 0.004 0.628 na22 22 1.3199293e-31
1.5 0.004 0.628 na23 23 1.4209431e-06
1.5 0.004 0.628 na24 24 0.0
1.5 0.004 0.628 mg23 23 0.0
1.5 0.004 0.628 mg24 24 4.0039595e-08
1.5 0.004 0.628 mg25 25 -7.0191163e-08
1.5 0.004 0.628 mg26 26 1.1207703e-08
1.5 0.004 0.628 mg27 27 0.0
1.5 0.004 0.628 al25 25 0.0
1.5 0.004 0.628 al-6 26 3.0101255e-08
1.5 0.004 0.628 al*6 26 0.0
1.5 0.004 0.628 al27 27 1.8429546e-07
1.5 0.004 0.628 al28 28 0.0
1.5 0.004 0.628 si27 27 0.0
1.5 0.004 0.628 si28 28 4.8967195e-09
1.5 0.004 0.628 si29 29 1.4019861e-09
1.5 0.004 0.628 si30 30 6.5019776e-09
1.5 0.004 0.628 si31 31 0.0
1.5 0.004 0.628 si32 32 2.9939939e-18
1.5 0.004 0.628 si33 33 0.0
1.5 0.004 0.628 p29 29 0.0
1.5 0.004 0.628 p30 30 0.0
1.5 0.004 0.628 p31 31 9.9998942e-10
1.5 0.004 0.628 p32 32 7.643093300000001e-22
1.5 0.004 0.628 p33 33 0.0
1.5 0.004 0.628 p34 34 0.0
1.5 0.004 0.628 s32 32 -7.1013346e-09
1.5 0.004 0.628 s33 33 2.268564e-09
1.5 0.004 0.628 s34 34 2.5465852e-11
1.5 0.004 0.628 s35 35 2.7643898e-10
1.5 0.004 0.628 fe54 54 -1.9954314e-08
1.5 0.004 0.628 fe55 55 1.45044e-08
1.5 0.004 0.628 fe56 56 -7.4345735e-08
1.5 0.004 0.628 fe57 57 5.8963906e-08
1.5 0.004 0.628 fe58 58 2.1849587e-08
1.5 0.004 0.628 fe59 59 0.0
1.5 0.004 0.628 fe60 60 2.9213374e-12
1.5 0.004 0.628 fe61 61 0.0
1.5 0.004 0.628 co59 59 9.0306571e-09
1.5 0.004 0.628 co60 60 1.0266203e-17
1.5 0.004 0.628 co61 61 0.0
1.5 0.004 0.628 ni58 58 -1.2839337e-08
1.5 0.004 0.628 ni59 59 1.3355754e-09
1.5 0.004 0.628 ni60 60 -7.6556717e-10
1.5 0.004 0.628 ni61 61 3.2604743e-07
1.5 0.004 0.628 ni62 62 -3.2635577e-07
1.75 0.004 0.63 g 1 7.4164586e-09
1.75 0.004 0.63 n 1 0.0
1.75 0.004 0.63 p 1 -0.038014054
1.75 0.004 0.63 d 2 5.6916237999999996e-18
1.75 0.004 0.63 he3 3 0.00031890874
1.75 0.004 0.63 he4 4 0.031801283
1.75 0.004 0.63 li7 7 -1.3314427e-09
1.75 0.004 0.63 be7 7 1.9294275e-13
1.75 0.004 0.63 b8 8 1.5353798e-25
1.75 0.004 0.63 c12 12 0.0053177425
1.75 0.004 0.63 c13 13 1.0715717e-05
1.75 0.004 0.63 c14 14 6.5167727e-10
1.75 0.004 0.63 n13 13 0.0
1.75 0.004 0.63 n14 14 0.00030641517
1.75 0.004 0.63 n15 15 -5.1338583e-07
1.75 0.004 0.63 o14 14 0.0
1.75 0.004 0.63 o15 15 0.0
1.75 0.004 0.63 o16 16 0.00010571303
1.75 0.004 0.63 o17 17 7.3161832e-06
1.75 0.004 0.63 o18 18 -1.4503576e-06
1.75 0.004 0.63 o19 19 0.0
1.75 0.004 0.63 f17 17 0.0
1.75 0.004 0.63 f18 18 0.0
1.75 0.004 0.63 f19 19 2.4051542e-07
1.75 0.004 0.63 f20 20 0.0
1.75 0.004 0.63 ne19 19 0.0
1.75 0.004 0.63 ne20 20 -6.3297921e-07
1.75 0.004 0.63 ne21 21 3.9668862e-08
1.75 0.004 0.63 ne22 22 0.00014286062
1.75 0.004 0.63 ne23 23 0.0
1.75 0.004 0.63 na21 21 0.0
1.75 0.004 0.63 na22 22 9.806043199999999e-29
1.75 0.004 0.63 na23 23 3.9221663e-06
1.75 0.004 0.63 na24 24 0.0
1.75 0.004 0.63 mg23 23 0.0
1.75 0.004 0.63 mg24 24 9.1335096e-08
1.75 0.004 0.63 mg25 25 7.1286195e-08
1.75 0.004 0.63 mg26 26 2.1130109e-07
1.75 0.004 0.63 mg27 27 0.0
1.75 0.004 0.63 al25 25 0.0
1.75 0.004 0.63 al-6 26 4.65329e-08
1.75 0.004 0.63 al*6 26 0.0
1.75 0.004 0.63 al27 27 4.6284185e-07
1.75 0.004 0.63 al28 28 0.0
1.75 0.004 0.63 si27 27 0.0
1.75 0.004 0.63 si28 28 1.0753865e-08
1.75 0.004 0.63 si29 29 8.7075023e-09
1.75 0.004 0.63 si30 30 2.7071565e-08
1.75 0.004 0.63 si31 31 0.0
1.75 0.004 0.63 si32 32 3.4089847e-17
1.75 0.004 0.63 si33 33 0.0
1.75 0.004 0.63 p29 29 0.0
1.75 0.004 0.63 p30 30 0.0
1.75 0.004 0.63 p31 31 3.6611709e-09
1.75 0.004 0.63 p32 32 8.7024877e-21
1.75 0.004 0.63 p33 33 0.0
1.75 0.004 0.63 p34 34 0.0
1.75 0.004 0.63 s32 32 -3.0006049e-08
1.75 0.004 0.63 s33 33 8.714494e-09
1.75 0.004 0.63 s34 34 2.5465852e-11
1.75 0.004 0.63 s35 35 1.1628641e-09
1.75 0.004 0.63 fe54 54 -7.5817297e-08
1.75 0.004 0.63 fe55 55 4.9991719e-08
1.75 0.004 0.63 fe56 56 -3.1135278e-07
1.75 0.004 0.63 fe57 57 2.3614211e-07
1.75 0.004 0.63 fe58 58 1.030657e-07
1.75 0.004 0.63 fe59 59 0.0
1.75 0.004 0.63 fe60 60 4.0928851e-11
1.75 0.004 0.63 fe61 61 0.0
1.75 0.004 0.63 co59 59 3.4493894e-08
1.75 0.004 0.63 co60 60 1.4383285000000002e-16
1.75 0.004 0.63 co61 61 0.0
1.75 0.004 0.63 ni58 58 -5.052334e-08
1.75 0.004 0.63 ni59 59 4.7314943e-09
1.75 0.004 0.63 ni60 60 -1.0504664e-10
1.75 0.004 0.63 ni61 61 4.582572e-07
1.75 0.004 0.63 ni62 62 -4.4465378e-07
1.9 0.004 0.64 g 1 9.1044612e-09
1.9 0.004 0.64 n 1 0.0
1.9 0.004 0.64 p 1 -0.049096823
1.9 0.004 0.64 d 2 6.705940799999999e-18
1.9 0.004 0.64 he3 3 0.00031514408
1.9 0.004 0.64 he4 4 0.039404601
1.9 0.004 0.64 li7 7 -1.6120941e-09
1.9 0.004 0.64 be7 7 1.9018553e-13
1.9 0.004 0.64 b8 8 2.8116473e-26
1.9 0.004 0.64 c12 12 0.0085472632
1.9 0.004 0.64 c13 13 1.1378781e-05
1.9 0.004 0.64 c14 14 2.5412146e-09
1.9 0.004 0.64 n13 13 0.0
1.9 0.004 0.64 n14 14 0.00035789254
1.9 0.004 0.64 n15 15 -5.9841182e-07
1.9 0.004 0.64 o14 14 0.0
1.9 0.004 0.64 o15 15 0.0
1.9 0.004 0.64 o16 16 0.00012931973
1.9 0.004 0.64 o17 17 1.1966967e-05
1.9 0.004 0.64 o18 18 -1.7826685e-06
1.9 0.004 0.64 o19 19 0.0
1.9 0.004 0.64 f17 17 0.0
1.9 0.004 0.64 f18 18 0.0
1.9 0.004 0.64 f19 19 5.9555578e-07
1.9 0.004 0.64 f20 20 0.0
1.9 0.004 0.64 ne19 19 0.0
1.9 0.004 0.64 ne20 20 -2.2529275e-07
1.9 0.004 0.64 ne21 21 6.7572614e-08
1.9 0.004 0.64 ne22 22 0.0003127204
1.9 0.004 0.64 ne23 23 0.0
1.9 0.004 0.64 na21 21 0.0
1.9 0.004 0.64 na22 22 1.0506384e-27
1.9 0.004 0.64 na23 23 6.2264735e-06
1.9 0.004 0.64 na24 24 0.0
1.9 0.004 0.64 mg23 23 0.0
1.9 0.004 0.64 mg24 24 1.6771082e-07
1.9 0.004 0.64 mg25 25 5.8293153e-07
1.9 0.004 0.64 mg26 26 7.2156945e-07
1.9 0.004 0.64 mg27 27 0.0
1.9 0.004 0.64 al25 25 0.0
1.9 0.004 0.64 al-6 26 5.1036345e-08
1.9 0.004 0.64 al*6 26 0.0
1.9 0.004 0.64 al27 27 7.2183047e-07
1.9 0.004 0.64 al28 28 0.0
1.9 0.004 0.64 si27 27 0.0
1.9 0.004 0.64 si28 28 1.3722456e-08
1.9 0.004 0.64 si29 29 2.1422238e-08
1.9 0.004 0.64 si30 30 5.826314e-08
1.9 0.004 0.64 si31 31 0.0
1.9 0.004 0.64 si32 32 1.9046364000000003e-16
1.9 0.004 0.64 si33 33 0.0
1.9 0.004 0.64 p29 29 0.0
1.9 0.004 0.64 p30 30 0.0
1.9 0.004 0.64 p31 31 7.3771389e-09
1.9 0.004 0.64 p32 32 4.8621751e-20
1.9 0.004 0.64 p33 33 0.0
1.9 0.004 0.64 p34 34 0.0
1.9 0.004 0.64 s32 32 -6.4486812e-08
1.9 0.004 0.64 s33 33 1.7165576e-08
1.9 0.004 0.64 s34 34 1.7826096e-10
1.9 0.004 0.64 s35 35 2.4906974e-09
1.9 0.004 0.64 fe54 54 -1.5041405e-07
1.9 0.004 0.64 fe55 55 9.1989278e-08
1.9 0.004 0.64 fe56 56 -6.6059874e-07
1.9 0.004 0.64 fe57 57 4.814101e-07
1.9 0.004 0.64 fe58 58 2.3760435e-07
1.9 0.004 0.64 fe59 59 0.0
1.9 0.004 0.64 fe60 60 2.2854481e-10
1.9 0.004 0.64 fe61 61 0.0
1.9 0.004 0.64 co59 59 6.8037423e-08
1.9 0.004 0.64 co60 60 8.031554200000001e-16
1.9 0.004 0.64 co61 61 0.0
1.9 0.004 0.64 ni58 58 -1.0200347e-07
1.9 0.004 0.64 ni59 59 9.5706589e-09
1.9 0.004 0.64 ni60 60 3.9894985e-09
1.9 0.004 0.64 ni61 61 5.6418975e-07
1.9 0.004 0.64 ni62 62 -5.2750136e-07
2.1 0.004 0.65 g 1 1.2149419e-08
2.1 0.004 0.65 n 1 0.0
2.1 0.004 0.65 p 1 -0.054119706
2.1 0.004 0.65 d 2 8.510179699999999e-18
2.1 0.004 0.65 he3 3 0.00029444919
2.1 0.004 0.65 he4 4 0.041264355
2.1 0.004 0.65 li7 7 -1.8395754e-09
2.1 0.004 0.65 be7 7 8.3350339e-14
2.1 0.004 0.65 b8 8 4.2892817e-27
2.1 0.004 0.65 c12 12 0.011495146
2.1 0.004 0.65 c13 13 1.3583056e-05
2.1 0.004 0.65 c14 14 2.4103741e-09
2.1 0.004 0.65 n13 13 0.0
2.1 0.004 0.65 n14 14 0.00036501107
2.1 0.004 0.65 n15 15 -6.4801168e-07
2.1 0.004 0.65 o14 14 0.0
2.1 0.004 0.65 o15 15 0.0
2.1 0.004 0.65 o16 16 0.00015313528
2.1 0.004 0.65 o17 17 1.0451532e-05
2.1 0.004 0.65 o18 18 -1.8622445e-06
2.1 0.004 0.65 o19 19 0.0
2.1 0.004 0.65 f17 17 0.0
2.1 0.004 0.65 f18 18 0.0
2.1 0.004 0.65 f19 19 1.0329306e-06
2.1 0.004 0.65 f20 20 0.0
2.1 0.004 0.65 ne19 19 0.0
2.1 0.004 0.65 ne20 20 7.0952228e-07
2.1 0.004 0.65 ne21 21 9.2661594e-08
2.1 0.004 0.65 ne22 22 0.00051263237
2.1 0.004 0.65 ne23 23 0.0
2.1 0.004 0.65 na21 21 0.0
2.1 0.004 0.65 na22 22 1.0501136e-26
2.1 0.004 0.65 na23 23 7.9727333e-06
2.1 0.004 0.65 na24 24 0.0
2.1 0.004 0.65 mg23 23 0.0
2.1 0.004 0.65 mg24 24 2.917368e-07
2.1 0.004 0.65 mg25 25 1.5125279e-06
2.1 0.004 0.65 mg26 26 1.5349997e-06
2.1 0.004 0.65 mg27 27 0.0
2.1 0.004 0.65 al25 25 0.0
2.1 0.004 0.65 al-6 26 5.1126168e-08
2.1 0.004 0.65 al*6 26 0.0
2.1 0.004 0.65 al27 27 1.0093663e-06
2.1 0.004 0.65 al28 28 0.0
2.1 0.004 0.65 si27 27 0.0
2.1 0.004 0.65 si28 28 1.5090336e-08
2.1 0.004 0.65 si29 29 3.965215e-08
2.1 0.004 0.65 si30 30 9.9822046e-08
2.1 0.004 0.65 si31 31 0.0
2.1 0.004 0.65 si32 32 4.6292023e-16
2.1 0.004 0.65 si33 33 0.0
2.1 0.004 0.65 p29 29 0.0
2.1 0.004 0.65 p30 30 0.0
2.1 0.004 0.65 p31 31 1.1690418e-08
2.1 0.004 0.65 p32 32 1.1817471e-19
2.1 0.004 0.65 p33 33 0.0
2.1 0.004 0.65 p34 34 0.0
2.1 0.004 0.65 s32 32 -1.0928488e-07
2.1 0.004 0.65 s33 33 2.7198837e-08
2.1 0.004 0.65 s34 34 4.6566129e-10
2.1 0.004 0.65 s35 35 4.2105786e-09
2.1 0.004 0.65 fe54 54 -2.3858229e-07
2.1 0.004 0.65 fe55 55 1.3787033e-07
2.1 0.004 0.65 fe56 56 -1.1119992e-06
2.1 0.004 0.65 fe57 57 7.8265111e-07
2.1 0.004 0.65 fe58 58 4.2364877e-07
2.1 0.004 0.65 fe59 59 0.0
2.1 0.004 0.65 fe60 60 8.169026e-10
2.1 0.004 0.65 fe61 61 0.0
2.1 0.004 0.65 co59 59 1.1069369e-07
2.1 0.004 0.65 co60 60 2.8707732e-15
2.1 0.004 0.65 co61 61 0.0
2.1 0.004 0.65 ni58 58 -1.6431295e-07
2.1 0.004 0.65 ni59 59 1.3499279e-08
2.1 0.004 0.65 ni60 60 1.1228167e-08
2.1 0.004 0.65 ni61 61 7.5350766e-07
2.1 0.004 0.65 ni62 62 -6.8783135e-07
2.25 0.004 0.664 g 1 2.0908697e-08
2.25 0.004 0.664 n 1 0.0
2.25 0.004 0.664 p 1 -0.10025966
2.25 0.004 0.664 d 2 9.836590299999999e-18
2.25 0.004 0.664 he3 3 0.00026586777
2.25 0.004 0.664 he4 4 0.074617714
2.25 0.004 0.664 li7 7 -2.0832596e-09
2.25 0.004 0.664 be7 7 6.0656077e-14
2.25 0.004 0.664 b8 8 8.394400600000001e-27
2.25 0.004 0.664 c12 12 0.022870565
2.25 0.004 0.664 c13 13 1.2902543e-05
2.25 0.004 0.664 c14 14 9.1463779e-09
2.25 0.004 0.664 n13 13 0.0
2.25 0.004 0.664 n14 14 0.00045073984
2.25 0.004 0.664 n15 15 -7.5280957e-07
2.25 0.004 0.664 o14 14 0.0
2.25 0.004 0.664 o15 15 0.0
2.25 0.004 0.664 o16 16 0.00018487708
2.25 0.004 0.664 o17 17 1.8050305e-05
2.25 0.004 0.664 o18 18 -2.4360597e-06
2.25 0.004 0.664 o19 19 0.0
2.25 0.004 0.664 f17 17 0.0
2.25 0.004 0.664 f18 18 0.0
2.25 0.004 0.664 f19 19 4.0034151e-06
2.25 0.004 0.664 f20 20 0.0
2.25 0.004 0.664 ne19 19 0.0
2.25 0.004 0.664 ne20 20 1.3498822e-05
2.25 0.004 0.664 ne21 21 5.7042325e-07
2.25 0.004 0.664 ne22 22 0.0017707588
2.25 0.004 0.664 ne23 23 0.0
2.25 0.004 0.664 na21 21 0.0
2.25 0.004 0.664 na22 22 7.8574106e-25
2.25 0.004 0.664 na23 23 2.7831262e-05
2.25 0.004 0.664 na24 24 0.0
2.25 0.004 0.664 mg23 23 0.0
2.25 0.004 0.664 mg24 24 1.8633e-06
2.25 0.004 0.664 mg25 25 1.0945752e-05
2.25 0.004 0.664 mg26 26 1.081441e-05
2.25 0.004 0.664 mg27 27 0.0
2.25 0.004 0.664 al25 25 0.0
2.25 0.004 0.664 al-6 26 4.1979668e-08
2.25 0.004 0.664 al*6 26 0.0
2.25 0.004 0.664 al27 27 1.7587336e-06
2.25 0.004 0.664 al28 28 0.0
2.25 0.004 0.664 si27 27 0.0
2.25 0.004 0.664 si28 28 -3.6030542e-08
2.25 0.004 0.664 si29 29 1.7037019e-07
2.25 0.004 0.664 si30 30 4.0287659e-07
2.25 0.004 0.664 si31 31 0.0
2.25 0.004 0.664 si32 32 2.8623333e-15
2.25 0.004 0.664 si33 33 0.0
2.25 0.004 0.664 p29 29 0.0
2.25 0.004 0.664 p30 30 0.0
2.25 0.004 0.664 p31 31 4.4200533e-08
2.25 0.004 0.664 p32 32 7.3069883e-19
2.25 0.004 0.664 p33 33 0.0
2.25 0.004 0.664 p34 34 0.0
2.25 0.004 0.664 s32 32 -4.1157182e-07
2.25 0.004 0.664 s33 33 6.9220846e-08
2.25 0.004 0.664 s34 34 3.9653969e-09
2.25 0.004 0.664 s35 35 1.6012404e-08
2.25 0.004 0.664 fe54 54 -7.0543319e-07
2.25 0.004 0.664 fe55 55 2.9896671e-07
2.25 0.004 0.664 fe56 56 -3.9820443e-06
2.25 0.004 0.664 fe57 57 2.2616987e-06
2.25 0.004 0.664 fe58 58 1.9108966e-06
2.25 0.004 0.664 fe59 59 -5.1862056000000003e-42
2.25 0.004 0.664 fe60 60 1.5821346e-08
2.25 0.004 0.664 fe61 61 0.0
2.25 0.004 0.664 co59 59 4.059998e-07
2.25 0.004 0.664 co60 60 5.55997e-14
2.25 0.004 0.664 co61 61 0.0
2.25 0.004 0.664 ni58 58 -5.0079507e-07
2.25 0.004 0.664 ni59 59 2.0530159e-08
2.25 0.004 0.664 ni60 60 1.0108624e-07
2.25 0.004 0.664 ni61 61 1.2040216e-06
2.25 0.004 0.664 ni62 62 -8.7437411e-07
2.5 0.004 0.671 g 1 4.1197236e-08
2.5 0.004 0.671 n 1 0.0
2.5 0.004 0.671 p 1 -0.14998055
2.5 0.004 0.671 d 2 1.1160198e-17
2.5 0.004 0.671 he3 3 0.00024924477
2.5 0.004 0.671 he4 4 0.11147109
2.5 0.004 0.671 li7 7 -2.7978415e-09
2.5 0.004 0.671 be7 7 3.3716951e-12
2.5 0.004 0.671 b8 8 1.7531069e-28
2.5 0.004 0.671 c12 12 0.033849552
2.5 0.004 0.671 c13 13 1.4269489e-05
2.5 0.004 0.671 c14 14 1.0030703e-07
2.5 0.004 0.671 n13 13 0.0
2.5 0.004 0.671 n14 14 0.00058371958
2.5 0.004 0.671 n15 15 -9.1946845e-07
2.5 0.004 0.671 o14 14 0.0
2.5 0.004 0.671 o15 15 0.0
2.5 0.004 0.671 o16 16 8.4627187e-05
2.5 0.004 0.671 o17 17 1.5312819e-05
2.5 0.004 0.671 o18 18 -3.06939e-06
2.5 0.004 0.671 o19 19 0.0
2.5 0.004 0.671 f17 17 0.0
2.5 0.004 0.671 f18 18 0.0
2.5 0.004 0.671 f19 19 8.6583177e-06
2.5 0.004 0.671 f20 20 0.0
2.5 0.004 0.671 ne19 19 0.0
2.5 0.004 0.671 ne20 20 3.9812119e-05
2.5 0.004 0.671 ne21 21 1.7267121e-06
2.5 0.004 0.671 ne22 22 0.0035232212
2.5 0.004 0.671 ne23 23 0.0
2.5 0.004 0.671 na21 21 0.0
2.5 0.004 0.671 na22 22 8.3631799e-24
2.5 0.004 0.671 na23 23 6.4765773e-05
2.5 0.004 0.671 na24 24 0.0
2.5 0.004 0.671 mg23 23 0.0
2.5 0.004 0.671 mg24 24 6.0389866e-06
2.5 0.004 0.671 mg25 25 3.4776327e-05
2.5 0.004 0.671 mg26 26 3.6191326e-05
2.5 0.004 0.671 mg27 27 0.0
2.5 0.004 0.671 al25 25 0.0
2.5 0.004 0.671 al-6 26 4.2749214e-08
2.5 0.004 0.671 al*6 26 0.0
2.5 0.004 0.671 al27 27 2.9057101e-06
2.5 0.004 0.671 al28 28 0.0
2.5 0.004 0.671 si27 27 0.0
2.5 0.004 0.671 si28 28 -1.2238161e-07
2.5 0.004 0.671 si29 29 4.1625754e-07
2.5 0.004 0.671 si30 30 9.8430155e-07
2.5 0.004 0.671 si31 31 0.0
2.5 0.004 0.671 si32 32 2.38019e-12
2.5 0.004 0.671 si33 33 0.0
2.5 0.004 0.671 p29 29 0.0
2.5 0.004 0.671 p30 30 0.0
2.5 0.004 0.671 p31 31 1.1071734e-07
2.5 0.004 0.671 p32 32 6.0761707e-16
2.5 0.004 0.671 p33 33 0.0
2.5 0.004 0.671 p34 34 0.0
2.5 0.004 0.671 s32 32 -9.6330768e-07
2.5 0.004 0.671 s33 33 1.1790746e-07
2.5 0.004 0.671 s34 34 9.9680619e-09
2.5 0.004 0.671 s35 35 3.7945632e-08
2.5 0.004 0.671 fe54 54 -1.366805e-06
2.5 0.004 0.671 fe55 55 4.4314856e-07
2.5 0.004 0.671 fe56 56 -8.9160749e-06
2.5 0.004 0.671 fe57 57 4.1621543e-06
2.5 0.004 0.671 fe58 58 4.711625e-06
2.5 0.004 0.671 fe59 59 1.6955430999999998e-40
2.5 0.004 0.671 fe60 60 9.8236988e-08
2.5 0.004 0.671 fe61 61 0.0
2.5 0.004 0.671 co59 59 9.8568421e-07
2.5 0.004 0.671 co60 60 3.4522683e-13
2.5 0.004 0.671 co61 61 0.0
2.5 0.004 0.671 ni58 58 -9.8221062e-07
2.5 0.004 0.671 ni59 59 2.1813523e-08
2.5 0.004 0.671 ni60 60 2.8741033e-07
2.5 0.004 0.671 ni61 61 1.9521347e-06
2.5 0.004 0.671 ni62 62 -1.0140085e-06
3.0 0.004 0.731 g 1 2.1574827e-07
3.0 0.004 0.731 n 1 0.0
3.0 0.004 0.731 p 1 -0.16023886
3.0 0.004 0.731 d 2 1.3019025e-17
3.0 0.004 0.731 he3 3 0.00024402452
3.0 0.004 0.731 he4 4 0.11773503
3.0 0.004 0.731 li7 7 -4.2080401e-09
3.0 0.004 0.731 be7 7 5.9182178e-14
3.0 0.004 0.731 b8 8 2.5525108e-29
3.0 0.004 0.731 c12 12 0.037666243
3.0 0.004 0.731 c13 13 1.9885783e-05
3.0 0.004 0.731 c14 14 3.714171e-08
3.0 0.004 0.731 n13 13 0.0
3.0 0.004 0.731 n14 14 0.00071510393
3.0 0.004 0.731 n15 15 -1.2291237e-06
3.0 0.004 0.731 o14 14 0.0
3.0 0.004 0.731 o15 15 0.0
3.0 0.004 0.731 o16 16 -5.2177347e-06
3.0 0.004 0.731 o17 17 1.7075676e-05
3.0 0.004 0.731 o18 18 -3.896444e-06
3.0 0.004 0.731 o19 19 0.0
3.0 0.004 0.731 f17 17 0.0
3.0 0.004 0.731 f18 18 0.0
3.0 0.004 0.731 f19 19 1.1311164e-05
3.0 0.004 0.731 f20 20 0.0
3.0 0.004 0.731 ne19 19 0.0
3.0 0.004 0.731 ne20 20 5.1310984e-05
3.0 0.004 0.731 ne21 21 4.7242038e-06
3.0 0.004 0.731 ne22 22 0.0034789271
3.0 0.004 0.731 ne23 23 0.0
3.0 0.004 0.731 na21 21 0.0
3.0 0.004 0.731 na22 22 5.8038979e-20
3.0 0.004 0.731 na23 23 4.3767755e-05
3.0 0.004 0.731 na24 24 0.0
3.0 0.004 0.731 mg23 23 0.0
3.0 0.004 0.731 mg24 24 -2.2344902e-06
3.0 0.004 0.731 mg25 25 0.00010714919
3.0 0.004 0.731 mg26 26 0.00014452796
3.0 0.004 0.731 mg27 27 0.0
3.0 0.004 0.731 al25 25 0.0
3.0 0.004 0.731 al-6 26 7.7993867e-08
3.0 0.004 0.731 al*6 26 0.0
3.0 0.004 0.731 al27 27 7.7661716e-06
3.0 0.004 0.731 al28 28 0.0
3.0 0.004 0.731 si27 27 0.0
3.0 0.004 0.731 si28 28 7.9578604e-07
3.0 0.004 0.731 si29 29 1.1934953e-06
3.0 0.004 0.731 si30 30 2.9137564e-06
3.0 0.004 0.731 si31 31 0.0
3.0 0.004 0.731 si32 32 2.9868631e-13
3.0 0.004 0.731 si33 33 0.0
3.0 0.004 0.731 p29 29 0.0
3.0 0.004 0.731 p30 30 0.0
3.0 0.004 0.731 p31 31 4.189917e-07
3.0 0.004 0.731 p32 32 7.624892e-17
3.0 0.004 0.731 p33 33 9.0509868e-41
3.0 0.004 0.731 p34 34 0.0
3.0 0.004 0.731 s32 32 -2.5565969e-06
3.0 0.004 0.731 s33 33 1.2678606e-07
3.0 0.004 0.731 s34 34 3.0988303e-08
3.0 0.004 0.731 s35 35 1.0913718e-07
3.0 0.004 0.731 fe54 54 -2.1770938e-06
3.0 0.004 0.731 fe55 55 2.8280394e-07
3.0 0.004 0.731 fe56 56 -2.0437117e-05
3.0 0.004 0.731 fe57 57 4.7192652e-06
3.0 0.004 0.731 fe58 58 1.1192293e-05
3.0 0.004 0.731 fe59 59 3.375941e-39
3.0 0.004 0.731 fe60 60 1.4890609e-06
3.0 0.004 0.731 fe61 61 0.0
3.0 0.004 0.731 co59 59 3.0514489e-06
3.0 0.004 0.731 co60 60 5.2335783e-12
3.0 0.004 0.731 co61 61 0.0
3.0 0.004 0.731 ni58 58 -1.5629084e-06
3.0 0.004 0.731 ni59 59 6.9659158e-09
3.0 0.004 0.731 ni60 60 8.189736e-07
3.0 0.004 0.731 ni61 61 4.9682571e-06
3.0 0.004 0.731 ni62 62 -1.2593032e-06
3.5 0.004 0.814 g 1 4.0799978e-07
3.5 0.004 0.814 n 1 0.0
3.5 0.004 0.814 p 1 -0.094831944
3.5 0.004 0.814 d 2 1.5990811e-17
3.5 0.004 0.814 he3 3 8.7354885e-05
3.5 0.004 0.814 he4 4 0.069175839
3.5 0.004 0.814 li7 7 1.6629883e-08
3.5 0.004 0.814 be7 7 7.9485074e-10
3.5 0.004 0.814 b8 8 1.2974544e-17
3.5 0.004 0.814 c12 12 0.022788664
3.5 0.004 0.814 c13 13 0.00034077736
3.5 0.004 0.814 c14 14 1.3150004e-08
3.5 0.004 0.814 n13 13 0.0
3.5 0.004 0.814 n14 14 0.0010546779
3.5 0.004 0.814 n15 15 -2.2935437e-06
3.5 0.004 0.814 o14 14 0.0
3.5 0.004 0.814 o15 15 0.0
3.5 0.004 0.814 o16 16 9.6771866e-05
3.5 0.004 0.814 o17 17 1.0881832e-05
3.5 0.004 0.814 o18 18 -9.9087947e-06
3.5 0.004 0.814 o19 19 0.0
3.5 0.004 0.814 f17 17 0.0
3.5 0.004 0.814 f18 18 0.0
3.5 0.004 0.814 f19 19 3.1453253e-06
3.5 0.004 0.814 f20 20 0.0
3.5 0.004 0.814 ne19 19 0.0
3.5 0.004 0.814 ne20 20 1.0218937e-05
3.5 0.004 0.814 ne21 21 2.8017091e-06
3.5 0.004 0.814 ne22 22 0.0010072959
3.5 0.004 0.814 ne23 23 0.0
3.5 0.004 0.814 na21 21 0.0
3.5 0.004 0.814 na22 22 3.4071873e-14
3.5 0.004 0.814 na23 23 1.7584574e-05
3.5 0.004 0.814 na24 24 0.0
3.5 0.004 0.814 mg23 23 0.0
3.5 0.004 0.814 mg24 24 -8.1343169e-06
3.5 0.004 0.814 mg25 25 8.4699692e-05
3.5 0.004 0.814 mg26 26 0.00015225782
3.5 0.004 0.814 mg27 27 0.0
3.5 0.004 0.814 al25 25 0.0
3.5 0.004 0.814 al-6 26 7.4089151e-08
3.5 0.004 0.814 al*6 26 0.0
3.5 0.004 0.814 al27 27 9.3995368e-06
3.5 0.004 0.814 al28 28 0.0
3.5 0.004 0.814 si27 27 0.0
3.5 0.004 0.814 si28 28 5.5019336e-06
3.5 0.004 0.814 si29 29 1.541719e-06
3.5 0.004 0.814 si30 30 3.2449152e-06
3.5 0.004 0.814 si31 31 0.0
3.5 0.004 0.814 si32 32 6.0058607e-12
3.5 0.004 0.814 si33 33 0.0
3.5 0.004 0.814 p29 29 0.0
3.5 0.004 0.814 p30 30 0.0
3.5 0.004 0.814 p31 31 6.230166e-07
3.5 0.004 0.814 p32 32 1.5331819e-15
3.5 0.004 0.814 p33 33 4.3979358e-27
3.5 0.004 0.814 p34 34 0.0
3.5 0.004 0.814 s32 32 -2.4001056e-06
3.5 0.004 0.814 s33 33 5.3966346e-08
3.5 0.004 0.814 s34 34 2.4447218e-08
3.5 0.004 0.814 s35 35 1.1628271e-07
3.5 0.004 0.814 fe54 54 -1.3376484e-06
3.5 0.004 0.814 fe55 55 7.1975236e-08
3.5 0.004 0.814 fe56 56 -1.6136037e-05
3.5 0.004 0.814 fe57 57 1.5575315e-06
3.5 0.004 0.814 fe58 58 6.8465952e-06
3.5 0.004 0.814 fe59 59 9.101306400000001e-31
3.5 0.004 0.814 fe60 60 3.1449172e-06
3.5 0.004 0.814 fe61 61 0.0
3.5 0.004 0.814 co59 59 2.5151976e-06
3.5 0.004 0.814 co60 60 1.0831671e-11
3.5 0.004 0.814 co61 61 0.0
3.5 0.004 0.814 ni58 58 -9.4216375e-07
3.5 0.004 0.814 ni59 59 2.5302966e-09
3.5 0.004 0.814 ni60 60 7.1096656e-07
3.5 0.004 0.814 ni61 61 6.0758302e-06
3.5 0.004 0.814 ni62 62 -1.4907561e-06
4.0 0.004 0.852 g 1 8.1242808e-07
4.0 0.004 0.852 n 1 0.0
4.0 0.004 0.852 p 1 -0.16293478
4.0 0.004 0.852 d 2 1.7076649e-17
4.0 0.004 0.852 he3 3 2.5064619e-05
4.0 0.004 0.852 he4 4 0.12950867
4.0 0.004 0.852 li7 7 7.1676207e-09
4.0 0.004 0.852 be7 7 1.6853106e-08
4.0 0.004 0.852 b8 8 3.363611e-24
4.0 0.004 0.852 c12 12 0.007310573
4.0 0.004 0.852 c13 13 0.0016734289
4.0 0.004 0.852 c14 14 5.8665797e-09
4.0 0.004 0.852 n13 13 0.0
4.0 0.004 0.852 n14 14 0.022967018
4.0 0.004 0.852 n15 15 -2.3244065e-06
4.0 0.004 0.852 o14 14 0.0
4.0 0.004 0.852 o15 15 0.0
4.0 0.004 0.852 o16 16 2.6683789e-05
4.0 0.004 0.852 o17 17 6.5110085e-06
4.0 0.004 0.852 o18 18 -1.3543514e-05
4.0 0.004 0.852 o19 19 0.0
4.0 0.004 0.852 f17 17 0.0
4.0 0.004 0.852 f18 18 0.0
4.0 0.004 0.852 f19 19 2.3072162e-06
4.0 0.004 0.852 f20 20 0.0
4.0 0.004 0.852 ne19 19 0.0
4.0 0.004 0.852 ne20 20 1.0374119e-05
4.0 0.004 0.852 ne21 21 1.5566e-06
4.0 0.004 0.852 ne22 22 0.00098462682
4.0 0.004 0.852 ne23 23 0.0
4.0 0.004 0.852 na21 21 0.0
4.0 0.004 0.852 na22 22 1.8594322e-11
4.0 0.004 0.852 na23 23 2.5552599e-05
4.0 0.004 0.852 na24 24 0.0
4.0 0.004 0.852 mg23 23 0.0
4.0 0.004 0.852 mg24 24 -7.9004676e-06
4.0 0.004 0.852 mg25 25 0.00012515174
4.0 0.004 0.852 mg26 26 0.00026414619
4.0 0.004 0.852 mg27 27 0.0
4.0 0.004 0.852 al25 25 0.0
4.0 0.004 0.852 al-6 26 1.6536831e-07
4.0 0.004 0.852 al*6 26 0.0
4.0 0.004 0.852 al27 27 1.0148236e-05
4.0 0.004 0.852 al28 28 0.0
4.0 0.004 0.852 si27 27 0.0
4.0 0.004 0.852 si28 28 9.984622e-06
4.0 0.004 0.852 si29 29 2.5546469e-06
4.0 0.004 0.852 si30 30 5.1323459e-06
4.0 0.004 0.852 si31 31 0.0
4.0 0.004 0.852 si32 32 3.0117717e-11
4.0 0.004 0.852 si33 33 0.0
4.0 0.004 0.852 p29 29 0.0
4.0 0.004 0.852 p30 30 0.0
4.0 0.004 0.852 p31 31 1.1588554e-06
4.0 0.004 0.852 p32 32 7.6884774e-15
4.0 0.004 0.852 p33 33 5.2839964e-25
4.0 0.004 0.852 p34 34 0.0
4.0 0.004 0.852 s32 32 -3.2698736e-06
4.0 0.004 0.852 s33 33 5.0026756e-08
4.0 0.004 0.852 s34 34 3.2930984e-08
4.0 0.004 0.852 s35 35 1.7415962e-07
4.0 0.004 0.852 fe54 54 -1.5010664e-06
4.0 0.004 0.852 fe55 55 5.2036214e-08
4.0 0.004 0.852 fe56 56 -1.9938394e-05
4.0 0.004 0.852 fe57 57 1.0736894e-06
4.0 0.004 0.852 fe58 58 6.6072912e-06
4.0 0.004 0.852 fe59 59 9.5140793e-27
4.0 0.004 0.852 fe60 60 5.1469142e-06
4.0 0.004 0.852 fe61 61 0.0
4.0 0.004 0.852 co59 59 2.7303581e-06
4.0 0.004 0.852 co60 60 1.7929869e-11
4.0 0.004 0.852 co61 61 0.0
4.0 0.004 0.852 ni58 58 -1.0506974e-06
4.0 0.004 0.852 ni59 59 1.7142334e-09
4.0 0.004 0.852 ni60 60 8.6919681e-07
4.0 0.004 0.852 ni61 61 9.1424536e-06
4.0 0.004 0.852 ni62 62 -1.7477402e-06
4.5 0.004 0.872 g 1 1.4452435e-06
4.5 0.004 0.872 n 1 0.0
4.5 0.004 0.872 p 1 -0.26644635
4.5 0.004 0.872 d 2 1.93513e-17
4.5 0.004 0.872 he3 3 3.1277316e-06
4.5 0.004 0.872 he4 4 0.21591794
4.5 0.004 0.872 li7 7 -5.8700529e-09
4.5 0.004 0.872 be7 7 1.7703347e-09
4.5 0.004 0.872 b8 8 6.5949496e-25
4.5 0.004 0.872 c12 12 0.0032078191
4.5 0.004 0.872 c13 13 0.00065605005
4.5 0.004 0.872 c14 14 2.2890216e-08
4.5 0.004 0.872 n13 13 0.0
4.5 0.004 0.872 n14 14 0.044992242
4.5 0.004 0.872 n15 15 -2.3221501e-06
4.5 0.004 0.872 o14 14 0.0
4.5 0.004 0.872 o15 15 0.0
4.5 0.004 0.872 o16 16 -0.00086215697
4.5 0.004 0.872 o17 17 9.6268386e-06
4.5 0.004 0.872 o18 18 -1.5609723e-05
4.5 0.004 0.872 o19 19 0.0
4.5 0.004 0.872 f17 17 0.0
4.5 0.004 0.872 f18 18 0.0
4.5 0.004 0.872 f19 19 6.2315235e-07
4.5 0.004 0.872 f20 20 0.0
4.5 0.004 0.872 ne19 19 0.0
4.5 0.004 0.872 ne20 20 2.1970365e-05
4.5 0.004 0.872 ne21 21 -2.2577747e-06
4.5 0.004 0.872 ne22 22 0.0017528648
4.5 0.004 0.872 ne23 23 0.0
4.5 0.004 0.872 na21 21 0.0
4.5 0.004 0.872 na22 22 2.6225813e-11
4.5 0.004 0.872 na23 23 4.2521555e-05
4.5 0.004 0.872 na24 24 0.0
4.5 0.004 0.872 mg23 23 0.0
4.5 0.004 0.872 mg24 24 -1.4982448e-05
4.5 0.004 0.872 mg25 25 0.00021665209
4.5 0.004 0.872 mg26 26 0.00046748613
4.5 0.004 0.872 mg27 27 0.0
4.5 0.004 0.872 al25 25 0.0
4.5 0.004 0.872 al-6 26 3.3174033e-06
4.5 0.004 0.872 al*6 26 0.0
4.5 0.004 0.872 al27 27 1.7532977e-05
4.5 0.004 0.872 al28 28 0.0
4.5 0.004 0.872 si27 27 0.0
4.5 0.004 0.872 si28 28 1.8324296e-05
4.5 0.004 0.872 si29 29 4.4672852e-06
4.5 0.004 0.872 si30 30 8.6535329e-06
4.5 0.004 0.872 si31 31 0.0
4.5 0.004 0.872 si32 32 1.3942467e-11
4.5 0.004 0.872 si33 33 0.0
4.5 0.004 0.872 p29 29 0.0
4.5 0.004 0.872 p30 30 0.0
4.5 0.004 0.872 p31 31 2.0778407e-06
4.5 0.004 0.872 p32 32 3.5592485e-15
4.5 0.004 0.872 p33 33 1.9968285e-23
4.5 0.004 0.872 p34 34 0.0
4.5 0.004 0.872 s32 32 -5.1049574e-06
4.5 0.004 0.872 s33 33 6.0825641e-08
4.5 0.004 0.872 s34 34 4.9112714e-08
4.5 0.004 0.872 s35 35 2.7870342e-07
4.5 0.004 0.872 fe54 54 -2.2355889e-06
4.5 0.004 0.872 fe55 55 5.4104181e-08
4.5 0.004 0.872 fe56 56 -3.070035e-05
4.5 0.004 0.872 fe57 57 1.2198179e-06
4.5 0.004 0.872 fe58 58 9.4808256e-06
4.5 0.004 0.872 fe59 59 1.7001141999999998e-23
4.5 0.004 0.872 fe60 60 7.4401341e-06
4.5 0.004 0.872 fe61 61 0.0
4.5 0.004 0.872 co59 59 3.8772068e-06
4.5 0.004 0.872 co60 60 2.0276461e-11
4.5 0.004 0.872 co61 61 0.0
4.5 0.004 0.872 ni58 58 -1.5608748e-06
4.5 0.004 0.872 ni59 59 7.1016626e-10
4.5 0.004 0.872 ni60 60 1.5749274e-06
4.5 0.004 0.872 ni61 61 1.5078441e-05
4.5 0.004 0.872 ni62 62 -2.013579e-06
5.0 0.004 0.905 g 1 3.0159458e-06
5.0 0.004 0.905 n 1 0.0
5.0 0.004 0.905 p 1 -0.42884445
5.0 0.004 0.905 d 2 1.9379919e-17
5.0 0.004 0.905 he3 3 1.7704522e-06
5.0 0.004 0.905 he4 4 0.35967565
5.0 0.004 0.905 li7 7 -7.6108133e-09
5.0 0.004 0.905 be7 7 3.5169579e-11
5.0 0.004 0.905 b8 8 6.680776e-27
5.0 0.004 0.905 c12 12 0.0026481934
5.0 0.004 0.905 c13 13 0.00071355776
5.0 0.004 0.905 c14 14 7.6007387e-09
5.0 0.004 0.905 n13 13 0.0
5.0 0.004 0.905 n14 14 0.064739116
5.0 0.004 0.905 n15 15 -2.2091817e-06
5.0 0.004 0.905 o14 14 0.0
5.0 0.004 0.905 o15 15 0.0
5.0 0.004 0.905 o16 16 -0.0027495883
5.0 0.004 0.905 o17 17 9.3396866e-06
5.0 0.004 0.905 o18 18 -1.7635883e-05
5.0 0.004 0.905 o19 19 0.0
5.0 0.004 0.905 f17 17 0.0
5.0 0.004 0.905 f18 18 0.0
5.0 0.004 0.905 f19 19 3.0412389e-07
5.0 0.004 0.905 f20 20 0.0
5.0 0.004 0.905 ne19 19 0.0
5.0 0.004 0.905 ne20 20 4.0866784e-05
5.0 0.004 0.905 ne21 21 -2.4911553e-06
5.0 0.004 0.905 ne22 22 0.0023074518
5.0 0.004 0.905 ne23 23 0.0
5.0 0.004 0.905 na21 21 0.0
5.0 0.004 0.905 na22 22 7.1561042e-11
5.0 0.004 0.905 na23 23 6.817923e-05
5.0 0.004 0.905 na24 24 7.8324036e-40
5.0 0.004 0.905 mg23 23 0.0
5.0 0.004 0.905 mg24 24 -7.453392e-05
5.0 0.004 0.905 mg25 25 0.00043141822
5.0 0.004 0.905 mg26 26 0.00094508636
5.0 0.004 0.905 mg27 27 0.0
5.0 0.004 0.905 al25 25 0.0
5.0 0.004 0.905 al-6 26 1.4028053e-05
5.0 0.004 0.905 al*6 26 0.0
5.0 0.004 0.905 al27 27 3.3745622e-05
5.0 0.004 0.905 al28 28 0.0
5.0 0.004 0.905 si27 27 0.0
5.0 0.004 0.905 si28 28 3.5053003e-05
5.0 0.004 0.905 si29 29 8.2333245e-06
5.0 0.004 0.905 si30 30 1.5741529e-05
5.0 0.004 0.905 si31 31 0.0
5.0 0.004 0.905 si32 32 5.905889e-11
5.0 0.004 0.905 si33 33 0.0
5.0 0.004 0.905 p29 29 0.0
5.0 0.004 0.905 p30 30 0.0
5.0 0.004 0.905 p31 31 4.2617035e-06
5.0 0.004 0.905 p32 32 1.507659e-14
5.0 0.004 0.905 p33 33 5.393851e-23
5.0 0.004 0.905 p34 34 0.0
5.0 0.004 0.905 s32 32 -7.5039279e-06
5.0 0.004 0.905 s33 33 6.7440169e-08
5.0 0.004 0.905 s34 34 9.6973963e-08
5.0 0.004 0.905 s35 35 4.5471171e-07
5.0 0.004 0.905 fe54 54 -2.9778021e-06
5.0 0.004 0.905 fe55 55 6.9783525e-08
5.0 0.004 0.905 fe56 56 -4.2701606e-05
5.0 0.004 0.905 fe57 57 8.7300032e-07
5.0 0.004 0.905 fe58 58 1.0412421e-05
5.0 0.004 0.905 fe59 59 3.7024272e-22
5.0 0.004 0.905 fe60 60 1.0938033e-05
5.0 0.004 0.905 fe61 61 0.0
5.0 0.004 0.905 co59 59 4.4296962e-06
5.0 0.004 0.905 co60 60 1.4462363e-11
5.0 0.004 0.905 co61 61 0.0
5.0 0.004 0.905 ni58 58 -2.0627958e-06
5.0 0.004 0.905 ni59 59 3.2223255e-10
5.0 0.004 0.905 ni60 60 2.0908628e-06
5.0 0.004 0.905 ni61 61 2.4524081e-05
5.0 0.004 0.905 ni62 62 -2.2733357e-06
5.5 0.004 0.932 g 1 1.9453253e-06
5.5 0.004 0.932 n 1 0.0
5.5 0.004 0.932 p 1 -0.43007898
5.5 0.004 0.932 d 2 2.1840928e-17
5.5 0.004 0.932 he3 3 1.857101e-06
5.5 0.004 0.932 he4 4 0.3803761
5.5 0.004 0.932 li7 7 -8.4454923e-09
5.5 0.004 0.932 be7 7 1.1259709e-10
5.5 0.004 0.932 b8 8 4.4971937000000004e-26
5.5 0.004 0.932 c12 12 0.0025871461
5.5 0.004 0.932 c13 13 0.00067497534
5.5 0.004 0.932 c14 14 1.071259e-08
5.5 0.004 0.932 n13 13 0.0
5.5 0.004 0.932 n14 14 0.047629181
5.5 0.004 0.932 n15 15 -2.8546897e-06
5.5 0.004 0.932 o14 14 0.0
5.5 0.004 0.932 o15 15 0.0
5.5 0.004 0.932 o16 16 -0.0031894599
5.5 0.004 0.932 o17 17 1.1727781e-05
5.5 0.004 0.932 o18 18 -1.9661727e-05
5.5 0.004 0.932 o19 19 0.0
5.5 0.004 0.932 f17 17 0.0
5.5 0.004 0.932 f18 18 0.0
5.5 0.004 0.932 f19 19 1.4122611e-07
5.5 0.004 0.932 f20 20 0.0
5.5 0.004 0.932 ne19 19 0.0
5.5 0.004 0.932 ne20 20 1.5922007e-05
5.5 0.004 0.932 ne21 21 -3.1371198e-06
5.5 0.004 0.932 ne22 22 0.0011735188
5.5 0.004 0.932 ne23 23 0.0
5.5 0.004 0.932 na21 21 0.0
5.5 0.004 0.932 na22 22 8.4927891e-11
5.5 0.004 0.932 na23 23 4.3159409e-05
5.5 0.004 0.932 na24 24 -1.0548134e-40
5.5 0.004 0.932 mg23 23 0.0
5.5 0.004 0.932 mg24 24 -0.00011638406
5.5 0.004 0.932 mg25 25 0.00031144847
5.5 0.004 0.932 mg26 26 0.00051696366
5.5 0.004 0.932 mg27 27 0.0
5.5 0.004 0.932 al25 25 0.0
5.5 0.004 0.932 al-6 26 1.1451122e-05
5.5 0.004 0.932 al*6 26 0.0
5.5 0.004 0.932 al27 27 1.7497165e-05
5.5 0.004 0.932 al28 28 0.0
5.5 0.004 0.932 si27 27 0.0
5.5 0.004 0.932 si28 28 2.2174092e-05
5.5 0.004 0.932 si29 29 5.4042684e-06
5.5 0.004 0.932 si30 30 1.0393689e-05
5.5 0.004 0.932 si31 31 0.0
5.5 0.004 0.932 si32 32 5.7258764e-11
5.5 0.004 0.932 si33 33 0.0
5.5 0.004 0.932 p29 29 0.0
5.5 0.004 0.932 p30 30 0.0
5.5 0.004 0.932 p31 31 2.7504379e-06
5.5 0.004 0.932 p32 32 1.4617075e-14
5.5 0.004 0.932 p33 33 5.8101638e-22
5.5 0.004 0.932 p34 34 0.0
5.5 0.004 0.932 s32 32 -5.0897361e-06
5.5 0.004 0.932 s33 33 4.8919446e-08
5.5 0.004 0.932 s34 34 6.0696038e-08
5.5 0.004 0.932 s35 35 3.0202511e-07
5.5 0.004 0.932 fe54 54 -2.1305532e-06
5.5 0.004 0.932 fe55 55 1.0870855e-07
5.5 0.004 0.932 fe56 56 -2.9493007e-05
5.5 0.004 0.932 fe57 57 8.0687096e-07
5.5 0.004 0.932 fe58 58 7.5909188e-06
5.5 0.004 0.932 fe59 59 -2.8311498e-22
5.5 0.004 0.932 fe60 60 7.4814611e-06
5.5 0.004 0.932 fe61 61 0.0
5.5 0.004 0.932 co59 59 3.1824025e-06
5.5 0.004 0.932 co60 60 1.7251488e-11
5.5 0.004 0.932 co61 61 0.0
5.5 0.004 0.932 ni58 58 -1.4552861e-06
5.5 0.004 0.932 ni59 59 1.0965036e-09
5.5 0.004 0.932 ni60 60 1.2306136e-06
5.5 0.004 0.932 ni61 61 1.7487942e-05
5.5 0.004 0.932 ni62 62 -2.5357385e-06
6.0 0.004 0.977 g 1 2.4607998e-06
6.0 0.004 0.977 n 1 0.0
6.0 0.004 0.977 p 1 -0.55430388
6.0 0.004 0.977 d 2 2.325931e-17
6.0 0.004 0.977 he3 3 1.4485031e-06
6.0 0.004 0.977 he4 4 0.50338912
6.0 0.004 0.977 li7 7 -9.3453041e-09
6.0 0.004 0.977 be7 7 2.9923303e-11
6.0 0.004 0.977 b8 8 9.9205083e-27
6.0 0.004 0.977 c12 12 0.0012905803
6.0 0.004 0.977 c13 13 0.00064274366
6.0 0.004 0.977 c14 14 4.9766696e-10
6.0 0.004 0.977 n13 13 0.0
6.0 0.004 0.977 n14 14 0.052917168
6.0 0.004 0.977 n15 15 -2.8290292e-06
6.0 0.004 0.977 o14 14 0.0
6.0 0.004 0.977 o15 15 0.0
6.0 0.004 0.977 o16 16 -0.0058068698
6.0 0.004 0.977 o17 17 9.2469309e-06
6.0 0.004 0.977 o18 18 -2.1641952e-05
6.0 0.004 0.977 o19 19 0.0
6.0 0.004 0.977 f17 17 0.0
6.0 0.004 0.977 f18 18 0.0
6.0 0.004 0.977 f19 19 -1.8035234e-07
6.0 0.004 0.977 f20 20 0.0
6.0 0.004 0.977 ne19 19 0.0
6.0 0.004 0.977 ne20 20 4.4578803e-05
6.0 0.004 0.977 ne21 21 -3.6527281e-06
6.0 0.004 0.977 ne22 22 0.0008735836
6.0 0.004 0.977 ne23 23 0.0
6.0 0.004 0.977 na21 21 0.0
6.0 0.004 0.977 na22 22 1.8515932e-10
6.0 0.004 0.977 na23 23 1.0932716e-05
6.0 0.004 0.977 na24 24 0.0
6.0 0.004 0.977 mg23 23 0.0
6.0 0.004 0.977 mg24 24 -0.00044195206
6.0 0.004 0.977 mg25 25 0.00062169443
6.0 0.004 0.977 mg26 26 0.00064348982
6.0 0.004 0.977 mg27 27 0.0
6.0 0.004 0.977 al25 25 0.0
6.0 0.004 0.977 al-6 26 5.0150604e-05
6.0 0.004 0.977 al*6 26 0.0
6.0 0.004 0.977 al27 27 3.7032609e-05
6.0 0.004 0.977 al28 28 0.0
6.0 0.004 0.977 si27 27 0.0
6.0 0.004 0.977 si28 28 2.6605383e-05
6.0 0.004 0.977 si29 29 6.2345389e-06
6.0 0.004 0.977 si30 30 1.2490387e-05
6.0 0.004 0.977 si31 31 0.0
6.0 0.004 0.977 si32 32 9.0977413e-11
6.0 0.004 0.977 si33 33 0.0
6.0 0.004 0.977 p29 29 0.0
6.0 0.004 0.977 p30 30 0.0
6.0 0.004 0.977 p31 31 3.5151661e-06
6.0 0.004 0.977 p32 32 2.3224798e-14
6.0 0.004 0.977 p33 33 4.303223900000001e-22
6.0 0.004 0.977 p34 34 0.0
6.0 0.004 0.977 s32 32 -5.2603136e-06
6.0 0.004 0.977 s33 33 4.7896492e-08
6.0 0.004 0.977 s34 34 8.106872e-08
6.0 0.004 0.977 s35 35 3.3833405e-07
6.0 0.004 0.977 fe54 54 -2.1614615e-06
6.0 0.004 0.977 fe55 55 1.699994e-07
6.0 0.004 0.977 fe56 56 -2.9724673e-05
6.0 0.004 0.977 fe57 57 6.4648702e-07
6.0 0.004 0.977 fe58 58 6.5614718e-06
6.0 0.004 0.977 fe59 59 4.764671e-21
6.0 0.004 0.977 fe60 60 8.0035506e-06
6.0 0.004 0.977 fe61 61 0.0
6.0 0.004 0.977 co59 59 2.8759957e-06
6.0 0.004 0.977 co60 60 5.8680101e-12
6.0 0.004 0.977 co61 61 0.0
6.0 0.004 0.977 ni58 58 -1.4479665e-06
6.0 0.004 0.977 ni59 59 1.0641992e-09
6.0 0.004 0.977 ni60 60 1.0664189e-06
6.0 0.004 0.977 ni61 61 1.9148129e-05
6.0 0.004 0.977 ni62 62 -2.7891056e-06
