1.0 0.008 0.577 g 1 3.3505394e-09
1.0 0.008 0.577 n 1 0.0
1.0 0.008 0.577 p 1 -0.0087296963
1.0 0.008 0.577 d 2 1.3024999e-18
1.0 0.008 0.577 he3 3 0.00013490564
1.0 0.008 0.577 he4 4 0.0085823014
1.0 0.008 0.577 li7 7 1.3541179e-10
1.0 0.008 0.577 be7 7 2.5793469e-12
1.0 0.008 0.577 b8 8 1.7172822e-23
1.0 0.008 0.577 c12 12 -7.8859419e-05
1.0 0.008 0.577 c13 13 9.4618335e-06
1.0 0.008 0.577 c14 14 7.4248012e-27
1.0 0.008 0.577 n13 13 0.0
1.0 0.008 0.577 n14 14 8.4999876e-05
1.0 0.008 0.577 n15 15 -2.1446562e-07
1.0 0.008 0.577 o14 14 0.0
1.0 0.008 0.577 o15 15 0.0
1.0 0.008 0.577 o16 16 -3.5653356e-06
1.0 0.008 0.577 o17 17 3.7801834e-07
1.0 0.008 0.577 o18 18 -2.3111897e-07
1.0 0.008 0.577 o19 19 0.0
1.0 0.008 0.577 f17 17 0.0
1.0 0.008 0.577 f18 18 0.0
1.0 0.008 0.577 f19 19 -1.235847e-10
1.0 0.008 0.577 f20 20 0.0
1.0 0.008 0.577 ne19 19 0.0
1.0 0.008 0.577 ne20 20 -6.1409082e-09
1.0 0.008 0.577 ne21 21 5.4034217e-09
1.0 0.008 0.577 ne22 22 -1.6202284e-07
1.0 0.008 0.577 ne23 23 0.0
1.0 0.008 0.577 na21 21 0.0
1.0 0.008 0.577 na22 22 1.9811885e-34
1.0 0.008 0.577 na23 23 1.6975673e-07
1.0 0.008 0.577 na24 24 0.0
1.0 0.008 0.577 mg23 23 0.0
1.0 0.008 0.577 mg24 24 1.4551915e-10
1.0 0.008 0.577 mg25 25 -1.0129952e-08
1.0 0.008 0.577 mg26 26 9.6397343e-09
1.0 0.008 0.577 mg27 27 0.0
1.0 0.008 0.577 al25 25 0.0
1.0 0.008 0.577 al-6 26 7.7917134e-10
1.0 0.008 0.577 al*6 26 0.0
1.0 0.008 0.577 al27 27 1.2278178e-10
1.0 0.008 0.577 al28 28 0.0
1.0 0.008 0.577 si27 27 0.0
1.0 0.008 0.577 si28 28 -3.6379788e-10
1.0 0.008 0.577 si29 29 1.2732926e-11
1.0 0.008 0.577 si30 30 -6.8212103e-12
1.0 0.008 0.577 si31 31 0.0
1.0 0.008 0.577 si32 32 0.0
1.0 0.008 0.577 si33 33 0.0
1.0 0.008 0.577 p29 29 0.0
1.0 0.008 0.577 p30 30 0.0
1.0 0.008 0.577 p31 31 1.8189894e-12
1.0 0.008 0.577 p32 32 0.0
1.0 0.008 0.577 p33 33 0.0
1.0 0.008 0.577 p34 34 0.0
1.0 0.008 0.577 s32 32 -8.7311491e-11
1.0 0.008 0.577 s33 33 -3.4106051e-13
1.0 0.008 0.577 s34 34 -4.3655746e-11
1.0 0.008 0.577 s35 35 2.1617762999999998e-20
1.0 0.008 0.577 fe54 54 7.2759576e-12
1.0 0.008 0.577 fe55 55 8.174180199999999e-19
1.0 0.008 0.577 fe56 56 4.5110937e-10
1.0 0.008 0.577 fe57 57 -1.8189894e-11
1.0 0.008 0.577 fe58 58 1.080025e-12
1.0 0.008 0.577 fe59 59 0.0
1.0 0.008 0.577 fe60 60 0.0
1.0 0.008 0.577 fe61 61 0.0
1.0 0.008 0.577 co59 59 -5.1159077e-13
1.0 0.008 0.577 co60 60 0.0
1.0 0.008 0.577 co61 61 0.0
1.0 0.008 0.577 ni58 58 -2.0918378e-11
1.0 0.008 0.577 ni59 59 2.2506916e-24
1.0 0.008 0.577 ni60 60 -5.4569682e-12
1.0 0.008 0.577 ni61 61 2.0438468e-07
1.0 0.008 0.577 ni62 62 -2.077347e-07
1.25 0.008 0.6 g 1 6.4906898e-09
1.25 0.008 0.6 n 1 -9.8737732e-40
1.25 0.008 0.6 p 1 -0.014400542
1.25 0.008 0.6 d 2 2.5464756999999996e-18
1.25 0.008 0.6 he3 3 0.00021303543
1.25 0.008 0.6 he4 4 0.014155
1.25 0.008 0.6 li7 7 -3.3100189e-12
1.25 0.008 0.6 be7 7 1.6678126e-11
1.25 0.008 0.6 b8 8 5.0179773000000005e-27
1.25 0.008 0.6 c12 12 -0.00020241062
1.25 0.008 0.6 c13 13 1.437605e-05
1.25 0.008 0.6 c14 14 6.409915800000001e-26
1.25 0.008 0.6 n13 13 0.0
1.25 0.008 0.6 n14 14 0.00022780951
1.25 0.008 0.6 n15 15 -4.5288016e-07
1.25 0.008 0.6 o14 14 0.0
1.25 0.008 0.6 o15 15 0.0
1.25 0.008 0.6 o16 16 -7.7704899e-06
1.25 0.008 0.6 o17 17 9.4023858e-07
1.25 0.008 0.6 o18 18 -8.9235391e-07
1.25 0.008 0.6 o19 19 0.0
1.25 0.008 0.6 f17 17 0.0
1.25 0.008 0.6 f18 18 0.0
1.25 0.008 0.6 f19 19 4.9176663e-11
1.25 0.008 0.6 f20 20 0.0
1.25 0.008 0.6 ne19 19 0.0
1.25 0.008 0.6 ne20 20 -1.1787051e-08
1.25 0.008 0.6 ne21 21 1.0502845e-08
1.25 0.008 0.6 ne22 22 -4.1586827e-07
1.25 0.008 0.6 ne23 23 0.0
1.25 0.008 0.6 na21 21 0.0
1.25 0.008 0.6 na22 22 7.8328743e-33
1.25 0.008 0.6 na23 23 4.3639375e-07
1.25 0.008 0.6 na24 24 0.0
1.25 0.008 0.6 mg23 23 0.0
1.25 0.008 0.6 mg24 24 4.6566129e-10
1.25 0.008 0.6 mg25 25 -2.2339009e-08
1.25 0.008 0.6 mg26 26 2.0330845e-08
1.25 0.008 0.6 mg27 27 0.0
1.25 0.008 0.6 al25 25 0.0
1.25 0.008 0.6 al-6 26 2.5902422e-09
1.25 0.008 0.6 al*6 26 0.0
1.25 0.008 0.6 al27 27 2.9922376e-10
1.25 0.008 0.6 al28 28 0.0
1.25 0.008 0.6 si27 27 0.0
1.25 0.008 0.6 si28 28 -1.0186341e-10
1.25 0.008 0.6 si29 29 1.4551915e-11
1.25 0.008 0.6 si30 30 -5.0022209e-12
1.25 0.008 0.6 si31 31 0.0
1.25 0.008 0.6 si32 32 0.0
1.25 0.008 0.6 si33 33 0.0
1.25 0.008 0.6 p29 29 0.0
1.25 0.008 0.6 p30 30 0.0
1.25 0.008 0.6 p31 31 3.4106051e-12
1.25 0.008 0.6 p32 32 0.0
1.25 0.008 0.6 p33 33 0.0
1.25 0.008 0.6 p34 34 0.0
1.25 0.008 0.6 s32 32 1.4551915e-11
1.25 0.008 0.6 s33 33 5.6843419e-14
1.25 0.008 0.6 s34 34 3.6379788e-12
1.25 0.008 0.6 s35 35 3.3541353e-20
1.25 0.008 0.6 fe54 54 2.5465852e-11
1.25 0.008 0.6 fe55 55 1.4279277999999999e-18
1.25 0.008 0.6 fe56 56 -3.2014214e-10
1.25 0.008 0.6 fe57 57 -5.0022209e-12
1.25 0.008 0.6 fe58 58 -1.1368684e-13
1.25 0.008 0.6 fe59 59 0.0
1.25 0.008 0.6 fe60 60 0.0
1.25 0.008 0.6 fe61 61 -4.4023753e-39
1.25 0.008 0.6 co59 59 0.0
1.25 0.008 0.6 co60 60 3.3680209e-39
1.25 0.008 0.6 co61 61 -4.9031101e-36
1.25 0.008 0.6 ni58 58 -1.0913936e-11
1.25 0.008 0.6 ni59 59 7.5934489e-24
1.25 0.008 0.6 ni60 60 -4.0927262e-12
1.25 0.008 0.6 ni61 61 3.95933e-07
1.25 0.008 0.6 ni62 62 -4.0242466e-07
1.5 0.008 0.633 g 1 1.0124362e-08
1.5 0.008 0.633 n 1 0.0
1.5 0.008 0.633 p 1 -0.017439306
1.5 0.008 0.633 d 2 4.041219e-18
1.5 0.008 0.633 he3 3 0.00029373946
1.5 0.008 0.633 he4 4 0.016837835
1.5 0.008 0.633 li7 7 -3.1797842e-10
1.5 0.008 0.633 be7 7 8.8152185e-12
1.5 0.008 0.633 b8 8 4.9783788000000005e-26
1.5 0.008 0.633 c12 12 -0.00010443165
1.5 0.008 0.633 c13 13 1.9617975e-05
1.5 0.008 0.633 c14 14 3.7755729e-11
1.5 0.008 0.633 n13 13 0.0
1.5 0.008 0.633 n14 14 0.00039254932
1.5 0.008 0.633 n15 15 -7.2081934e-07
1.5 0.008 0.633 o14 14 0.0
1.5 0.008 0.633 o15 15 0.0
1.5 0.008 0.633 o16 16 -8.4168278e-06
1.5 0.008 0.633 o17 17 2.9743292e-06
1.5 0.008 0.633 o18 18 -1.6676831e-06
1.5 0.008 0.633 o19 19 0.0
1.5 0.008 0.633 f17 17 0.0
1.5 0.008 0.633 f18 18 0.0
1.5 0.008 0.633 f19 19 8.8490424e-09
1.5 0.008 0.633 f20 20 0.0
1.5 0.008 0.633 ne19 19 0.0
1.5 0.008 0.633 ne20 20 -1.1210795e-07
1.5 0.008 0.633 ne21 21 9.3887138e-09
1.5 0.008 0.633 ne22 22 5.763708e-06
1.5 0.008 0.633 ne23 23 0.0
1.5 0.008 0.633 na21 21 0.0
1.5 0.008 0.633 na22 22 1.5269104e-28
1.5 0.008 0.633 na23 23 1.5375972e-06
1.5 0.008 0.633 na24 24 0.0
1.5 0.008 0.633 mg23 23 0.0
1.5 0.008 0.633 mg24 24 1.5774276e-08
1.5 0.008 0.633 mg25 25 -5.4762495e-08
1.5 0.008 0.633 mg26 26 1.065564e-08
1.5 0.008 0.633 mg27 27 0.0
1.5 0.008 0.633 al25 25 0.0
1.5 0.008 0.633 al-6 26 2.9182489e-08
1.5 0.008 0.633 al*6 26 0.0
1.5 0.008 0.633 al27 27 6.4532287e-08
1.5 0.008 0.633 al28 28 0.0
1.5 0.008 0.633 si27 27 0.0
1.5 0.008 0.633 si28 28 1.6603735e-08
1.5 0.008 0.633 si29 29 1.1550583e-09
1.5 0.008 0.633 si30 30 2.1709639e-09
1.5 0.008 0.633 si31 31 0.0
1.5 0.008 0.633 si32 32 6.8064019e-19
1.5 0.008 0.633 si33 33 0.0
1.5 0.008 0.633 p29 29 0.0
1.5 0.008 0.633 p30 30 0.0
1.5 0.008 0.633 p31 31 4.28372e-10
1.5 0.008 0.633 p32 32 1.737544e-22
1.5 0.008 0.633 p33 33 0.0
1.5 0.008 0.633 p34 34 0.0
1.5 0.008 0.633 s32 32 7.7998266e-09
1.5 0.008 0.633 s33 33 6.2232175e-10
1.5 0.008 0.633 s34 34 4.5038178e-09
1.5 0.008 0.633 s35 35 6.6571457e-11
1.5 0.008 0.633 fe54 54 -2.9704097e-09
1.5 0.008 0.633 fe55 55 3.3908241e-09
1.5 0.008 0.633 fe56 56 1.0040822e-08
1.5 0.008 0.633 fe57 57 1.4852048e-08
1.5 0.008 0.633 fe58 58 5.4679958e-09
1.5 0.008 0.633 fe59 59 0.0
1.5 0.008 0.633 fe60 60 6.3574395e-13
1.5 0.008 0.633 fe61 61 0.0
1.5 0.008 0.633 co59 59 2.0670541e-09
1.5 0.008 0.633 co60 60 2.2341394e-18
1.5 0.008 0.633 co61 61 0.0
1.5 0.008 0.633 ni58 58 -1.884473e-09
1.5 0.008 0.633 ni59 59 4.9661852e-10
1.5 0.008 0.633 ni60 60 3.1741365e-10
1.5 0.008 0.633 ni61 61 6.179377e-07
1.5 0.008 0.633 ni62 62 -6.2677316e-07
1.75 0.008 0.636 g 1 1.4592581e-08
1.75 0.008 0.636 n 1 0.0
1.75 0.008 0.636 p 1 -0.025933087
1.75 0.008 0.636 d 2 5.7416401e-18
1.75 0.008 0.636 he3 3 0.00032693014
1.75 0.008 0.636 he4 4 0.022414178
1.75 0.008 0.636 li7 7 -7.5436413e-10
1.75 0.008 0.636 be7 7 2.9848669e-13
1.75 0.008 0.636 b8 8 6.369409e-26
1.75 0.008 0.636 c12 12 0.0024621887
1.75 0.008 0.636 c13 13 2.4017871e-05
1.75 0.008 0.636 c14 14 5.7571758e-10
1.75 0.008 0.636 n13 13 0.0
1.75 0.008 0.636 n14 14 0.0005712579
1.75 0.008 0.636 n15 15 -1.024797e-06
1.75 0.008 0.636 o14 14 0.0
1.75 0.008 0.636 o15 15 0.0
1.75 0.008 0.636 o16 16 2.5446527e-05
1.75 0.008 0.636 o17 17 8.9275718e-06
1.75 0.008 0.636 o18 18 -2.6484331e-06
1.75 0.008 0.636 o19 19 0.0
1.75 0.008 0.636 f17 17 0.0
1.75 0.008 0.636 f18 18 0.0
1.75 0.008 0.636 f19 19 1.5037197e-07
1.75 0.008 0.636 f20 20 0.0
1.75 0.008 0.636 ne19 19 0.0
1.75 0.008 0.636 ne20 20 -8.6263753e-07
1.75 0.008 0.636 ne21 21 1.3961198e-08
1.75 0.008 0.636 ne22 22 9.9007113e-05
1.75 0.008 0.636 ne23 23 0.0
1.75 0.008 0.636 na21 21 0.0
1.75 0.008 0.636 na22 22 1.2373438e-28
1.75 0.008 0.636 na23 23 4.9941164e-06
1.75 0.008 0.636 na24 24 0.0
1.75 0.008 0.636 mg23 23 0.0
1.75 0.008 0.636 mg24 24 4.4048647e-08
1.75 0.008 0.636 mg25 25 -6.4668711e-08
1.75 0.008 0.636 mg26 26 1.3194949e-07
1.75 0.008 0.636 mg27 27 0.0
1.75 0.008 0.636 al25 25 0.0
1.75 0.008 0.636 al-6 26 7.4060381e-08
1.75 0.008 0.636 al*6 26 0.0
1.75 0.008 0.636 al27 27 4.2197098e-07
1.75 0.008 0.636 al28 28 0.0
1.75 0.008 0.636 si27 27 0.0
1.75 0.008 0.636 si28 28 7.2759576e-09
1.75 0.008 0.636 si29 29 7.5069693e-09
1.75 0.008 0.636 si30 30 2.2397217e-08
1.75 0.008 0.636 si31 31 0.0
1.75 0.008 0.636 si32 32 1.5130316000000002e-17
1.75 0.008 0.636 si33 33 0.0
1.75 0.008 0.636 p29 29 0.0
1.75 0.008 0.636 p30 30 0.0
1.75 0.008 0.636 p31 31 3.0693172e-09
1.75 0.008 0.636 p32 32 3.8624795e-21
1.75 0.008 0.636 p33 33 0.0
1.75 0.008 0.636 p34 34 0.0
1.75 0.008 0.636 s32 32 -2.4447218e-08
1.75 0.008 0.636 s33 33 7.9943447e-09
1.75 0.008 0.636 s34 34 6.184564e-10
1.75 0.008 0.636 s35 35 9.8563147e-10
1.75 0.008 0.636 fe54 54 -6.6705979e-08
1.75 0.008 0.636 fe55 55 4.7030976e-08
1.75 0.008 0.636 fe56 56 -2.6402995e-07
1.75 0.008 0.636 fe57 57 2.086017e-07
1.75 0.008 0.636 fe58 58 8.1607027e-08
1.75 0.008 0.636 fe59 59 0.0
1.75 0.008 0.636 fe60 60 1.5359819e-11
1.75 0.008 0.636 fe61 61 0.0
1.75 0.008 0.636 co59 59 2.9851435e-08
1.75 0.008 0.636 co60 60 5.3977644e-17
1.75 0.008 0.636 co61 61 0.0
1.75 0.008 0.636 ni58 58 -4.424146e-08
1.75 0.008 0.636 ni59 59 5.3238112e-09
1.75 0.008 0.636 ni60 60 -1.3114914e-09
1.75 0.008 0.636 ni61 61 8.9589003e-07
1.75 0.008 0.636 ni62 62 -8.928572e-07
1.9 0.008 0.64 g 1 1.6892054e-08
1.9 0.008 0.64 n 1 0.0
1.9 0.008 0.64 p 1 -0.030868232
1.9 0.008 0.64 d 2 6.574278099999999e-18
1.9 0.008 0.64 he3 3 0.00032561016
1.9 0.008 0.64 he4 4 0.025090873
1.9 0.008 0.64 li7 7 -9.3291497e-10
1.9 0.008 0.64 be7 7 7.7470729e-12
1.9 0.008 0.64 b8 8 5.3999667e-27
1.9 0.008 0.64 c12 12 0.0045377011
1.9 0.008 0.64 c13 13 2.5139703e-05
1.9 0.008 0.64 c14 14 6.3915634e-10
1.9 0.008 0.64 n13 13 0.0
1.9 0.008 0.64 n14 14 0.00063371874
1.9 0.008 0.64 n15 15 -1.143811e-06
1.9 0.008 0.64 o14 14 0.0
1.9 0.008 0.64 o15 15 0.0
1.9 0.008 0.64 o16 16 4.8939604e-05
1.9 0.008 0.64 o17 17 1.4335872e-05
1.9 0.008 0.64 o18 18 -3.0903857e-06
1.9 0.008 0.64 o19 19 0.0
1.9 0.008 0.64 f17 17 0.0
1.9 0.008 0.64 f18 18 0.0
1.9 0.008 0.64 f19 19 3.1155611e-07
1.9 0.008 0.64 f20 20 0.0
1.9 0.008 0.64 ne19 19 0.0
1.9 0.008 0.64 ne20 20 -1.1922093e-06
1.9 0.008 0.64 ne21 21 3.9335646e-11
1.9 0.008 0.64 ne22 22 0.00018947535
1.9 0.008 0.64 ne23 23 0.0
1.9 0.008 0.64 na21 21 0.0
1.9 0.008 0.64 na22 22 2.3174031000000002e-26
1.9 0.008 0.64 na23 23 7.3518604e-06
1.9 0.008 0.64 na24 24 0.0
1.9 0.008 0.64 mg23 23 0.0
1.9 0.008 0.64 mg24 24 5.7072612e-08
1.9 0.008 0.64 mg25 25 1.5300611e-07
1.9 0.008 0.64 mg26 26 3.5240373e-07
1.9 0.008 0.64 mg27 27 0.0
1.9 0.008 0.64 al25 25 0.0
1.9 0.008 0.64 al-6 26 9.3932684e-08
1.9 0.008 0.64 al*6 26 0.0
1.9 0.008 0.64 al27 27 7.1069553e-07
1.9 0.008 0.64 al28 28 0.0
1.9 0.008 0.64 si27 27 0.0
1.9 0.008 0.64 si28 28 8.3236955e-09
1.9 0.008 0.64 si29 29 1.6460035e-08
1.9 0.008 0.64 si30 30 4.4849912e-08
1.9 0.008 0.64 si31 31 0.0
1.9 0.008 0.64 si32 32 4.907832e-17
1.9 0.008 0.64 si33 33 0.0
1.9 0.008 0.64 p29 29 0.0
1.9 0.008 0.64 p30 30 0.0
1.9 0.008 0.64 p31 31 5.7616489e-09
1.9 0.008 0.64 p32 32 1.2528759e-20
1.9 0.008 0.64 p33 33 0.0
1.9 0.008 0.64 p34 34 0.0
1.9 0.008 0.64 s32 32 -5.0989911e-08
1.9 0.008 0.64 s33 33 1.5736646e-08
1.9 0.008 0.64 s34 34 2.6921043e-10
1.9 0.008 0.64 s35 35 1.9800888e-09
1.9 0.008 0.64 fe54 54 -1.2883174e-07
1.9 0.008 0.64 fe55 55 8.7975948e-08
1.9 0.008 0.64 fe56 56 -5.3609256e-07
1.9 0.008 0.64 fe57 57 4.1461044e-07
1.9 0.008 0.64 fe58 58 1.6895376e-07
1.9 0.008 0.64 fe59 59 0.0
1.9 0.008 0.64 fe60 60 6.154393e-11
1.9 0.008 0.64 fe61 61 0.0
1.9 0.008 0.64 co59 59 5.695199e-08
1.9 0.008 0.64 co60 60 2.1627893e-16
1.9 0.008 0.64 co61 61 0.0
1.9 0.008 0.64 ni58 58 -8.6607542e-08
1.9 0.008 0.64 ni59 59 1.0554803e-08
1.9 0.008 0.64 ni60 60 -1.035005e-09
1.9 0.008 0.64 ni61 61 1.0411203e-06
1.9 0.008 0.64 ni62 62 -1.0228433e-06
2.1 0.008 0.644 g 1 2.3267088e-08
2.1 0.008 0.644 n 1 0.0
2.1 0.008 0.644 p 1 -0.047854424
2.1 0.008 0.644 d 2 8.4972145e-18
2.1 0.008 0.644 he3 3 0.00031235148
2.1 0.008 0.644 he4 4 0.036729574
2.1 0.008 0.644 li7 7 -1.1785444e-09
2.1 0.008 0.644 be7 7 4.9264078e-12
2.1 0.008 0.644 b8 8 6.5738999e-27
2.1 0.008 0.644 c12 12 0.0094342409
2.1 0.008 0.644 c13 13 2.7451286e-05
2.1 0.008 0.644 c14 14 2.3232559e-08
2.1 0.008 0.644 n13 13 0.0
2.1 0.008 0.644 n14 14 0.00077637774
2.1 0.008 0.644 n15 15 -1.345685e-06
2.1 0.008 0.644 o14 14 0.0
2.1 0.008 0.644 o15 15 0.0
2.1 0.008 0.644 o16 16 2.6745722e-05
2.1 0.008 0.644 o17 17 2.0931899e-05
2.1 0.008 0.644 o18 18 -3.823262e-06
2.1 0.008 0.644 o19 19 0.0
2.1 0.008 0.644 f17 17 0.0
2.1 0.008 0.644 f18 18 0.0
2.1 0.008 0.644 f19 19 9.3588426e-07
2.1 0.008 0.644 f20 20 0.0
2.1 0.008 0.644 ne19 19 0.0
2.1 0.008 0.644 ne20 20 -8.0815516e-07
2.1 0.008 0.644 ne21 21 5.2644054e-08
2.1 0.008 0.644 ne22 22 0.00051393418
2.1 0.008 0.644 ne23 23 0.0
2.1 0.008 0.644 na21 21 0.0
2.1 0.008 0.644 na22 22 3.4175547000000005e-26
2.1 0.008 0.644 na23 23 1.316459e-05
2.1 0.008 0.644 na24 24 0.0
2.1 0.008 0.644 mg23 23 0.0
2.1 0.008 0.644 mg24 24 1.8655555e-07
2.1 0.008 0.644 mg25 25 1.243614e-06
2.1 0.008 0.644 mg26 26 1.6083468e-06
2.1 0.008 0.644 mg27 27 0.0
2.1 0.008 0.644 al25 25 0.0
2.1 0.008 0.644 al-6 26 1.1273255e-07
2.1 0.008 0.644 al*6 26 0.0
2.1 0.008 0.644 al27 27 1.3354875e-06
2.1 0.008 0.644 al28 28 0.0
2.1 0.008 0.644 si27 27 0.0
2.1 0.008 0.644 si28 28 8.8475645e-09
2.1 0.008 0.644 si29 29 5.1421011e-08
2.1 0.008 0.644 si30 30 1.2569035e-07
2.1 0.008 0.644 si31 31 0.0
2.1 0.008 0.644 si32 32 2.663499e-14
2.1 0.008 0.644 si33 33 0.0
2.1 0.008 0.644 p29 29 0.0
2.1 0.008 0.644 p30 30 0.0
2.1 0.008 0.644 p31 31 1.5015758e-08
2.1 0.008 0.644 p32 32 6.799404399999999e-18
2.1 0.008 0.644 p33 33 0.0
2.1 0.008 0.644 p34 34 0.0
2.1 0.008 0.644 s32 32 -1.3996032e-07
2.1 0.008 0.644 s33 33 3.9352358e-08
2.1 0.008 0.644 s34 34 1.4479156e-09
2.1 0.008 0.644 s35 35 5.4689178e-09
2.1 0.008 0.644 fe54 54 -3.2752723e-07
2.1 0.008 0.644 fe55 55 2.0565147e-07
2.1 0.008 0.644 fe56 56 -1.4615362e-06
2.1 0.008 0.644 fe57 57 1.0828389e-06
2.1 0.008 0.644 fe58 58 5.113543e-07
2.1 0.008 0.644 fe59 59 0.0
2.1 0.008 0.644 fe60 60 5.41718e-10
2.1 0.008 0.644 fe61 61 0.0
2.1 0.008 0.644 co59 59 1.4324769e-07
2.1 0.008 0.644 co60 60 1.9037133e-15
2.1 0.008 0.644 co61 61 0.0
2.1 0.008 0.644 ni58 58 -2.2419954e-07
2.1 0.008 0.644 ni59 59 2.7307369e-08
2.1 0.008 0.644 ni60 60 7.4869604e-09
2.1 0.008 0.644 ni61 61 1.44206e-06
2.1 0.008 0.644 ni62 62 -1.3671042e-06
2.25 0.008 0.652 g 1 2.96493e-08
2.25 0.008 0.652 n 1 0.0
2.25 0.008 0.652 p 1 -0.064932346
2.25 0.008 0.652 d 2 9.9394204e-18
2.25 0.008 0.652 he3 3 0.00029069028
2.25 0.008 0.652 he4 4 0.048882782
2.25 0.008 0.652 li7 7 -1.2246315e-09
2.25 0.008 0.652 be7 7 8.3094332e-14
2.25 0.008 0.652 b8 8 1.2064626e-27
2.25 0.008 0.652 c12 12 0.013864916
2.25 0.008 0.652 c13 13 2.7939403e-05
2.25 0.008 0.652 c14 14 4.5104991e-09
2.25 0.008 0.652 n13 13 0.0
2.25 0.008 0.652 n14 14 0.00085170323
2.25 0.008 0.652 n15 15 -1.4447069e-06
2.25 0.008 0.652 o14 14 0.0
2.25 0.008 0.652 o15 15 0.0
2.25 0.008 0.652 o16 16 1.8299557e-05
2.25 0.008 0.652 o17 17 2.3196577e-05
2.25 0.008 0.652 o18 18 -4.2611873e-06
2.25 0.008 0.652 o19 19 0.0
2.25 0.008 0.652 f17 17 0.0
2.25 0.008 0.652 f18 18 0.0
2.25 0.008 0.652 f19 19 1.8743947e-06
2.25 0.008 0.652 f20 20 0.0
2.25 0.008 0.652 ne19 19 0.0
2.25 0.008 0.652 ne20 20 1.435983e-06
2.25 0.008 0.652 ne21 21 1.6160948e-07
2.25 0.008 0.652 ne22 22 0.00094556098
2.25 0.008 0.652 ne23 23 0.0
2.25 0.008 0.652 na21 21 0.0
2.25 0.008 0.652 na22 22 2.8029095999999998e-25
2.25 0.008 0.652 na23 23 1.9706646e-05
2.25 0.008 0.652 na24 24 0.0
2.25 0.008 0.652 mg23 23 0.0
2.25 0.008 0.652 mg24 24 4.4578337e-07
2.25 0.008 0.652 mg25 25 3.2686949e-06
2.25 0.008 0.652 mg26 26 3.7479658e-06
2.25 0.008 0.652 mg27 27 0.0
2.25 0.008 0.652 al25 25 0.0
2.25 0.008 0.652 al-6 26 1.1395396e-07
2.25 0.008 0.652 al*6 26 0.0
2.25 0.008 0.652 al27 27 1.944878e-06
2.25 0.008 0.652 al28 28 0.0
2.25 0.008 0.652 si27 27 0.0
2.25 0.008 0.652 si28 28 3.7543941e-09
2.25 0.008 0.652 si29 29 1.0037729e-07
2.25 0.008 0.652 si30 30 2.3302619e-07
2.25 0.008 0.652 si31 31 0.0
2.25 0.008 0.652 si32 32 9.1365484e-16
2.25 0.008 0.652 si33 33 0.0
2.25 0.008 0.652 p29 29 0.0
2.25 0.008 0.652 p30 30 0.0
2.25 0.008 0.652 p31 31 2.6550879e-08
2.25 0.008 0.652 p32 32 2.3323857e-19
2.25 0.008 0.652 p33 33 0.0
2.25 0.008 0.652 p34 34 0.0
2.25 0.008 0.652 s32 32 -2.5334884e-07
2.25 0.008 0.652 s33 33 6.7170049e-08
2.25 0.008 0.652 s34 34 4.1763997e-09
2.25 0.008 0.652 s35 35 1.0008661e-08
2.25 0.008 0.652 fe54 54 -5.6453428e-07
2.25 0.008 0.652 fe55 55 3.3481859e-07
2.25 0.008 0.652 fe56 56 -2.6439084e-06
2.25 0.008 0.652 fe57 57 1.8985738e-06
2.25 0.008 0.652 fe58 58 9.8804276e-07
2.25 0.008 0.652 fe59 59 0.0
2.25 0.008 0.652 fe60 60 1.7673325e-09
2.25 0.008 0.652 fe61 61 0.0
2.25 0.008 0.652 co59 59 2.6299494e-07
2.25 0.008 0.652 co60 60 6.2108233e-15
2.25 0.008 0.652 co61 61 0.0
2.25 0.008 0.652 ni58 58 -3.9097358e-07
2.25 0.008 0.652 ni59 59 3.3515285e-08
2.25 0.008 0.652 ni60 60 2.4522706e-08
2.25 0.008 0.652 ni61 61 1.8405636e-06
2.25 0.008 0.652 ni62 62 -1.688229e-06
2.5 0.008 0.663 g 1 3.9615745e-08
2.5 0.008 0.663 n 1 0.0
2.5 0.008 0.663 p 1 -0.095634818
2.5 0.008 0.663 d 2 1.1278818000000001e-17
2.5 0.008 0.663 he3 3 0.00026845446
2.5 0.008 0.663 he4 4 0.072467685
2.5 0.008 0.663 li7 7 -1.6736913e-09
2.5 0.008 0.663 be7 7 2.5979439e-14
2.5 0.008 0.663 b8 8 3.5580063e-28
2.5 0.008 0.663 c12 12 0.020215765
2.5 0.008 0.663 c13 13 3.062237e-05
2.5 0.008 0.663 c14 14 5.5041958e-09
2.5 0.008 0.663 n13 13 0.0
2.5 0.008 0.663 n14 14 0.0010906321
2.5 0.008 0.663 n15 15 -1.715222e-06
2.5 0.008 0.663 o14 14 0.0
2.5 0.008 0.663 o15 15 0.0
2.5 0.008 0.663 o16 16 -0.00022483757
2.5 0.008 0.663 o17 17 2.170136e-05
2.5 0.008 0.663 o18 18 -5.2535315e-06
2.5 0.008 0.663 o19 19 0.0
2.5 0.008 0.663 f17 17 0.0
2.5 0.008 0.663 f18 18 0.0
2.5 0.008 0.663 f19 19 3.7148011e-06
2.5 0.008 0.663 f20 20 0.0
2.5 0.008 0.663 ne19 19 0.0
2.5 0.008 0.663 ne20 20 8.492847e-06
2.5 0.008 0.663 ne21 21 5.674874e-07
2.5 0.008 0.663 ne22 22 0.0017005987
2.5 0.008 0.663 ne23 23 0.0
2.5 0.008 0.663 na21 21 0.0
2.5 0.008 0.663 na22 22 1.4527988e-22
2.5 0.008 0.663 na23 23 3.2528063e-05
2.5 0.008 0.663 na24 24 0.0
2.5 0.008 0.663 mg23 23 0.0
2.5 0.008 0.663 mg24 24 8.8929664e-07
2.5 0.008 0.663 mg25 25 1.0420172e-05
2.5 0.008 0.663 mg26 26 1.1076427e-05
2.5 0.008 0.663 mg27 27 0.0
2.5 0.008 0.663 al25 25 0.0
2.5 0.008 0.663 al-6 26 9.8696766e-08
2.5 0.008 0.663 al*6 26 0.0
2.5 0.008 0.663 al27 27 2.9115363e-06
2.5 0.008 0.663 al28 28 0.0
2.5 0.008 0.663 si27 27 0.0
2.5 0.008 0.663 si28 28 -5.9895683e-08
2.5 0.008 0.663 si29 29 2.3961002e-07
2.5 0.008 0.663 si30 30 5.3778786e-07
2.5 0.008 0.663 si31 31 0.0
2.5 0.008 0.663 si32 32 3.2247451e-15
2.5 0.008 0.663 si33 33 0.0
2.5 0.008 0.663 p29 29 0.0
2.5 0.008 0.663 p30 30 0.0
2.5 0.008 0.663 p31 31 5.6161753e-08
2.5 0.008 0.663 p32 32 8.2321594e-19
2.5 0.008 0.663 p33 33 0.0
2.5 0.008 0.663 p34 34 0.0
2.5 0.008 0.663 s32 32 -5.7564466e-07
2.5 0.008 0.663 s33 33 1.2054238e-07
2.5 0.008 0.663 s34 34 3.6234269e-09
2.5 0.008 0.663 s35 35 2.2164398e-08
2.5 0.008 0.663 fe54 54 -1.086697e-06
2.5 0.008 0.663 fe55 55 5.4607563e-07
2.5 0.008 0.663 fe56 56 -5.731883e-06
2.5 0.008 0.663 fe57 57 3.6705333e-06
2.5 0.008 0.663 fe58 58 2.4578935e-06
2.5 0.008 0.663 fe59 59 0.0
2.5 0.008 0.663 fe60 60 1.3539577e-08
2.5 0.008 0.663 fe61 61 0.0
2.5 0.008 0.663 co59 59 5.5753208e-07
2.5 0.008 0.663 co60 60 4.7581154e-14
2.5 0.008 0.663 co61 61 0.0
2.5 0.008 0.663 ni58 58 -7.6984361e-07
2.5 0.008 0.663 ni59 59 4.3903441e-08
2.5 0.008 0.663 ni60 60 1.0223812e-07
2.5 0.008 0.663 ni61 61 2.4181861e-06
2.5 0.008 0.663 ni62 62 -2.0283051e-06
3.0 0.008 0.694 g 1 1.0880305e-07
3.0 0.008 0.694 n 1 0.0
3.0 0.008 0.694 p 1 -0.16573238
3.0 0.008 0.694 d 2 1.4932501e-17
3.0 0.008 0.694 he3 3 0.00024534322
3.0 0.008 0.694 he4 4 0.1232897
3.0 0.008 0.694 li7 7 -4.1197179e-09
3.0 0.008 0.694 be7 7 4.3910828e-14
3.0 0.008 0.694 b8 8 3.5028999999999997e-29
3.0 0.008 0.694 c12 12 0.036778379
3.0 0.008 0.694 c13 13 3.9065497e-05
3.0 0.008 0.694 c14 14 3.9693589e-08
3.0 0.008 0.694 n13 13 0.0
3.0 0.008 0.694 n14 14 0.0014471797
3.0 0.008 0.694 n15 15 -2.3469963e-06
3.0 0.008 0.694 o14 14 0.0
3.0 0.008 0.694 o15 15 0.0
3.0 0.008 0.694 o16 16 -0.00059416331
3.0 0.008 0.694 o17 17 2.0828233e-05
3.0 0.008 0.694 o18 18 -7.3598303e-06
3.0 0.008 0.694 o19 19 0.0
3.0 0.008 0.694 f17 17 0.0
3.0 0.008 0.694 f18 18 0.0
3.0 0.008 0.694 f19 19 1.1480713e-05
3.0 0.008 0.694 f20 20 0.0
3.0 0.008 0.694 ne19 19 0.0
3.0 0.008 0.694 ne20 20 4.6677073e-05
3.0 0.008 0.694 ne21 21 2.963591e-06
3.0 0.008 0.694 ne22 22 0.0042289603
3.0 0.008 0.694 ne23 23 0.0
3.0 0.008 0.694 na21 21 0.0
3.0 0.008 0.694 na22 22 9.9178723e-22
3.0 0.008 0.694 na23 23 7.3897449e-05
3.0 0.008 0.694 na24 24 0.0
3.0 0.008 0.694 mg23 23 0.0
3.0 0.008 0.694 mg24 24 2.0216394e-06
3.0 0.008 0.694 mg25 25 6.7803892e-05
3.0 0.008 0.694 mg26 26 7.3233401e-05
3.0 0.008 0.694 mg27 27 0.0
3.0 0.008 0.694 al25 25 0.0
3.0 0.008 0.694 al-6 26 8.6087027e-08
3.0 0.008 0.694 al*6 26 0.0
3.0 0.008 0.694 al27 27 6.5406894e-06
3.0 0.008 0.694 al28 28 0.0
3.0 0.008 0.694 si27 27 0.0
3.0 0.008 0.694 si28 28 -3.3795368e-07
3.0 0.008 0.694 si29 29 1.1091652e-06
3.0 0.008 0.694 si30 30 2.5348945e-06
3.0 0.008 0.694 si31 31 0.0
3.0 0.008 0.694 si32 32 4.6323622e-14
3.0 0.008 0.694 si33 33 0.0
3.0 0.008 0.694 p29 29 0.0
3.0 0.008 0.694 p30 30 0.0
3.0 0.008 0.694 p31 31 2.7078886e-07
3.0 0.008 0.694 p32 32 1.1825533e-17
3.0 0.008 0.694 p33 33 0.0
3.0 0.008 0.694 p34 34 0.0
3.0 0.008 0.694 s32 32 -2.4479814e-06
3.0 0.008 0.694 s33 33 2.7800274e-07
3.0 0.008 0.694 s34 34 2.9322109e-08
3.0 0.008 0.694 s35 35 9.7024987e-08
3.0 0.008 0.694 fe54 54 -3.2432508e-06
3.0 0.008 0.694 fe55 55 9.7271163e-07
3.0 0.008 0.694 fe56 56 -2.2440334e-05
3.0 0.008 0.694 fe57 57 9.9654499e-06
3.0 0.008 0.694 fe58 58 1.2054635e-05
3.0 0.008 0.694 fe59 59 5.2123931e-39
3.0 0.008 0.694 fe60 60 3.4270491e-07
3.0 0.008 0.694 fe61 61 0.0
3.0 0.008 0.694 co59 59 2.5206687e-06
3.0 0.008 0.694 co60 60 1.2043522e-12
3.0 0.008 0.694 co61 61 0.0
3.0 0.008 0.694 ni58 58 -2.3565008e-06
3.0 0.008 0.694 ni59 59 5.1737711e-08
3.0 0.008 0.694 ni60 60 7.2361763e-07
3.0 0.008 0.694 ni61 61 4.9652667e-06
3.0 0.008 0.694 ni62 62 -2.5608547e-06
3.5 0.008 0.766 g 1 2.6396486e-07
3.5 0.008 0.766 n 1 0.0
3.5 0.008 0.766 p 1 -0.11129963
3.5 0.008 0.766 d 2 1.7392071e-17
3.5 0.008 0.766 he3 3 0.00023597004
3.5 0.008 0.766 he4 4 0.082642198
3.5 0.008 0.766 li7 7 -2.2122584e-09
3.5 0.008 0.766 be7 7 3.3246551e-11
3.5 0.008 0.766 b8 8 5.0028715e-27
3.5 0.008 0.766 c12 12 0.025006754
3.5 0.008 0.766 c13 13 5.7009329e-05
3.5 0.008 0.766 c14 14 1.0874127e-08
3.5 0.008 0.766 n13 13 0.0
3.5 0.008 0.766 n14 14 0.0018133465
3.5 0.008 0.766 n15 15 -2.9364151e-06
3.5 0.008 0.766 o14 14 0.0
3.5 0.008 0.766 o15 15 0.0
3.5 0.008 0.766 o16 16 -0.00055153016
3.5 0.008 0.766 o17 17 2.3104407e-05
3.5 0.008 0.766 o18 18 -8.2650186e-06
3.5 0.008 0.766 o19 19 0.0
3.5 0.008 0.766 f17 17 0.0
3.5 0.008 0.766 f18 18 0.0
3.5 0.008 0.766 f19 19 6.0268967e-06
3.5 0.008 0.766 f20 20 0.0
3.5 0.008 0.766 ne19 19 0.0
3.5 0.008 0.766 ne20 20 1.3636891e-05
3.5 0.008 0.766 ne21 21 3.6369706e-06
3.5 0.008 0.766 ne22 22 0.0018109509
3.5 0.008 0.766 ne23 23 0.0
3.5 0.008 0.766 na21 21 0.0
3.5 0.008 0.766 na22 22 6.3125885e-17
3.5 0.008 0.766 na23 23 3.2963366e-05
3.5 0.008 0.766 na24 24 0.0
3.5 0.008 0.766 mg23 23 0.0
3.5 0.008 0.766 mg24 24 -1.7377839e-05
3.5 0.008 0.766 mg25 25 9.0770904e-05
3.5 0.008 0.766 mg26 26 0.00012616566
3.5 0.008 0.766 mg27 27 0.0
3.5 0.008 0.766 al25 25 0.0
3.5 0.008 0.766 al-6 26 1.7450091e-07
3.5 0.008 0.766 al*6 26 0.0
3.5 0.008 0.766 al27 27 1.1768367e-05
3.5 0.008 0.766 al28 28 0.0
3.5 0.008 0.766 si27 27 0.0
3.5 0.008 0.766 si28 28 1.7767306e-06
3.5 0.008 0.766 si29 29 1.5975347e-06
3.5 0.008 0.766 si30 30 3.6866859e-06
3.5 0.008 0.766 si31 31 0.0
3.5 0.008 0.766 si32 32 6.716067e-13
3.5 0.008 0.766 si33 33 0.0
3.5 0.008 0.766 p29 29 0.0
3.5 0.008 0.766 p30 30 0.0
3.5 0.008 0.766 p31 31 4.8571655e-07
3.5 0.008 0.766 p32 32 1.7144840000000002e-16
3.5 0.008 0.766 p33 33 7.7888485e-32
3.5 0.008 0.766 p34 34 0.0
3.5 0.008 0.766 s32 32 -3.2182725e-06
3.5 0.008 0.766 s33 33 1.6736954e-07
3.5 0.008 0.766 s34 34 3.950845e-08
3.5 0.008 0.766 s35 35 1.3691152e-07
3.5 0.008 0.766 fe54 54 -2.7271963e-06
3.5 0.008 0.766 fe55 55 3.8160763e-07
3.5 0.008 0.766 fe56 56 -2.5737565e-05
3.5 0.008 0.766 fe57 57 6.0917264e-06
3.5 0.008 0.766 fe58 58 1.4133624e-05
3.5 0.008 0.766 fe59 59 7.3949867e-35
3.5 0.008 0.766 fe60 60 2.0948862e-06
3.5 0.008 0.766 fe61 61 0.0
3.5 0.008 0.766 co59 59 3.9145712e-06
3.5 0.008 0.766 co60 60 7.352707e-12
3.5 0.008 0.766 co61 61 0.0
3.5 0.008 0.766 ni58 58 -1.9678955e-06
3.5 0.008 0.766 ni59 59 1.6288171e-08
3.5 0.008 0.766 ni60 60 9.2286064e-07
3.5 0.008 0.766 ni61 61 7.2533662e-06
3.5 0.008 0.766 ni62 62 -3.0365813e-06
4.0 0.008 0.836 g 1 3.5893129e-07
4.0 0.008 0.836 n 1 0.0
4.0 0.008 0.836 p 1 -0.090166569
4.0 0.008 0.836 d 2 1.9482118e-17
4.0 0.008 0.836 he3 3 0.00019250944
4.0 0.008 0.836 he4 4 0.069035053
4.0 0.008 0.836 li7 7 3.8038298e-08
4.0 0.008 0.836 be7 7 4.1703845e-09
4.0 0.008 0.836 b8 8 1.5877569e-24
4.0 0.008 0.836 c12 12 0.017449889
4.0 0.008 0.836 c13 13 0.00067651109
4.0 0.008 0.836 c14 14 1.022575e-08
4.0 0.008 0.836 n13 13 0.0
4.0 0.008 0.836 n14 14 0.0020889291
4.0 0.008 0.836 n15 15 -5.343094e-06
4.0 0.008 0.836 o14 14 0.0
4.0 0.008 0.836 o15 15 0.0
4.0 0.008 0.836 o16 16 -0.00042596739
4.0 0.008 0.836 o17 17 2.1870805e-05
4.0 0.008 0.836 o18 18 -1.3403104e-05
4.0 0.008 0.836 o19 19 0.0
4.0 0.008 0.836 f17 17 0.0
4.0 0.008 0.836 f18 18 0.0
4.0 0.008 0.836 f19 19 2.9815553e-06
4.0 0.008 0.836 f20 20 0.0
4.0 0.008 0.836 ne19 19 0.0
4.0 0.008 0.836 ne20 20 2.9779039e-06
4.0 0.008 0.836 ne21 21 2.5234322e-06
4.0 0.008 0.836 ne22 22 0.00090905832
4.0 0.008 0.836 ne23 23 0.0
4.0 0.008 0.836 na21 21 0.0
4.0 0.008 0.836 na22 22 9.4676837e-14
4.0 0.008 0.836 na23 23 2.5254758e-05
4.0 0.008 0.836 na24 24 0.0
4.0 0.008 0.836 mg23 23 0.0
4.0 0.008 0.836 mg24 24 -1.5043654e-05
4.0 0.008 0.836 mg25 25 7.6202719e-05
4.0 0.008 0.836 mg26 26 0.00011804677
4.0 0.008 0.836 mg27 27 0.0
4.0 0.008 0.836 al25 25 0.0
4.0 0.008 0.836 al-6 26 1.4425403e-07
4.0 0.008 0.836 al*6 26 0.0
4.0 0.008 0.836 al27 27 1.3448727e-05
4.0 0.008 0.836 al28 28 0.0
4.0 0.008 0.836 si27 27 0.0
4.0 0.008 0.836 si28 28 6.2856125e-06
4.0 0.008 0.836 si29 29 1.8325918e-06
4.0 0.008 0.836 si30 30 3.7016507e-06
4.0 0.008 0.836 si31 31 0.0
4.0 0.008 0.836 si32 32 3.318546e-12
4.0 0.008 0.836 si33 33 0.0
4.0 0.008 0.836 p29 29 0.0
4.0 0.008 0.836 p30 30 0.0
4.0 0.008 0.836 p31 31 5.7575926e-07
4.0 0.008 0.836 p32 32 8.471613800000001e-16
4.0 0.008 0.836 p33 33 1.9172334e-27
4.0 0.008 0.836 p34 34 0.0
4.0 0.008 0.836 s32 32 -2.9531657e-06
4.0 0.008 0.836 s33 33 9.9915269e-08
4.0 0.008 0.836 s34 34 3.2305252e-08
4.0 0.008 0.836 s35 35 1.3260372e-07
4.0 0.008 0.836 fe54 54 -2.0201405e-06
4.0 0.008 0.836 fe55 55 1.6368982e-07
4.0 0.008 0.836 fe56 56 -2.1803193e-05
4.0 0.008 0.836 fe57 57 3.3786237e-06
4.0 0.008 0.836 fe58 58 1.1038999e-05
4.0 0.008 0.836 fe59 59 -1.6218487e-28
4.0 0.008 0.836 fe60 60 2.8222275e-06
4.0 0.008 0.836 fe61 61 0.0
4.0 0.008 0.836 co59 59 3.5112716e-06
4.0 0.008 0.836 co60 60 9.3355827e-12
4.0 0.008 0.836 co61 61 0.0
4.0 0.008 0.836 ni58 58 -1.4370671e-06
4.0 0.008 0.836 ni59 59 1.3330633e-08
4.0 0.008 0.836 ni60 60 8.8223169e-07
4.0 0.008 0.836 ni61 61 8.1834514e-06
4.0 0.008 0.836 ni62 62 -3.5143821e-06
4.5 0.008 0.861 g 1 1.2486012e-06
4.5 0.008 0.861 n 1 0.0
4.5 0.008 0.861 p 1 -0.19856167
4.5 0.008 0.861 d 2 2.0212233000000002e-17
4.5 0.008 0.861 he3 3 7.1407503e-06
4.5 0.008 0.861 he4 4 0.1579712
4.5 0.008 0.861 li7 7 -1.7368045e-09
4.5 0.008 0.861 be7 7 7.9647631e-09
4.5 0.008 0.861 b8 8 1.6235207e-24
4.5 0.008 0.861 c12 12 0.0020399364
4.5 0.008 0.861 c13 13 0.00074295688
4.5 0.008 0.861 c14 14 1.2124362e-08
4.5 0.008 0.861 n13 13 0.0
4.5 0.008 0.861 n14 14 0.036599312
4.5 0.008 0.861 n15 15 -5.6486351e-06
4.5 0.008 0.861 o14 14 0.0
4.5 0.008 0.861 o15 15 0.0
4.5 0.008 0.861 o16 16 -0.001118334
4.5 0.008 0.861 o17 17 1.7750555e-05
4.5 0.008 0.861 o18 18 -3.1321651e-05
4.5 0.008 0.861 o19 19 0.0
4.5 0.008 0.861 f17 17 0.0
4.5 0.008 0.861 f18 18 0.0
4.5 0.008 0.861 f19 19 1.6808134e-06
4.5 0.008 0.861 f20 20 0.0
4.5 0.008 0.861 ne19 19 0.0
4.5 0.008 0.861 ne20 20 1.2300676e-05
4.5 0.008 0.861 ne21 21 -4.2223019e-06
4.5 0.008 0.861 ne22 22 0.0016817295
4.5 0.008 0.861 ne23 23 0.0
4.5 0.008 0.861 na21 21 0.0
4.5 0.008 0.861 na22 22 3.1227132e-11
4.5 0.008 0.861 na23 23 4.4888529e-05
4.5 0.008 0.861 na24 24 0.0
4.5 0.008 0.861 mg23 23 0.0
4.5 0.008 0.861 mg24 24 -2.3352273e-05
4.5 0.008 0.861 mg25 25 0.00020126495
4.5 0.008 0.861 mg26 26 0.0003716448
4.5 0.008 0.861 mg27 27 0.0
4.5 0.008 0.861 al25 25 0.0
4.5 0.008 0.861 al-6 26 1.3021377e-06
4.5 0.008 0.861 al*6 26 0.0
4.5 0.008 0.861 al27 27 2.3057582e-05
4.5 0.008 0.861 al28 28 0.0
4.5 0.008 0.861 si27 27 0.0
4.5 0.008 0.861 si28 28 1.5285739e-05
4.5 0.008 0.861 si29 29 4.5496308e-06
4.5 0.008 0.861 si30 30 9.3790804e-06
4.5 0.008 0.861 si31 31 0.0
4.5 0.008 0.861 si32 32 1.4862346e-11
4.5 0.008 0.861 si33 33 0.0
4.5 0.008 0.861 p29 29 0.0
4.5 0.008 0.861 p30 30 0.0
4.5 0.008 0.861 p31 31 1.8329674e-06
4.5 0.008 0.861 p32 32 3.7940728e-15
4.5 0.008 0.861 p33 33 1.1809086e-24
4.5 0.008 0.861 p34 34 0.0
4.5 0.008 0.861 s32 32 -6.753311e-06
4.5 0.008 0.861 s33 33 1.335784e-07
4.5 0.008 0.861 s34 34 6.5047061e-08
4.5 0.008 0.861 s35 35 3.3185722e-07
4.5 0.008 0.861 fe54 54 -3.5865596e-06
4.5 0.008 0.861 fe55 55 1.5174506e-07
4.5 0.008 0.861 fe56 56 -4.4680783e-05
4.5 0.008 0.861 fe57 57 3.7318823e-06
4.5 0.008 0.861 fe58 58 1.8402949e-05
4.5 0.008 0.861 fe59 59 -5.4376416e-26
4.5 0.008 0.861 fe60 60 8.5165029e-06
4.5 0.008 0.861 fe61 61 0.0
4.5 0.008 0.861 co59 59 6.7884439e-06
4.5 0.008 0.861 co60 60 2.4688852e-11
4.5 0.008 0.861 co61 61 0.0
4.5 0.008 0.861 ni58 58 -2.5232148e-06
4.5 0.008 0.861 ni59 59 4.986894e-09
4.5 0.008 0.861 ni60 60 2.1490341e-06
4.5 0.008 0.861 ni61 61 1.7967035e-05
4.5 0.008 0.861 ni62 62 -4.0413493e-06
5.0 0.008 0.886 g 1 1.9998211e-06
5.0 0.008 0.886 n 1 0.0
5.0 0.008 0.886 p 1 -0.32475162
5.0 0.008 0.886 d 2 1.9783e-17
5.0 0.008 0.886 he3 3 1.987476e-06
5.0 0.008 0.886 he4 4 0.27204108
5.0 0.008 0.886 li7 7 -7.4353985e-09
5.0 0.008 0.886 be7 7 4.2515502e-10
5.0 0.008 0.886 b8 8 1.1655473999999999e-25
5.0 0.008 0.886 c12 12 -0.00091662444
5.0 0.008 0.886 c13 13 0.00065565633
5.0 0.008 0.886 c14 14 1.1804527e-08
5.0 0.008 0.886 n13 13 0.0
5.0 0.008 0.886 n14 14 0.053628232
5.0 0.008 0.886 n15 15 -6.1042419e-06
5.0 0.008 0.886 o14 14 0.0
5.0 0.008 0.886 o15 15 0.0
5.0 0.008 0.886 o16 16 -0.0038091177
5.0 0.008 0.886 o17 17 1.9996402e-05
5.0 0.008 0.886 o18 18 -3.5432909e-05
5.0 0.008 0.886 o19 19 0.0
5.0 0.008 0.886 f17 17 0.0
5.0 0.008 0.886 f18 18 0.0
5.0 0.008 0.886 f19 19 4.0301308e-07
5.0 0.008 0.886 f20 20 0.0
5.0 0.008 0.886 ne19 19 0.0
5.0 0.008 0.886 ne20 20 1.7385697e-05
5.0 0.008 0.886 ne21 21 -5.9199256e-06
5.0 0.008 0.886 ne22 22 0.0021852972
5.0 0.008 0.886 ne23 23 0.0
5.0 0.008 0.886 na21 21 0.0
5.0 0.008 0.886 na22 22 4.3993864e-11
5.0 0.008 0.886 na23 23 6.4443666e-05
5.0 0.008 0.886 na24 24 0.0
5.0 0.008 0.886 mg23 23 0.0
5.0 0.008 0.886 mg24 24 -5.2259827e-05
5.0 0.008 0.886 mg25 25 0.00030860252
5.0 0.008 0.886 mg26 26 0.0005640951
5.0 0.008 0.886 mg27 27 0.0
5.0 0.008 0.886 al25 25 0.0
5.0 0.008 0.886 al-6 26 7.6897923e-06
5.0 0.008 0.886 al*6 26 0.0
5.0 0.008 0.886 al27 27 3.1095995e-05
5.0 0.008 0.886 al28 28 0.0
5.0 0.008 0.886 si27 27 0.0
5.0 0.008 0.886 si28 28 2.9087067e-05
5.0 0.008 0.886 si29 29 7.618979e-06
5.0 0.008 0.886 si30 30 1.4438396e-05
5.0 0.008 0.886 si31 31 0.0
5.0 0.008 0.886 si32 32 1.3916287e-11
5.0 0.008 0.886 si33 33 0.0
5.0 0.008 0.886 p29 29 0.0
5.0 0.008 0.886 p30 30 0.0
5.0 0.008 0.886 p31 31 2.9682833e-06
5.0 0.008 0.886 p32 32 3.5525612e-15
5.0 0.008 0.886 p33 33 5.8118996e-24
5.0 0.008 0.886 p34 34 0.0
5.0 0.008 0.886 s32 32 -9.4834249e-06
5.0 0.008 0.886 s33 33 1.53982e-07
5.0 0.008 0.886 s34 34 1.018343e-07
5.0 0.008 0.886 s35 35 4.8117192e-07
5.0 0.008 0.886 fe54 54 -4.6497007e-06
5.0 0.008 0.886 fe55 55 1.2532765e-07
5.0 0.008 0.886 fe56 56 -6.0902908e-05
5.0 0.008 0.886 fe57 57 3.6819947e-06
5.0 0.008 0.886 fe58 58 2.3286721e-05
5.0 0.008 0.886 fe59 59 -9.8479321e-24
5.0 0.008 0.886 fe60 60 1.2781058e-05
5.0 0.008 0.886 fe61 61 0.0
5.0 0.008 0.886 co59 59 9.1650254e-06
5.0 0.008 0.886 co60 60 2.9696291e-11
5.0 0.008 0.886 co61 61 0.0
5.0 0.008 0.886 ni58 58 -3.2533571e-06
5.0 0.008 0.886 ni59 59 2.3268008e-09
5.0 0.008 0.886 ni60 60 3.2251592e-06
5.0 0.008 0.886 ni61 61 2.5278539e-05
5.0 0.008 0.886 ni62 62 -4.5688598e-06
5.5 0.008 0.907 g 1 1.9043007e-06
5.5 0.008 0.907 n 1 0.0
5.5 0.008 0.907 p 1 -0.3500514
5.5 0.008 0.907 d 2 2.276546e-17
5.5 0.008 0.907 he3 3 2.1519365e-06
5.5 0.008 0.907 he4 4 0.30545032
5.5 0.008 0.907 li7 7 -8.1109572e-09
5.5 0.008 0.907 be7 7 7.2887762e-10
5.5 0.008 0.907 b8 8 3.8932021e-25
5.5 0.008 0.907 c12 12 0.00030437671
5.5 0.008 0.907 c13 13 0.00060118304
5.5 0.008 0.907 c14 14 3.1460532e-09
5.5 0.008 0.907 n13 13 0.0
5.5 0.008 0.907 n14 14 0.045969594
5.5 0.008 0.907 n15 15 -7.0132437e-06
5.5 0.008 0.907 o14 14 0.0
5.5 0.008 0.907 o15 15 0.0
5.5 0.008 0.907 o16 16 -0.0044645304
5.5 0.008 0.907 o17 17 2.5256122e-05
5.5 0.008 0.907 o18 18 -3.9529801e-05
5.5 0.008 0.907 o19 19 0.0
5.5 0.008 0.907 f17 17 0.0
5.5 0.008 0.907 f18 18 0.0
5.5 0.008 0.907 f19 19 1.0590907e-07
5.5 0.008 0.907 f20 20 0.0
5.5 0.008 0.907 ne19 19 0.0
5.5 0.008 0.907 ne20 20 6.3218176e-06
5.5 0.008 0.907 ne21 21 -6.3815419e-06
5.5 0.008 0.907 ne22 22 0.0013949646
5.5 0.008 0.907 ne23 23 0.0
5.5 0.008 0.907 na21 21 0.0
5.5 0.008 0.907 na22 22 8.1303596e-11
5.5 0.008 0.907 na23 23 5.5708726e-05
5.5 0.008 0.907 na24 24 2.7947917e-40
5.5 0.008 0.907 mg23 23 0.0
5.5 0.008 0.907 mg24 24 -7.1807299e-05
5.5 0.008 0.907 mg25 25 0.00027480058
5.5 0.008 0.907 mg26 26 0.00048066938
5.5 0.008 0.907 mg27 27 0.0
5.5 0.008 0.907 al25 25 0.0
5.5 0.008 0.907 al-6 26 7.3192186e-06
5.5 0.008 0.907 al*6 26 0.0
5.5 0.008 0.907 al27 27 2.2448563e-05
5.5 0.008 0.907 al28 28 0.0
5.5 0.008 0.907 si27 27 0.0
5.5 0.008 0.907 si28 28 2.4981331e-05
5.5 0.008 0.907 si29 29 6.4154592e-06
5.5 0.008 0.907 si30 30 1.2182012e-05
5.5 0.008 0.907 si31 31 0.0
5.5 0.008 0.907 si32 32 1.0032178e-10
5.5 0.008 0.907 si33 33 0.0
5.5 0.008 0.907 p29 29 0.0
5.5 0.008 0.907 p30 30 0.0
5.5 0.008 0.907 p31 31 2.6500047e-06
5.5 0.008 0.907 p32 32 2.5610239e-14
5.5 0.008 0.907 p33 33 3.7998625e-23
5.5 0.008 0.907 p34 34 0.0
5.5 0.008 0.907 s32 32 -7.6196156e-06
5.5 0.008 0.907 s33 33 1.1621751e-07
5.5 0.008 0.907 s34 34 8.897041e-08
5.5 0.008 0.907 s35 35 3.999001e-07
5.5 0.008 0.907 fe54 54 -3.6993733e-06
5.5 0.008 0.907 fe55 55 1.5962745e-07
5.5 0.008 0.907 fe56 56 -4.8076734e-05
5.5 0.008 0.907 fe57 57 2.8566028e-06
5.5 0.008 0.907 fe58 58 1.7291812e-05
5.5 0.008 0.907 fe59 59 1.9972922000000002e-22
5.5 0.008 0.907 fe60 60 9.9421377e-06
5.5 0.008 0.907 fe61 61 0.0
5.5 0.008 0.907 co59 59 6.5793924e-06
5.5 0.008 0.907 co60 60 2.6780872e-10
5.5 0.008 0.907 co61 61 0.0
5.5 0.008 0.907 ni58 58 -2.5679547e-06
5.5 0.008 0.907 ni59 59 4.2566701e-09
5.5 0.008 0.907 ni60 60 2.257304e-06
5.5 0.008 0.907 ni61 61 2.378866e-05
5.5 0.008 0.907 ni62 62 -5.1003217e-06
6.0 0.008 0.948 g 1 2.1330709e-06
6.0 0.008 0.948 n 1 0.0
6.0 0.008 0.948 p 1 -0.44541073
6.0 0.008 0.948 d 2 2.4202924e-17
6.0 0.008 0.948 he3 3 1.8101662e-06
6.0 0.008 0.948 he4 4 0.40474999
6.0 0.008 0.948 li7 7 -9.2315497e-09
6.0 0.008 0.948 be7 7 2.712835e-10
6.0 0.008 0.948 b8 8 1.4850971e-25
6.0 0.008 0.948 c12 12 -0.001648413
6.0 0.008 0.948 c13 13 0.00065278023
6.0 0.008 0.948 c14 14 1.2037995e-09
6.0 0.008 0.948 n13 13 0.0
6.0 0.008 0.948 n14 14 0.047653668
6.0 0.008 0.948 n15 15 -7.5902408e-06
6.0 0.008 0.948 o14 14 0.0
6.0 0.008 0.948 o15 15 0.0
6.0 0.008 0.948 o16 16 -0.0077901399
6.0 0.008 0.948 o17 17 2.6877868e-05
6.0 0.008 0.948 o18 18 -4.3489777e-05
6.0 0.008 0.948 o19 19 0.0
6.0 0.008 0.948 f17 17 0.0
6.0 0.008 0.948 f18 18 0.0
6.0 0.008 0.948 f19 19 -4.1102163e-07
6.0 0.008 0.948 f20 20 0.0
6.0 0.008 0.948 ne19 19 0.0
6.0 0.008 0.948 ne20 20 1.4815712e-05
6.0 0.008 0.948 ne21 21 -7.7457134e-06
6.0 0.008 0.948 ne22 22 0.00098835875
6.0 0.008 0.948 ne23 23 0.0
6.0 0.008 0.948 na21 21 0.0
6.0 0.008 0.948 na22 22 1.7014951e-10
6.0 0.008 0.948 na23 23 4.4472567e-05
6.0 0.008 0.948 na24 24 5.8432323999999995e-40
6.0 0.008 0.948 mg23 23 0.0
6.0 0.008 0.948 mg24 24 -0.00031507981
6.0 0.008 0.948 mg25 25 0.00050139736
6.0 0.008 0.948 mg26 26 0.00049146253
6.0 0.008 0.948 mg27 27 0.0
6.0 0.008 0.948 al25 25 0.0
6.0 0.008 0.948 al-6 26 2.1508691e-05
6.0 0.008 0.948 al*6 26 0.0
6.0 0.008 0.948 al27 27 2.0806357e-05
6.0 0.008 0.948 al28 28 0.0
6.0 0.008 0.948 si27 27 0.0
6.0 0.008 0.948 si28 28 2.9047369e-05
6.0 0.008 0.948 si29 29 7.2222756e-06
6.0 0.008 0.948 si30 30 1.3286273e-05
6.0 0.008 0.948 si31 31 0.0
6.0 0.008 0.948 si32 32 4.9913854e-11
6.0 0.008 0.948 si33 33 0.0
6.0 0.008 0.948 p29 29 0.0
6.0 0.008 0.948 p30 30 0.0
6.0 0.008 0.948 p31 31 3.0444244e-06
6.0 0.008 0.948 p32 32 1.2742054e-14
6.0 0.008 0.948 p33 33 6.9029734e-23
6.0 0.008 0.948 p34 34 0.0
6.0 0.008 0.948 s32 32 -7.332419e-06
6.0 0.008 0.948 s33 33 9.4733423e-08
6.0 0.008 0.948 s34 34 8.4983185e-08
6.0 0.008 0.948 s35 35 4.0288552e-07
6.0 0.008 0.948 fe54 54 -3.425419e-06
6.0 0.008 0.948 fe55 55 2.5014472e-07
6.0 0.008 0.948 fe56 56 -4.470977e-05
6.0 0.008 0.948 fe57 57 2.0851658e-06
6.0 0.008 0.948 fe58 58 1.4237894e-05
6.0 0.008 0.948 fe59 59 -2.9878810000000002e-21
6.0 0.008 0.948 fe60 60 1.0578548e-05
6.0 0.008 0.948 fe61 61 0.0
6.0 0.008 0.948 co59 59 5.7893694e-06
6.0 0.008 0.948 co60 60 2.7298701e-11
6.0 0.008 0.948 co61 61 0.0
6.0 0.008 0.948 ni58 58 -2.3198227e-06
6.0 0.008 0.948 ni59 59 3.9353725e-09
6.0 0.008 0.948 ni60 60 1.9117469e-06
6.0 0.008 0.948 ni61 61 2.449901e-05
6.0 0.008 0.948 ni62 62 -5.6107469e-06
