1.00	0.014	0.585	p	1	2.87E-01
1.00	0.014	0.585	he	2	1.24E-01
1.00	0.014	0.585	c	6	9.12E-04
1.00	0.014	0.585	n	7	4.75E-04
1.00	0.014	0.585	o	8	2.51E-03
1.00	0.014	0.585	f	9	1.62E-07
1.00	0.014	0.585	ne	10	5.59E-04
1.00	0.014	0.585	na	11	1.41E-05
1.00	0.014	0.585	mg	12	3.15E-04
1.00	0.014	0.585	al	13	2.36E-05
1.00	0.014	0.585	si	14	2.96E-04
1.00	0.014	0.585	p	15	2.71E-06
1.00	0.014	0.585	s	16	1.38E-04
1.00	0.014	0.585	cl	17	1.79E-06
1.00	0.014	0.585	ar	18	3.27E-05
1.00	0.014	0.585	k	19	1.39E-06
1.00	0.014	0.585	ca	20	2.32E-05
1.00	0.014	0.585	sc	21	1.50E-08
1.00	0.014	0.585	ti	22	1.15E-06
1.00	0.014	0.585	v	23	1.38E-07
1.00	0.014	0.585	cr	24	6.44E-06
1.00	0.014	0.585	mn	25	4.92E-06
1.00	0.014	0.585	fe	26	5.75E-04
1.00	0.014	0.585	co	27	1.30E-06
1.00	0.014	0.585	ni	28	2.76E-05
1.00	0.014	0.585	cu	29	3.35E-07
1.00	0.014	0.585	zn	30	8.28E-07
1.00	0.014	0.585	ga	31	2.49E-08
1.00	0.014	0.585	ge	32	7.57E-08
1.00	0.014	0.585	as	33	4.44E-09
1.00	0.014	0.585	se	34	4.63E-08
1.00	0.014	0.585	br	35	8.22E-09
1.00	0.014	0.585	kr	36	4.41E-08
1.00	0.014	0.585	rb	37	5.55E-09
1.00	0.014	0.585	sr	38	1.99E-08
1.00	0.014	0.585	y	39	3.90E-09
1.00	0.014	0.585	zr	40	9.17E-09
1.00	0.014	0.585	nb	41	7.09E-10
1.00	0.014	0.585	mo	42	1.88E-09
1.00	0.014	0.585	ru	44	1.28E-09
1.00	0.014	0.585	rh	45	3.51E-10
1.00	0.014	0.585	pd	46	1.23E-09
1.00	0.014	0.585	ag	47	5.07E-10
1.00	0.014	0.585	cd	48	1.56E-09
1.00	0.014	0.585	in	49	1.88E-10
1.00	0.014	0.585	sn	50	3.58E-09
1.00	0.014	0.585	sb	51	2.12E-10
1.00	0.014	0.585	te	52	1.95E-09
1.00	0.014	0.585	i	53	1.34E-09
1.00	0.014	0.585	xe	54	6.22E-09
1.00	0.014	0.585	cs	55	4.74E-10
1.00	0.014	0.585	ba	56	6.16E-09
1.00	0.014	0.585	la	57	6.09E-10
1.00	0.014	0.585	ce	58	1.57E-09
1.00	0.014	0.585	pr	59	2.41E-10
1.00	0.014	0.585	nd	60	1.14E-09
1.00	0.014	0.585	sm	62	2.88E-10
1.00	0.014	0.585	eu	63	1.46E-10
1.00	0.014	0.585	gd	64	5.24E-10
1.00	0.014	0.585	tb	65	9.85E-11
1.00	0.014	0.585	dy	66	6.50E-10
1.00	0.014	0.585	ho	67	1.44E-10
1.00	0.014	0.585	er	68	4.06E-10
1.00	0.014	0.585	tm	69	6.61E-11
1.00	0.014	0.585	yb	70	3.71E-10
1.00	0.014	0.585	lu	71	6.35E-11
1.00	0.014	0.585	hf	72	2.72E-10
1.00	0.014	0.585	ta	73	4.07E-11
1.00	0.014	0.585	w	74	2.43E-10
1.00	0.014	0.585	re	75	8.86E-11
1.00	0.014	0.585	os	76	1.28E-09
1.00	0.014	0.585	ir	77	1.19E-09
1.00	0.014	0.585	pt	78	2.24E-09
1.00	0.014	0.585	au	79	3.69E-10
1.00	0.014	0.585	hg	80	8.19E-10
1.00	0.014	0.585	tl	81	3.57E-10
1.00	0.014	0.585	pb	82	6.74E-09
1.00	0.014	0.585	bi	83	2.77E-10
1.25	0.014	0.605	p	1	4.45E-01
1.25	0.014	0.605	he	2	1.94E-01
1.25	0.014	0.605	c	6	1.27E-03
1.25	0.014	0.605	n	7	9.11E-04
1.25	0.014	0.605	o	8	3.91E-03
1.25	0.014	0.605	f	9	2.54E-07
1.25	0.014	0.605	ne	10	8.68E-04
1.25	0.014	0.605	na	11	2.20E-05
1.25	0.014	0.605	mg	12	4.89E-04
1.25	0.014	0.605	al	13	3.67E-05
1.25	0.014	0.605	si	14	4.60E-04
1.25	0.014	0.605	p	15	4.22E-06
1.25	0.014	0.605	s	16	2.14E-04
1.25	0.014	0.605	cl	17	2.78E-06
1.25	0.014	0.605	ar	18	5.07E-05
1.25	0.014	0.605	k	19	2.17E-06
1.25	0.014	0.605	ca	20	3.60E-05
1.25	0.014	0.605	sc	21	2.33E-08
1.25	0.014	0.605	ti	22	1.79E-06
1.25	0.014	0.605	v	23	2.14E-07
1.25	0.014	0.605	cr	24	1.00E-05
1.25	0.014	0.605	mn	25	7.65E-06
1.25	0.014	0.605	fe	26	8.93E-04
1.25	0.014	0.605	co	27	2.02E-06
1.25	0.014	0.605	ni	28	4.29E-05
1.25	0.014	0.605	cu	29	5.21E-07
1.25	0.014	0.605	zn	30	1.29E-06
1.25	0.014	0.605	ga	31	3.87E-08
1.25	0.014	0.605	ge	32	1.18E-07
1.25	0.014	0.605	as	33	6.90E-09
1.25	0.014	0.605	se	34	7.20E-08
1.25	0.014	0.605	br	35	1.28E-08
1.25	0.014	0.605	kr	36	6.85E-08
1.25	0.014	0.605	rb	37	8.84E-09
1.25	0.014	0.605	sr	38	3.07E-08
1.25	0.014	0.605	y	39	6.07E-09
1.25	0.014	0.605	zr	40	1.43E-08
1.25	0.014	0.605	nb	41	1.10E-09
1.25	0.014	0.605	mo	42	2.92E-09
1.25	0.014	0.605	ru	44	1.98E-09
1.25	0.014	0.605	rh	45	5.45E-10
1.25	0.014	0.605	pd	46	1.91E-09
1.25	0.014	0.605	ag	47	7.89E-10
1.25	0.014	0.605	cd	48	2.43E-09
1.25	0.014	0.605	in	49	2.92E-10
1.25	0.014	0.605	sn	50	5.57E-09
1.25	0.014	0.605	sb	51	3.29E-10
1.25	0.014	0.605	te	52	3.04E-09
1.25	0.014	0.605	i	53	2.08E-09
1.25	0.014	0.605	xe	54	9.66E-09
1.25	0.014	0.605	cs	55	7.37E-10
1.25	0.014	0.605	ba	56	9.57E-09
1.25	0.014	0.605	la	57	9.47E-10
1.25	0.014	0.605	ce	58	2.45E-09
1.25	0.014	0.605	pr	59	3.74E-10
1.25	0.014	0.605	nd	60	1.77E-09
1.25	0.014	0.605	sm	62	4.48E-10
1.25	0.014	0.605	eu	63	2.27E-10
1.25	0.014	0.605	gd	64	8.14E-10
1.25	0.014	0.605	tb	65	1.53E-10
1.25	0.014	0.605	dy	66	1.01E-09
1.25	0.014	0.605	ho	67	2.25E-10
1.25	0.014	0.605	er	68	6.31E-10
1.25	0.014	0.605	tm	69	1.03E-10
1.25	0.014	0.605	yb	70	5.77E-10
1.25	0.014	0.605	lu	71	9.90E-11
1.25	0.014	0.605	hf	72	4.22E-10
1.25	0.014	0.605	ta	73	6.33E-11
1.25	0.014	0.605	w	74	3.78E-10
1.25	0.014	0.605	re	75	1.48E-10
1.25	0.014	0.605	os	76	1.97E-09
1.25	0.014	0.605	ir	77	1.85E-09
1.25	0.014	0.605	pt	78	3.48E-09
1.25	0.014	0.605	au	79	5.73E-10
1.25	0.014	0.605	hg	80	1.27E-09
1.25	0.014	0.605	tl	81	5.55E-10
1.25	0.014	0.605	pb	82	1.05E-08
1.25	0.014	0.605	bi	83	4.31E-10
1.50	0.014	0.616	p	1	6.06E-01
1.50	0.014	0.616	he	2	2.67E-01
1.50	0.014	0.616	c	6	4.31E-03
1.50	0.014	0.616	n	7	1.42E-03
1.50	0.014	0.616	o	8	5.51E-03
1.50	0.014	0.616	f	9	5.90E-07
1.50	0.014	0.616	ne	10	1.41E-03
1.50	0.014	0.616	na	11	3.45E-05
1.50	0.014	0.616	mg	12	6.70E-04
1.50	0.014	0.616	al	13	5.13E-05
1.50	0.014	0.616	si	14	6.30E-04
1.50	0.014	0.616	p	15	5.88E-06
1.50	0.014	0.616	s	16	2.93E-04
1.50	0.014	0.616	cl	17	3.86E-06
1.50	0.014	0.616	ar	18	6.95E-05
1.50	0.014	0.616	k	19	2.98E-06
1.50	0.014	0.616	ca	20	4.94E-05
1.50	0.014	0.616	sc	21	3.28E-08
1.50	0.014	0.616	ti	22	2.47E-06
1.50	0.014	0.616	v	23	2.92E-07
1.50	0.014	0.616	cr	24	1.37E-05
1.50	0.014	0.616	mn	25	1.05E-05
1.50	0.014	0.616	fe	26	1.22E-03
1.50	0.014	0.616	co	27	2.90E-06
1.50	0.014	0.616	ni	28	5.89E-05
1.50	0.014	0.616	cu	29	7.67E-07
1.50	0.014	0.616	zn	30	1.82E-06
1.50	0.014	0.616	ga	31	6.30E-08
1.50	0.014	0.616	ge	32	1.95E-07
1.50	0.014	0.616	as	33	1.06E-08
1.50	0.014	0.616	se	34	1.34E-07
1.50	0.014	0.616	br	35	2.23E-08
1.50	0.014	0.616	kr	36	1.39E-07
1.50	0.014	0.616	rb	37	1.76E-08
1.50	0.014	0.616	sr	38	1.58E-07
1.50	0.014	0.616	y	39	3.77E-08
1.50	0.014	0.616	zr	40	9.78E-08
1.50	0.014	0.616	nb	41	6.47E-09
1.50	0.014	0.616	mo	42	1.79E-08
1.50	0.014	0.616	ru	44	1.06E-08
1.50	0.014	0.616	rh	45	1.38E-09
1.50	0.014	0.616	pd	46	1.09E-08
1.50	0.014	0.616	ag	47	2.37E-09
1.50	0.014	0.616	cd	48	1.64E-08
1.50	0.014	0.616	in	49	1.37E-09
1.50	0.014	0.616	sn	50	4.61E-08
1.50	0.014	0.616	sb	51	1.66E-09
1.50	0.014	0.616	te	52	2.05E-08
1.50	0.014	0.616	i	53	3.83E-09
1.50	0.014	0.616	xe	54	3.41E-08
1.50	0.014	0.616	cs	55	2.33E-09
1.50	0.014	0.616	ba	56	1.24E-07
1.50	0.014	0.616	la	57	1.11E-08
1.50	0.014	0.616	ce	58	2.77E-08
1.50	0.014	0.616	pr	59	2.53E-09
1.50	0.014	0.616	nd	60	1.50E-08
1.50	0.014	0.616	sm	62	2.58E-09
1.50	0.014	0.616	eu	63	4.52E-10
1.50	0.014	0.616	gd	64	2.40E-09
1.50	0.014	0.616	tb	65	3.34E-10
1.50	0.014	0.616	dy	66	3.20E-09
1.50	0.014	0.616	ho	67	4.72E-10
1.50	0.014	0.616	er	68	2.03E-09
1.50	0.014	0.616	tm	69	2.81E-10
1.50	0.014	0.616	yb	70	3.44E-09
1.50	0.014	0.616	lu	71	4.33E-10
1.50	0.014	0.616	hf	72	2.96E-09
1.50	0.014	0.616	ta	73	3.52E-10
1.50	0.014	0.616	w	74	2.55E-09
1.50	0.014	0.616	re	75	3.99E-10
1.50	0.014	0.616	os	76	4.78E-09
1.50	0.014	0.616	ir	77	2.78E-09
1.50	0.014	0.616	pt	78	6.59E-09
1.50	0.014	0.616	au	79	1.06E-09
1.50	0.014	0.616	hg	80	7.13E-09
1.50	0.014	0.616	tl	81	2.91E-09
1.50	0.014	0.616	pb	82	3.56E-08
1.50	0.014	0.616	bi	83	6.40E-10
1.75	0.014	0.638	p	1	7.65E-01
1.75	0.014	0.638	he	2	3.33E-01
1.75	0.014	0.638	c	6	5.31E-03
1.75	0.014	0.638	n	7	1.89E-03
1.75	0.014	0.638	o	8	6.91E-03
1.75	0.014	0.638	f	9	1.13E-06
1.75	0.014	0.638	ne	10	2.08E-03
1.75	0.014	0.638	na	11	5.17E-05
1.75	0.014	0.638	mg	12	8.46E-04
1.75	0.014	0.638	al	13	6.48E-05
1.75	0.014	0.638	si	14	7.93E-04
1.75	0.014	0.638	p	15	7.66E-06
1.75	0.014	0.638	s	16	3.68E-04
1.75	0.014	0.638	cl	17	4.90E-06
1.75	0.014	0.638	ar	18	8.74E-05
1.75	0.014	0.638	k	19	3.77E-06
1.75	0.014	0.638	ca	20	6.20E-05
1.75	0.014	0.638	sc	21	4.24E-08
1.75	0.014	0.638	ti	22	3.13E-06
1.75	0.014	0.638	v	23	3.67E-07
1.75	0.014	0.638	cr	24	1.72E-05
1.75	0.014	0.638	mn	25	1.32E-05
1.75	0.014	0.638	fe	26	1.54E-03
1.75	0.014	0.638	co	27	3.77E-06
1.75	0.014	0.638	ni	28	7.46E-05
1.75	0.014	0.638	cu	29	1.05E-06
1.75	0.014	0.638	zn	30	2.44E-06
1.75	0.014	0.638	ga	31	1.06E-07
1.75	0.014	0.638	ge	32	3.35E-07
1.75	0.014	0.638	as	33	1.64E-08
1.75	0.014	0.638	se	34	2.61E-07
1.75	0.014	0.638	br	35	4.10E-08
1.75	0.014	0.638	kr	36	3.00E-07
1.75	0.014	0.638	rb	37	3.29E-08
1.75	0.014	0.638	sr	38	5.22E-07
1.75	0.014	0.638	y	39	1.22E-07
1.75	0.014	0.638	zr	40	3.34E-07
1.75	0.014	0.638	nb	41	2.09E-08
1.75	0.014	0.638	mo	42	5.64E-08
1.75	0.014	0.638	ru	44	3.34E-08
1.75	0.014	0.638	rh	45	3.33E-09
1.75	0.014	0.638	pd	46	3.43E-08
1.75	0.014	0.638	ag	47	6.11E-09
1.75	0.014	0.638	cd	48	5.16E-08
1.75	0.014	0.638	in	49	3.96E-09
1.75	0.014	0.638	sn	50	1.44E-07
1.75	0.014	0.638	sb	51	4.76E-09
1.75	0.014	0.638	te	52	6.26E-08
1.75	0.014	0.638	i	53	7.05E-09
1.75	0.014	0.638	xe	54	8.86E-08
1.75	0.014	0.638	cs	55	5.75E-09
1.75	0.014	0.638	ba	56	3.68E-07
1.75	0.014	0.638	la	57	3.22E-08
1.75	0.014	0.638	ce	58	8.14E-08
1.75	0.014	0.638	pr	59	6.93E-09
1.75	0.014	0.638	nd	60	4.32E-08
1.75	0.014	0.638	sm	62	7.42E-09
1.75	0.014	0.638	eu	63	8.38E-10
1.75	0.014	0.638	gd	64	5.69E-09
1.75	0.014	0.638	tb	65	7.01E-10
1.75	0.014	0.638	dy	66	7.73E-09
1.75	0.014	0.638	ho	67	9.28E-10
1.75	0.014	0.638	er	68	4.81E-09
1.75	0.014	0.638	tm	69	6.42E-10
1.75	0.014	0.638	yb	70	9.75E-09
1.75	0.014	0.638	lu	71	1.17E-09
1.75	0.014	0.638	hf	72	8.45E-09
1.75	0.014	0.638	ta	73	1.01E-09
1.75	0.014	0.638	w	74	7.79E-09
1.75	0.014	0.638	re	75	9.06E-10
1.75	0.014	0.638	os	76	9.28E-09
1.75	0.014	0.638	ir	77	4.08E-09
1.75	0.014	0.638	pt	78	1.27E-08
1.75	0.014	0.638	au	79	2.01E-09
1.75	0.014	0.638	hg	80	2.21E-08
1.75	0.014	0.638	tl	81	8.46E-09
1.75	0.014	0.638	pb	82	1.81E-07
1.75	0.014	0.638	bi	83	1.37E-09
2.00	0.014	0.660	p	1	9.24E-01
2.00	0.014	0.660	he	2	3.98E-01
2.00	0.014	0.660	c	6	6.98E-03
2.00	0.014	0.660	n	7	2.23E-03
2.00	0.014	0.660	o	8	8.23E-03
2.00	0.014	0.660	f	9	1.36E-06
2.00	0.014	0.660	ne	10	2.62E-03
2.00	0.014	0.660	na	11	6.63E-05
2.00	0.014	0.660	mg	12	1.02E-03
2.00	0.014	0.660	al	13	7.88E-05
2.00	0.014	0.660	si	14	9.56E-04
2.00	0.014	0.660	p	15	9.18E-06
2.00	0.014	0.660	s	16	4.44E-04
2.00	0.014	0.660	cl	17	5.90E-06
2.00	0.014	0.660	ar	18	1.05E-04
2.00	0.014	0.660	k	19	4.54E-06
2.00	0.014	0.660	ca	20	7.48E-05
2.00	0.014	0.660	sc	21	5.13E-08
2.00	0.014	0.660	ti	22	3.78E-06
2.00	0.014	0.660	v	23	4.43E-07
2.00	0.014	0.660	cr	24	2.08E-05
2.00	0.014	0.660	mn	25	1.61E-05
2.00	0.014	0.660	fe	26	1.85E-03
2.00	0.014	0.660	co	27	4.42E-06
2.00	0.014	0.660	ni	28	8.95E-05
2.00	0.014	0.660	cu	29	1.22E-06
2.00	0.014	0.660	zn	30	2.95E-06
2.00	0.014	0.660	ga	31	1.34E-07
2.00	0.014	0.660	ge	32	4.29E-07
2.00	0.014	0.660	as	33	2.07E-08
2.00	0.014	0.660	se	34	3.46E-07
2.00	0.014	0.660	br	35	5.38E-08
2.00	0.014	0.660	kr	36	3.81E-07
2.00	0.014	0.660	rb	37	3.97E-08
2.00	0.014	0.660	sr	38	7.62E-07
2.00	0.014	0.660	y	39	1.72E-07
2.00	0.014	0.660	zr	40	4.48E-07
2.00	0.014	0.660	nb	41	2.72E-08
2.00	0.014	0.660	mo	42	7.89E-08
2.00	0.014	0.660	ru	44	4.62E-08
2.00	0.014	0.660	rh	45	4.48E-09
2.00	0.014	0.660	pd	46	4.77E-08
2.00	0.014	0.660	ag	47	8.30E-09
2.00	0.014	0.660	cd	48	7.16E-08
2.00	0.014	0.660	in	49	5.39E-09
2.00	0.014	0.660	sn	50	1.93E-07
2.00	0.014	0.660	sb	51	6.22E-09
2.00	0.014	0.660	te	52	8.30E-08
2.00	0.014	0.660	i	53	8.93E-09
2.00	0.014	0.660	xe	54	1.15E-07
2.00	0.014	0.660	cs	55	7.45E-09
2.00	0.014	0.660	ba	56	4.53E-07
2.00	0.014	0.660	la	57	3.84E-08
2.00	0.014	0.660	ce	58	9.74E-08
2.00	0.014	0.660	pr	59	8.29E-09
2.00	0.014	0.660	nd	60	5.10E-08
2.00	0.014	0.660	sm	62	8.79E-09
2.00	0.014	0.660	eu	63	1.02E-09
2.00	0.014	0.660	gd	64	6.67E-09
2.00	0.014	0.660	tb	65	8.11E-10
2.00	0.014	0.660	dy	66	9.32E-09
2.00	0.014	0.660	ho	67	1.12E-09
2.00	0.014	0.660	er	68	5.82E-09
2.00	0.014	0.660	tm	69	7.76E-10
2.00	0.014	0.660	yb	70	1.16E-08
2.00	0.014	0.660	lu	71	1.40E-09
2.00	0.014	0.660	hf	72	1.01E-08
2.00	0.014	0.660	ta	73	1.26E-09
2.00	0.014	0.660	w	74	8.77E-09
2.00	0.014	0.660	re	75	1.08E-09
2.00	0.014	0.660	os	76	1.24E-08
2.00	0.014	0.660	ir	77	4.92E-09
2.00	0.014	0.660	pt	78	1.52E-08
2.00	0.014	0.660	au	79	2.44E-09
2.00	0.014	0.660	hg	80	2.65E-08
2.00	0.014	0.660	tl	81	1.01E-08
2.00	0.014	0.660	pb	82	2.33E-07
2.00	0.014	0.660	bi	83	1.72E-09
2.25	0.014	0.675	p	1	1.09E+00
2.25	0.014	0.675	he	2	4.68E-01
2.25	0.014	0.675	c	6	8.35E-03
2.25	0.014	0.675	n	7	2.67E-03
2.25	0.014	0.675	o	8	9.58E-03
2.25	0.014	0.675	f	9	1.66E-06
2.25	0.014	0.675	ne	10	3.23E-03
2.25	0.014	0.675	na	11	8.23E-05
2.25	0.014	0.675	mg	12	1.20E-03
2.25	0.014	0.675	al	13	9.30E-05
2.25	0.014	0.675	si	14	1.12E-03
2.25	0.014	0.675	p	15	1.09E-05
2.25	0.014	0.675	s	16	5.22E-04
2.25	0.014	0.675	cl	17	6.97E-06
2.25	0.014	0.675	ar	18	1.24E-04
2.25	0.014	0.675	k	19	5.34E-06
2.25	0.014	0.675	ca	20	8.79E-05
2.25	0.014	0.675	sc	21	6.10E-08
2.25	0.014	0.675	ti	22	4.45E-06
2.25	0.014	0.675	v	23	5.20E-07
2.25	0.014	0.675	cr	24	2.44E-05
2.25	0.014	0.675	mn	25	1.89E-05
2.25	0.014	0.675	fe	26	2.18E-03
2.25	0.014	0.675	co	27	5.25E-06
2.25	0.014	0.675	ni	28	1.05E-04
2.25	0.014	0.675	cu	29	1.47E-06
2.25	0.014	0.675	zn	30	3.56E-06
2.25	0.014	0.675	ga	31	1.75E-07
2.25	0.014	0.675	ge	32	5.63E-07
2.25	0.014	0.675	as	33	2.64E-08
2.25	0.014	0.675	se	34	4.66E-07
2.25	0.014	0.675	br	35	7.18E-08
2.25	0.014	0.675	kr	36	5.20E-07
2.25	0.014	0.675	rb	37	5.43E-08
2.25	0.014	0.675	sr	38	1.07E-06
2.25	0.014	0.675	y	39	2.41E-07
2.25	0.014	0.675	zr	40	6.12E-07
2.25	0.014	0.675	nb	41	3.74E-08
2.25	0.014	0.675	mo	42	1.06E-07
2.25	0.014	0.675	ru	44	6.13E-08
2.25	0.014	0.675	rh	45	5.81E-09
2.25	0.014	0.675	pd	46	6.30E-08
2.25	0.014	0.675	ag	47	1.08E-08
2.25	0.014	0.675	cd	48	9.46E-08
2.25	0.014	0.675	in	49	7.06E-09
2.25	0.014	0.675	sn	50	2.52E-07
2.25	0.014	0.675	sb	51	7.97E-09
2.25	0.014	0.675	te	52	1.06E-07
2.25	0.014	0.675	i	53	1.10E-08
2.25	0.014	0.675	xe	54	1.45E-07
2.25	0.014	0.675	cs	55	9.35E-09
2.25	0.014	0.675	ba	56	5.75E-07
2.25	0.014	0.675	la	57	4.89E-08
2.25	0.014	0.675	ce	58	1.26E-07
2.25	0.014	0.675	pr	59	1.09E-08
2.25	0.014	0.675	nd	60	6.75E-08
2.25	0.014	0.675	sm	62	1.17E-08
2.25	0.014	0.675	eu	63	1.31E-09
2.25	0.014	0.675	gd	64	8.71E-09
2.25	0.014	0.675	tb	65	1.04E-09
2.25	0.014	0.675	dy	66	1.23E-08
2.25	0.014	0.675	ho	67	1.44E-09
2.25	0.014	0.675	er	68	7.74E-09
2.25	0.014	0.675	tm	69	1.02E-09
2.25	0.014	0.675	yb	70	1.57E-08
2.25	0.014	0.675	lu	71	1.90E-09
2.25	0.014	0.675	hf	72	1.39E-08
2.25	0.014	0.675	ta	73	1.75E-09
2.25	0.014	0.675	w	74	1.22E-08
2.25	0.014	0.675	re	75	1.48E-09
2.25	0.014	0.675	os	76	1.65E-08
2.25	0.014	0.675	ir	77	6.04E-09
2.25	0.014	0.675	pt	78	1.97E-08
2.25	0.014	0.675	au	79	3.19E-09
2.25	0.014	0.675	hg	80	3.77E-08
2.25	0.014	0.675	tl	81	1.48E-08
2.25	0.014	0.675	pb	82	3.56E-07
2.25	0.014	0.675	bi	83	2.46E-09
2.50	0.014	0.679	p	1	1.24E+00
2.50	0.014	0.679	he	2	5.51E-01
2.50	0.014	0.679	c	6	1.20E-02
2.50	0.014	0.679	n	7	3.36E-03
2.50	0.014	0.679	o	8	1.09E-02
2.50	0.014	0.679	f	9	2.57E-06
2.50	0.014	0.679	ne	10	4.23E-03
2.50	0.014	0.679	na	11	1.05E-04
2.50	0.014	0.679	mg	12	1.40E-03
2.50	0.014	0.679	al	13	1.09E-04
2.50	0.014	0.679	si	14	1.30E-03
2.50	0.014	0.679	p	15	1.28E-05
2.50	0.014	0.679	s	16	6.03E-04
2.50	0.014	0.679	cl	17	8.15E-06
2.50	0.014	0.679	ar	18	1.43E-04
2.50	0.014	0.679	k	19	6.20E-06
2.50	0.014	0.679	ca	20	1.01E-04
2.50	0.014	0.679	sc	21	7.27E-08
2.50	0.014	0.679	ti	22	5.16E-06
2.50	0.014	0.679	v	23	6.00E-07
2.50	0.014	0.679	cr	24	2.82E-05
2.50	0.014	0.679	mn	25	2.20E-05
2.50	0.014	0.679	fe	26	2.52E-03
2.50	0.014	0.679	co	27	6.27E-06
2.50	0.014	0.679	ni	28	1.22E-04
2.50	0.014	0.679	cu	29	1.80E-06
2.50	0.014	0.679	zn	30	4.30E-06
2.50	0.014	0.679	ga	31	2.36E-07
2.50	0.014	0.679	ge	32	7.74E-07
2.50	0.014	0.679	as	33	3.49E-08
2.50	0.014	0.679	se	34	6.71E-07
2.50	0.014	0.679	br	35	1.02E-07
2.50	0.014	0.679	kr	36	7.56E-07
2.50	0.014	0.679	rb	37	8.25E-08
2.50	0.014	0.679	sr	38	1.62E-06
2.50	0.014	0.679	y	39	3.66E-07
2.50	0.014	0.679	zr	40	9.08E-07
2.50	0.014	0.679	nb	41	5.54E-08
2.50	0.014	0.679	mo	42	1.54E-07
2.50	0.014	0.679	ru	44	8.81E-08
2.50	0.014	0.679	rh	45	8.09E-09
2.50	0.014	0.679	pd	46	9.05E-08
2.50	0.014	0.679	ag	47	1.51E-08
2.50	0.014	0.679	cd	48	1.36E-07
2.50	0.014	0.679	in	49	1.00E-08
2.50	0.014	0.679	sn	50	3.59E-07
2.50	0.014	0.679	sb	51	1.11E-08
2.50	0.014	0.679	te	52	1.49E-07
2.50	0.014	0.679	i	53	1.43E-08
2.50	0.014	0.679	xe	54	1.98E-07
2.50	0.014	0.679	cs	55	1.27E-08
2.50	0.014	0.679	ba	56	7.88E-07
2.50	0.014	0.679	la	57	6.66E-08
2.50	0.014	0.679	ce	58	1.72E-07
2.50	0.014	0.679	pr	59	1.49E-08
2.50	0.014	0.679	nd	60	9.14E-08
2.50	0.014	0.679	sm	62	1.56E-08
2.50	0.014	0.679	eu	63	1.69E-09
2.50	0.014	0.679	gd	64	1.15E-08
2.50	0.014	0.679	tb	65	1.34E-09
2.50	0.014	0.679	dy	66	1.62E-08
2.50	0.014	0.679	ho	67	1.85E-09
2.50	0.014	0.679	er	68	1.04E-08
2.50	0.014	0.679	tm	69	1.34E-09
2.50	0.014	0.679	yb	70	2.11E-08
2.50	0.014	0.679	lu	71	2.54E-09
2.50	0.014	0.679	hf	72	1.91E-08
2.50	0.014	0.679	ta	73	2.42E-09
2.50	0.014	0.679	w	74	1.66E-08
2.50	0.014	0.679	re	75	2.03E-09
2.50	0.014	0.679	os	76	2.14E-08
2.50	0.014	0.679	ir	77	7.30E-09
2.50	0.014	0.679	pt	78	2.50E-08
2.50	0.014	0.679	au	79	4.08E-09
2.50	0.014	0.679	hg	80	5.12E-08
2.50	0.014	0.679	tl	81	2.05E-08
2.50	0.014	0.679	pb	82	4.72E-07
2.50	0.014	0.679	bi	83	3.16E-09
2.75	0.014	0.684	p	1	1.39E+00
2.75	0.014	0.684	he	2	6.37E-01
2.75	0.014	0.684	c	6	1.70E-02
2.75	0.014	0.684	n	7	3.96E-03
2.75	0.014	0.684	o	8	1.22E-02
2.75	0.014	0.684	f	9	3.98E-06
2.75	0.014	0.684	ne	10	5.47E-03
2.75	0.014	0.684	na	11	1.32E-04
2.75	0.014	0.684	mg	12	1.59E-03
2.75	0.014	0.684	al	13	1.26E-04
2.75	0.014	0.684	si	14	1.47E-03
2.75	0.014	0.684	p	15	1.48E-05
2.75	0.014	0.684	s	16	6.84E-04
2.75	0.014	0.684	cl	17	9.36E-06
2.75	0.014	0.684	ar	18	1.62E-04
2.75	0.014	0.684	k	19	7.07E-06
2.75	0.014	0.684	ca	20	1.15E-04
2.75	0.014	0.684	sc	21	8.54E-08
2.75	0.014	0.684	ti	22	5.87E-06
2.75	0.014	0.684	v	23	6.78E-07
2.75	0.014	0.684	cr	24	3.20E-05
2.75	0.014	0.684	mn	25	2.51E-05
2.75	0.014	0.684	fe	26	2.85E-03
2.75	0.014	0.684	co	27	7.40E-06
2.75	0.014	0.684	ni	28	1.39E-04
2.75	0.014	0.684	cu	29	2.16E-06
2.75	0.014	0.684	zn	30	5.13E-06
2.75	0.014	0.684	ga	31	3.11E-07
2.75	0.014	0.684	ge	32	1.04E-06
2.75	0.014	0.684	as	33	4.52E-08
2.75	0.014	0.684	se	34	9.28E-07
2.75	0.014	0.684	br	35	1.40E-07
2.75	0.014	0.684	kr	36	1.05E-06
2.75	0.014	0.684	rb	37	1.23E-07
2.75	0.014	0.684	sr	38	2.29E-06
2.75	0.014	0.684	y	39	5.13E-07
2.75	0.014	0.684	zr	40	1.23E-06
2.75	0.014	0.684	nb	41	7.53E-08
2.75	0.014	0.684	mo	42	2.04E-07
2.75	0.014	0.684	ru	44	1.15E-07
2.75	0.014	0.684	rh	45	1.04E-08
2.75	0.014	0.684	pd	46	1.18E-07
2.75	0.014	0.684	ag	47	1.94E-08
2.75	0.014	0.684	cd	48	1.77E-07
2.75	0.014	0.684	in	49	1.29E-08
2.75	0.014	0.684	sn	50	4.58E-07
2.75	0.014	0.684	sb	51	1.39E-08
2.75	0.014	0.684	te	52	1.86E-07
2.75	0.014	0.684	i	53	1.71E-08
2.75	0.014	0.684	xe	54	2.43E-07
2.75	0.014	0.684	cs	55	1.56E-08
2.75	0.014	0.684	ba	56	9.33E-07
2.75	0.014	0.684	la	57	7.77E-08
2.75	0.014	0.684	ce	58	1.98E-07
2.75	0.014	0.684	pr	59	1.73E-08
2.75	0.014	0.684	nd	60	1.05E-07
2.75	0.014	0.684	sm	62	1.76E-08
2.75	0.014	0.684	eu	63	1.93E-09
2.75	0.014	0.684	gd	64	1.31E-08
2.75	0.014	0.684	tb	65	1.52E-09
2.75	0.014	0.684	dy	66	1.84E-08
2.75	0.014	0.684	ho	67	2.11E-09
2.75	0.014	0.684	er	68	1.21E-08
2.75	0.014	0.684	tm	69	1.53E-09
2.75	0.014	0.684	yb	70	2.39E-08
2.75	0.014	0.684	lu	71	2.86E-09
2.75	0.014	0.684	hf	72	2.20E-08
2.75	0.014	0.684	ta	73	2.82E-09
2.75	0.014	0.684	w	74	1.88E-08
2.75	0.014	0.684	re	75	2.40E-09
2.75	0.014	0.684	os	76	2.40E-08
2.75	0.014	0.684	ir	77	8.24E-09
2.75	0.014	0.684	pt	78	2.80E-08
2.75	0.014	0.684	au	79	4.61E-09
2.75	0.014	0.684	hg	80	5.76E-08
2.75	0.014	0.684	tl	81	2.35E-08
2.75	0.014	0.684	pb	82	4.77E-07
2.75	0.014	0.684	bi	83	3.23E-09
3.00	0.014	0.694	p	1	1.54E+00
3.00	0.014	0.694	he	2	7.24E-01
3.00	0.014	0.694	c	6	2.11E-02
3.00	0.014	0.694	n	7	4.67E-03
3.00	0.014	0.694	o	8	1.34E-02
3.00	0.014	0.694	f	9	5.56E-06
3.00	0.014	0.694	ne	10	6.77E-03
3.00	0.014	0.694	na	11	1.60E-04
3.00	0.014	0.694	mg	12	1.79E-03
3.00	0.014	0.694	al	13	1.43E-04
3.00	0.014	0.694	si	14	1.65E-03
3.00	0.014	0.694	p	15	1.69E-05
3.00	0.014	0.694	s	16	7.63E-04
3.00	0.014	0.694	cl	17	1.06E-05
3.00	0.014	0.694	ar	18	1.81E-04
3.00	0.014	0.694	k	19	7.93E-06
3.00	0.014	0.694	ca	20	1.28E-04
3.00	0.014	0.694	sc	21	9.88E-08
3.00	0.014	0.694	ti	22	6.57E-06
3.00	0.014	0.694	v	23	7.54E-07
3.00	0.014	0.694	cr	24	3.57E-05
3.00	0.014	0.694	mn	25	2.82E-05
3.00	0.014	0.694	fe	26	3.18E-03
3.00	0.014	0.694	co	27	8.63E-06
3.00	0.014	0.694	ni	28	1.55E-04
3.00	0.014	0.694	cu	29	2.58E-06
3.00	0.014	0.694	zn	30	6.05E-06
3.00	0.014	0.694	ga	31	4.01E-07
3.00	0.014	0.694	ge	32	1.36E-06
3.00	0.014	0.694	as	33	5.77E-08
3.00	0.014	0.694	se	34	1.24E-06
3.00	0.014	0.694	br	35	1.86E-07
3.00	0.014	0.694	kr	36	1.41E-06
3.00	0.014	0.694	rb	37	1.80E-07
3.00	0.014	0.694	sr	38	3.01E-06
3.00	0.014	0.694	y	39	6.69E-07
3.00	0.014	0.694	zr	40	1.54E-06
3.00	0.014	0.694	nb	41	9.42E-08
3.00	0.014	0.694	mo	42	2.46E-07
3.00	0.014	0.694	ru	44	1.36E-07
3.00	0.014	0.694	rh	45	1.22E-08
3.00	0.014	0.694	pd	46	1.39E-07
3.00	0.014	0.694	ag	47	2.27E-08
3.00	0.014	0.694	cd	48	2.08E-07
3.00	0.014	0.694	in	49	1.51E-08
3.00	0.014	0.694	sn	50	5.28E-07
3.00	0.014	0.694	sb	51	1.58E-08
3.00	0.014	0.694	te	52	2.10E-07
3.00	0.014	0.694	i	53	1.92E-08
3.00	0.014	0.694	xe	54	2.72E-07
3.00	0.014	0.694	cs	55	1.75E-08
3.00	0.014	0.694	ba	56	1.06E-06
3.00	0.014	0.694	la	57	8.93E-08
3.00	0.014	0.694	ce	58	2.31E-07
3.00	0.014	0.694	pr	59	2.04E-08
3.00	0.014	0.694	nd	60	1.23E-07
3.00	0.014	0.694	sm	62	2.05E-08
3.00	0.014	0.694	eu	63	2.23E-09
3.00	0.014	0.694	gd	64	1.54E-08
3.00	0.014	0.694	tb	65	1.76E-09
3.00	0.014	0.694	dy	66	2.15E-08
3.00	0.014	0.694	ho	67	2.44E-09
3.00	0.014	0.694	er	68	1.44E-08
3.00	0.014	0.694	tm	69	1.79E-09
3.00	0.014	0.694	yb	70	2.83E-08
3.00	0.014	0.694	lu	71	3.34E-09
3.00	0.014	0.694	hf	72	2.63E-08
3.00	0.014	0.694	ta	73	3.36E-09
3.00	0.014	0.694	w	74	2.24E-08
3.00	0.014	0.694	re	75	2.85E-09
3.00	0.014	0.694	os	76	2.79E-08
3.00	0.014	0.694	ir	77	9.34E-09
3.00	0.014	0.694	pt	78	3.23E-08
3.00	0.014	0.694	au	79	5.33E-09
3.00	0.014	0.694	hg	80	6.83E-08
3.00	0.014	0.694	tl	81	2.83E-08
3.00	0.014	0.694	pb	82	5.48E-07
3.00	0.014	0.694	bi	83	3.73E-09
3.25	0.014	0.708	p	1	1.69E+00
3.25	0.014	0.708	he	2	8.04E-01
3.25	0.014	0.708	c	6	2.63E-02
3.25	0.014	0.708	n	7	5.30E-03
3.25	0.014	0.708	o	8	1.45E-02
3.25	0.014	0.708	f	9	6.83E-06
3.25	0.014	0.708	ne	10	6.87E-03
3.25	0.014	0.708	na	11	1.54E-04
3.25	0.014	0.708	mg	12	1.97E-03
3.25	0.014	0.708	al	13	1.62E-04
3.25	0.014	0.708	si	14	1.82E-03
3.25	0.014	0.708	p	15	1.79E-05
3.25	0.014	0.708	s	16	8.41E-04
3.25	0.014	0.708	cl	17	1.16E-05
3.25	0.014	0.708	ar	18	1.99E-04
3.25	0.014	0.708	k	19	8.71E-06
3.25	0.014	0.708	ca	20	1.41E-04
3.25	0.014	0.708	sc	21	1.08E-07
3.25	0.014	0.708	ti	22	7.19E-06
3.25	0.014	0.708	v	23	8.28E-07
3.25	0.014	0.708	cr	24	3.94E-05
3.25	0.014	0.708	mn	25	3.14E-05
3.25	0.014	0.708	fe	26	3.51E-03
3.25	0.014	0.708	co	27	9.74E-06
3.25	0.014	0.708	ni	28	1.70E-04
3.25	0.014	0.708	cu	29	2.60E-06
3.25	0.014	0.708	zn	30	6.05E-06
3.25	0.014	0.708	ga	31	3.28E-07
3.25	0.014	0.708	ge	32	1.09E-06
3.25	0.014	0.708	as	33	4.92E-08
3.25	0.014	0.708	se	34	9.45E-07
3.25	0.014	0.708	br	35	1.44E-07
3.25	0.014	0.708	kr	36	1.09E-06
3.25	0.014	0.708	rb	37	1.51E-07
3.25	0.014	0.708	sr	38	2.15E-06
3.25	0.014	0.708	y	39	4.93E-07
3.25	0.014	0.708	zr	40	1.18E-06
3.25	0.014	0.708	nb	41	7.42E-08
3.25	0.014	0.708	mo	42	1.97E-07
3.25	0.014	0.708	ru	44	1.09E-07
3.25	0.014	0.708	rh	45	1.02E-08
3.25	0.014	0.708	pd	46	1.13E-07
3.25	0.014	0.708	ag	47	1.89E-08
3.25	0.014	0.708	cd	48	1.71E-07
3.25	0.014	0.708	in	49	1.26E-08
3.25	0.014	0.708	sn	50	4.47E-07
3.25	0.014	0.708	sb	51	1.36E-08
3.25	0.014	0.708	te	52	1.80E-07
3.25	0.014	0.708	i	53	1.81E-08
3.25	0.014	0.708	xe	54	2.41E-07
3.25	0.014	0.708	cs	55	1.57E-08
3.25	0.014	0.708	ba	56	8.26E-07
3.25	0.014	0.708	la	57	6.56E-08
3.25	0.014	0.708	ce	58	1.55E-07
3.25	0.014	0.708	pr	59	1.39E-08
3.25	0.014	0.708	nd	60	7.83E-08
3.25	0.014	0.708	sm	62	1.28E-08
3.25	0.014	0.708	eu	63	1.72E-09
3.25	0.014	0.708	gd	64	1.05E-08
3.25	0.014	0.708	tb	65	1.30E-09
3.25	0.014	0.708	dy	66	1.43E-08
3.25	0.014	0.708	ho	67	1.81E-09
3.25	0.014	0.708	er	68	9.54E-09
3.25	0.014	0.708	tm	69	1.22E-09
3.25	0.014	0.708	yb	70	1.71E-08
3.25	0.014	0.708	lu	71	2.05E-09
3.25	0.014	0.708	hf	72	1.56E-08
3.25	0.014	0.708	ta	73	2.01E-09
3.25	0.014	0.708	w	74	1.30E-08
3.25	0.014	0.708	re	75	1.89E-09
3.25	0.014	0.708	os	76	1.88E-08
3.25	0.014	0.708	ir	77	8.59E-09
3.25	0.014	0.708	pt	78	2.40E-08
3.25	0.014	0.708	au	79	3.97E-09
3.25	0.014	0.708	hg	80	3.84E-08
3.25	0.014	0.708	tl	81	1.60E-08
3.25	0.014	0.708	pb	82	2.79E-07
3.25	0.014	0.708	bi	83	2.69E-09
3.50	0.014	0.730	p	1	1.86E+00
3.50	0.014	0.730	he	2	8.64E-01
3.50	0.014	0.730	c	6	2.63E-02
3.50	0.014	0.730	n	7	5.72E-03
3.50	0.014	0.730	o	8	1.59E-02
3.50	0.014	0.730	f	9	7.08E-06
3.50	0.014	0.730	ne	10	7.21E-03
3.50	0.014	0.730	na	11	1.57E-04
3.50	0.014	0.730	mg	12	2.16E-03
3.50	0.014	0.730	al	13	1.79E-04
3.50	0.014	0.730	si	14	1.98E-03
3.50	0.014	0.730	p	15	1.96E-05
3.50	0.014	0.730	s	16	9.16E-04
3.50	0.014	0.730	cl	17	1.26E-05
3.50	0.014	0.730	ar	18	2.17E-04
3.50	0.014	0.730	k	19	9.49E-06
3.50	0.014	0.730	ca	20	1.54E-04
3.50	0.014	0.730	sc	21	1.21E-07
3.50	0.014	0.730	ti	22	7.82E-06
3.50	0.014	0.730	v	23	9.02E-07
3.50	0.014	0.730	cr	24	4.29E-05
3.50	0.014	0.730	mn	25	3.40E-05
3.50	0.014	0.730	fe	26	3.82E-03
3.50	0.014	0.730	co	27	1.12E-05
3.50	0.014	0.730	ni	28	1.86E-04
3.50	0.014	0.730	cu	29	2.96E-06
3.50	0.014	0.730	zn	30	6.68E-06
3.50	0.014	0.730	ga	31	3.62E-07
3.50	0.014	0.730	ge	32	1.22E-06
3.50	0.014	0.730	as	33	5.54E-08
3.50	0.014	0.730	se	34	1.07E-06
3.50	0.014	0.730	br	35	1.63E-07
3.50	0.014	0.730	kr	36	1.26E-06
3.50	0.014	0.730	rb	37	2.15E-07
3.50	0.014	0.730	sr	38	2.30E-06
3.50	0.014	0.730	y	39	5.41E-07
3.50	0.014	0.730	zr	40	1.24E-06
3.50	0.014	0.730	nb	41	8.08E-08
3.50	0.014	0.730	mo	42	2.01E-07
3.50	0.014	0.730	ru	44	1.03E-07
3.50	0.014	0.730	rh	45	9.97E-09
3.50	0.014	0.730	pd	46	1.08E-07
3.50	0.014	0.730	ag	47	1.85E-08
3.50	0.014	0.730	cd	48	1.66E-07
3.50	0.014	0.730	in	49	1.24E-08
3.50	0.014	0.730	sn	50	4.28E-07
3.50	0.014	0.730	sb	51	1.28E-08
3.50	0.014	0.730	te	52	1.65E-07
3.50	0.014	0.730	i	53	1.78E-08
3.50	0.014	0.730	xe	54	2.25E-07
3.50	0.014	0.730	cs	55	1.45E-08
3.50	0.014	0.730	ba	56	7.26E-07
3.50	0.014	0.730	la	57	5.80E-08
3.50	0.014	0.730	ce	58	1.40E-07
3.50	0.014	0.730	pr	59	1.31E-08
3.50	0.014	0.730	nd	60	7.16E-08
3.50	0.014	0.730	sm	62	1.18E-08
3.50	0.014	0.730	eu	63	1.74E-09
3.50	0.014	0.730	gd	64	1.03E-08
3.50	0.014	0.730	tb	65	1.29E-09
3.50	0.014	0.730	dy	66	1.38E-08
3.50	0.014	0.730	ho	67	1.81E-09
3.50	0.014	0.730	er	68	9.39E-09
3.50	0.014	0.730	tm	69	1.18E-09
3.50	0.014	0.730	yb	70	1.66E-08
3.50	0.014	0.730	lu	71	1.96E-09
3.50	0.014	0.730	hf	72	1.53E-08
3.50	0.014	0.730	ta	73	1.92E-09
3.50	0.014	0.730	w	74	1.29E-08
3.50	0.014	0.730	re	75	1.92E-09
3.50	0.014	0.730	os	76	1.89E-08
3.50	0.014	0.730	ir	77	9.16E-09
3.50	0.014	0.730	pt	78	2.46E-08
3.50	0.014	0.730	au	79	4.06E-09
3.50	0.014	0.730	hg	80	3.81E-08
3.50	0.014	0.730	tl	81	1.72E-08
3.50	0.014	0.730	pb	82	2.73E-07
3.50	0.014	0.730	bi	83	2.90E-09
3.75	0.014	0.766	p	1	2.01E+00
3.75	0.014	0.766	he	2	9.22E-01
3.75	0.014	0.766	c	6	2.54E-02
3.75	0.014	0.766	n	7	6.41E-03
3.75	0.014	0.766	o	8	1.70E-02
3.75	0.014	0.766	f	9	6.79E-06
3.75	0.014	0.766	ne	10	7.32E-03
3.75	0.014	0.766	na	11	1.64E-04
3.75	0.014	0.766	mg	12	2.37E-03
3.75	0.014	0.766	al	13	1.99E-04
3.75	0.014	0.766	si	14	2.14E-03
3.75	0.014	0.766	p	15	2.14E-05
3.75	0.014	0.766	s	16	9.86E-04
3.75	0.014	0.766	cl	17	1.36E-05
3.75	0.014	0.766	ar	18	2.34E-04
3.75	0.014	0.766	k	19	1.02E-05
3.75	0.014	0.766	ca	20	1.66E-04
3.75	0.014	0.766	sc	21	1.35E-07
3.75	0.014	0.766	ti	22	8.42E-06
3.75	0.014	0.766	v	23	9.72E-07
3.75	0.014	0.766	cr	24	4.62E-05
3.75	0.014	0.766	mn	25	3.60E-05
3.75	0.014	0.766	fe	26	4.12E-03
3.75	0.014	0.766	co	27	1.36E-05
3.75	0.014	0.766	ni	28	2.02E-04
3.75	0.014	0.766	cu	29	3.57E-06
3.75	0.014	0.766	zn	30	7.30E-06
3.75	0.014	0.766	ga	31	3.93E-07
3.75	0.014	0.766	ge	32	1.31E-06
3.75	0.014	0.766	as	33	6.01E-08
3.75	0.014	0.766	se	34	1.16E-06
3.75	0.014	0.766	br	35	1.77E-07
3.75	0.014	0.766	kr	36	1.62E-06
3.75	0.014	0.766	rb	37	3.27E-07
3.75	0.014	0.766	sr	38	2.34E-06
3.75	0.014	0.766	y	39	5.91E-07
3.75	0.014	0.766	zr	40	1.35E-06
3.75	0.014	0.766	nb	41	9.61E-08
3.75	0.014	0.766	mo	42	2.32E-07
3.75	0.014	0.766	ru	44	9.31E-08
3.75	0.014	0.766	rh	45	9.39E-09
3.75	0.014	0.766	pd	46	1.04E-07
3.75	0.014	0.766	ag	47	1.83E-08
3.75	0.014	0.766	cd	48	1.71E-07
3.75	0.014	0.766	in	49	1.30E-08
3.75	0.014	0.766	sn	50	4.61E-07
3.75	0.014	0.766	sb	51	1.38E-08
3.75	0.014	0.766	te	52	1.74E-07
3.75	0.014	0.766	i	53	1.90E-08
3.75	0.014	0.766	xe	54	2.47E-07
3.75	0.014	0.766	cs	55	1.51E-08
3.75	0.014	0.766	ba	56	7.26E-07
3.75	0.014	0.766	la	57	5.77E-08
3.75	0.014	0.766	ce	58	1.42E-07
3.75	0.014	0.766	pr	59	1.38E-08
3.75	0.014	0.766	nd	60	6.82E-08
3.75	0.014	0.766	sm	62	1.16E-08
3.75	0.014	0.766	eu	63	1.82E-09
3.75	0.014	0.766	gd	64	1.08E-08
3.75	0.014	0.766	tb	65	1.34E-09
3.75	0.014	0.766	dy	66	1.40E-08
3.75	0.014	0.766	ho	67	1.88E-09
3.75	0.014	0.766	er	68	9.74E-09
3.75	0.014	0.766	tm	69	1.20E-09
3.75	0.014	0.766	yb	70	1.72E-08
3.75	0.014	0.766	lu	71	2.02E-09
3.75	0.014	0.766	hf	72	1.59E-08
3.75	0.014	0.766	ta	73	1.90E-09
3.75	0.014	0.766	w	74	1.36E-08
3.75	0.014	0.766	re	75	2.11E-09
3.75	0.014	0.766	os	76	1.99E-08
3.75	0.014	0.766	ir	77	9.80E-09
3.75	0.014	0.766	pt	78	2.56E-08
3.75	0.014	0.766	au	79	4.21E-09
3.75	0.014	0.766	hg	80	3.90E-08
3.75	0.014	0.766	tl	81	2.07E-08
3.75	0.014	0.766	pb	82	2.87E-07
3.75	0.014	0.766	bi	83	3.48E-09
4.00	0.014	0.813	p	1	2.17E+00
4.00	0.014	0.813	he	2	9.65E-01
4.00	0.014	0.813	c	6	2.22E-02
4.00	0.014	0.813	n	7	6.79E-03
4.00	0.014	0.813	o	8	1.84E-02
4.00	0.014	0.813	f	9	5.51E-06
4.00	0.014	0.813	ne	10	7.11E-03
4.00	0.014	0.813	na	11	1.69E-04
4.00	0.014	0.813	mg	12	2.58E-03
4.00	0.014	0.813	al	13	2.15E-04
4.00	0.014	0.813	si	14	2.29E-03
4.00	0.014	0.813	p	15	2.35E-05
4.00	0.014	0.813	s	16	1.05E-03
4.00	0.014	0.813	cl	17	1.44E-05
4.00	0.014	0.813	ar	18	2.49E-04
4.00	0.014	0.813	k	19	1.09E-05
4.00	0.014	0.813	ca	20	1.77E-04
4.00	0.014	0.813	sc	21	1.45E-07
4.00	0.014	0.813	ti	22	8.97E-06
4.00	0.014	0.813	v	23	1.04E-06
4.00	0.014	0.813	cr	24	4.93E-05
4.00	0.014	0.813	mn	25	3.78E-05
4.00	0.014	0.813	fe	26	4.39E-03
4.00	0.014	0.813	co	27	1.61E-05
4.00	0.014	0.813	ni	28	2.19E-04
4.00	0.014	0.813	cu	29	4.29E-06
4.00	0.014	0.813	zn	30	7.82E-06
4.00	0.014	0.813	ga	31	4.25E-07
4.00	0.014	0.813	ge	32	1.35E-06
4.00	0.014	0.813	as	33	6.19E-08
4.00	0.014	0.813	se	34	1.18E-06
4.00	0.014	0.813	br	35	1.80E-07
4.00	0.014	0.813	kr	36	2.82E-06
4.00	0.014	0.813	rb	37	5.15E-07
4.00	0.014	0.813	sr	38	2.03E-06
4.00	0.014	0.813	y	39	5.25E-07
4.00	0.014	0.813	zr	40	1.23E-06
4.00	0.014	0.813	nb	41	8.92E-08
4.00	0.014	0.813	mo	42	2.37E-07
4.00	0.014	0.813	ru	44	7.96E-08
4.00	0.014	0.813	rh	45	7.92E-09
4.00	0.014	0.813	pd	46	7.87E-08
4.00	0.014	0.813	ag	47	1.45E-08
4.00	0.014	0.813	cd	48	1.36E-07
4.00	0.014	0.813	in	49	1.10E-08
4.00	0.014	0.813	sn	50	4.30E-07
4.00	0.014	0.813	sb	51	1.35E-08
4.00	0.014	0.813	te	52	1.71E-07
4.00	0.014	0.813	i	53	1.95E-08
4.00	0.014	0.813	xe	54	2.69E-07
4.00	0.014	0.813	cs	55	1.52E-08
4.00	0.014	0.813	ba	56	8.47E-07
4.00	0.014	0.813	la	57	7.11E-08
4.00	0.014	0.813	ce	58	1.89E-07
4.00	0.014	0.813	pr	59	1.83E-08
4.00	0.014	0.813	nd	60	8.44E-08
4.00	0.014	0.813	sm	62	1.48E-08
4.00	0.014	0.813	eu	63	2.18E-09
4.00	0.014	0.813	gd	64	1.37E-08
4.00	0.014	0.813	tb	65	1.65E-09
4.00	0.014	0.813	dy	66	1.80E-08
4.00	0.014	0.813	ho	67	2.30E-09
4.00	0.014	0.813	er	68	1.27E-08
4.00	0.014	0.813	tm	69	1.54E-09
4.00	0.014	0.813	yb	70	2.39E-08
4.00	0.014	0.813	lu	71	2.77E-09
4.00	0.014	0.813	hf	72	2.19E-08
4.00	0.014	0.813	ta	73	2.51E-09
4.00	0.014	0.813	w	74	1.85E-08
4.00	0.014	0.813	re	75	2.79E-09
4.00	0.014	0.813	os	76	2.54E-08
4.00	0.014	0.813	ir	77	1.11E-08
4.00	0.014	0.813	pt	78	3.06E-08
4.00	0.014	0.813	au	79	5.02E-09
4.00	0.014	0.813	hg	80	5.08E-08
4.00	0.014	0.813	tl	81	3.15E-08
4.00	0.014	0.813	pb	82	4.23E-07
4.00	0.014	0.813	bi	83	6.66E-09
4.25	0.014	0.853	p	1	2.30E+00
4.25	0.014	0.853	he	2	1.04E+00
4.25	0.014	0.853	c	6	1.83E-02
4.25	0.014	0.853	n	7	1.97E-02
4.25	0.014	0.853	o	8	1.93E-02
4.25	0.014	0.853	f	9	5.09E-06
4.25	0.014	0.853	ne	10	6.26E-03
4.25	0.014	0.853	na	11	1.69E-04
4.25	0.014	0.853	mg	12	2.74E-03
4.25	0.014	0.853	al	13	2.43E-04
4.25	0.014	0.853	si	14	2.45E-03
4.25	0.014	0.853	p	15	2.34E-05
4.25	0.014	0.853	s	16	1.12E-03
4.25	0.014	0.853	cl	17	1.54E-05
4.25	0.014	0.853	ar	18	2.66E-04
4.25	0.014	0.853	k	19	1.16E-05
4.25	0.014	0.853	ca	20	1.88E-04
4.25	0.014	0.853	sc	21	1.55E-07
4.25	0.014	0.853	ti	22	9.48E-06
4.25	0.014	0.853	v	23	1.11E-06
4.25	0.014	0.853	cr	24	5.26E-05
4.25	0.014	0.853	mn	25	4.03E-05
4.25	0.014	0.853	fe	26	4.68E-03
4.25	0.014	0.853	co	27	1.94E-05
4.25	0.014	0.853	ni	28	2.36E-04
4.25	0.014	0.853	cu	29	4.10E-06
4.25	0.014	0.853	zn	30	7.19E-06
4.25	0.014	0.853	ga	31	2.73E-07
4.25	0.014	0.853	ge	32	8.11E-07
4.25	0.014	0.853	as	33	4.20E-08
4.25	0.014	0.853	se	34	5.37E-07
4.25	0.014	0.853	br	35	8.89E-08
4.25	0.014	0.853	kr	36	6.77E-07
4.25	0.014	0.853	rb	37	1.19E-07
4.25	0.014	0.853	sr	38	4.97E-07
4.25	0.014	0.853	y	39	1.31E-07
4.25	0.014	0.853	zr	40	3.73E-07
4.25	0.014	0.853	nb	41	2.59E-08
4.25	0.014	0.853	mo	42	5.85E-08
4.25	0.014	0.853	ru	44	2.70E-08
4.25	0.014	0.853	rh	45	4.08E-09
4.25	0.014	0.853	pd	46	2.68E-08
4.25	0.014	0.853	ag	47	6.64E-09
4.25	0.014	0.853	cd	48	4.33E-08
4.25	0.014	0.853	in	49	3.90E-09
4.25	0.014	0.853	sn	50	1.43E-07
4.25	0.014	0.853	sb	51	5.28E-09
4.25	0.014	0.853	te	52	6.42E-08
4.25	0.014	0.853	i	53	1.36E-08
4.25	0.014	0.853	xe	54	1.25E-07
4.25	0.014	0.853	cs	55	7.68E-09
4.25	0.014	0.853	ba	56	3.19E-07
4.25	0.014	0.853	la	57	2.64E-08
4.25	0.014	0.853	ce	58	6.54E-08
4.25	0.014	0.853	pr	59	6.78E-09
4.25	0.014	0.853	nd	60	3.03E-08
4.25	0.014	0.853	sm	62	5.66E-09
4.25	0.014	0.853	eu	63	1.44E-09
4.25	0.014	0.853	gd	64	6.73E-09
4.25	0.014	0.853	tb	65	1.03E-09
4.25	0.014	0.853	dy	66	8.48E-09
4.25	0.014	0.853	ho	67	1.45E-09
4.25	0.014	0.853	er	68	5.59E-09
4.25	0.014	0.853	tm	69	7.84E-10
4.25	0.014	0.853	yb	70	7.96E-09
4.25	0.014	0.853	lu	71	1.05E-09
4.25	0.014	0.853	hf	72	6.69E-09
4.25	0.014	0.853	ta	73	8.39E-10
4.25	0.014	0.853	w	74	5.89E-09
4.25	0.014	0.853	re	75	1.25E-09
4.25	0.014	0.853	os	76	1.29E-08
4.25	0.014	0.853	ir	77	9.93E-09
4.25	0.014	0.853	pt	78	2.07E-08
4.25	0.014	0.853	au	79	3.40E-09
4.25	0.014	0.853	hg	80	1.49E-08
4.25	0.014	0.853	tl	81	7.47E-09
4.25	0.014	0.853	pb	82	8.81E-08
4.25	0.014	0.853	bi	83	2.53E-09
4.50	0.014	0.862	p	1	2.45E+00
4.50	0.014	0.862	he	2	1.13E+00
4.50	0.014	0.862	c	6	1.47E-02
4.50	0.014	0.862	n	7	2.29E-02
4.50	0.014	0.862	o	8	2.06E-02
4.50	0.014	0.862	f	9	4.52E-06
4.50	0.014	0.862	ne	10	6.36E-03
4.50	0.014	0.862	na	11	1.80E-04
4.50	0.014	0.862	mg	12	2.90E-03
4.50	0.014	0.862	al	13	2.54E-04
4.50	0.014	0.862	si	14	2.62E-03
4.50	0.014	0.862	p	15	2.49E-05
4.50	0.014	0.862	s	16	1.20E-03
4.50	0.014	0.862	cl	17	1.63E-05
4.50	0.014	0.862	ar	18	2.85E-04
4.50	0.014	0.862	k	19	1.24E-05
4.50	0.014	0.862	ca	20	2.02E-04
4.50	0.014	0.862	sc	21	1.59E-07
4.50	0.014	0.862	ti	22	1.02E-05
4.50	0.014	0.862	v	23	1.19E-06
4.50	0.014	0.862	cr	24	5.64E-05
4.50	0.014	0.862	mn	25	4.32E-05
4.50	0.014	0.862	fe	26	5.02E-03
4.50	0.014	0.862	co	27	1.92E-05
4.50	0.014	0.862	ni	28	2.50E-04
4.50	0.014	0.862	cu	29	4.61E-06
4.50	0.014	0.862	zn	30	7.74E-06
4.50	0.014	0.862	ga	31	2.91E-07
4.50	0.014	0.862	ge	32	8.60E-07
4.50	0.014	0.862	as	33	4.47E-08
4.50	0.014	0.862	se	34	5.63E-07
4.50	0.014	0.862	br	35	9.36E-08
4.50	0.014	0.862	kr	36	7.02E-07
4.50	0.014	0.862	rb	37	1.20E-07
4.50	0.014	0.862	sr	38	4.97E-07
4.50	0.014	0.862	y	39	1.29E-07
4.50	0.014	0.862	zr	40	3.38E-07
4.50	0.014	0.862	nb	41	2.55E-08
4.50	0.014	0.862	mo	42	7.37E-08
4.50	0.014	0.862	ru	44	2.82E-08
4.50	0.014	0.862	rh	45	4.28E-09
4.50	0.014	0.862	pd	46	2.72E-08
4.50	0.014	0.862	ag	47	6.89E-09
4.50	0.014	0.862	cd	48	4.40E-08
4.50	0.014	0.862	in	49	4.01E-09
4.50	0.014	0.862	sn	50	1.43E-07
4.50	0.014	0.862	sb	51	5.34E-09
4.50	0.014	0.862	te	52	6.45E-08
4.50	0.014	0.862	i	53	1.44E-08
4.50	0.014	0.862	xe	54	1.27E-07
4.50	0.014	0.862	cs	55	7.94E-09
4.50	0.014	0.862	ba	56	3.32E-07
4.50	0.014	0.862	la	57	2.81E-08
4.50	0.014	0.862	ce	58	6.99E-08
4.50	0.014	0.862	pr	59	7.25E-09
4.50	0.014	0.862	nd	60	3.27E-08
4.50	0.014	0.862	sm	62	6.12E-09
4.50	0.014	0.862	eu	63	1.56E-09
4.50	0.014	0.862	gd	64	7.22E-09
4.50	0.014	0.862	tb	65	1.10E-09
4.50	0.014	0.862	dy	66	9.16E-09
4.50	0.014	0.862	ho	67	1.56E-09
4.50	0.014	0.862	er	68	6.04E-09
4.50	0.014	0.862	tm	69	8.47E-10
4.50	0.014	0.862	yb	70	8.62E-09
4.50	0.014	0.862	lu	71	1.13E-09
4.50	0.014	0.862	hf	72	7.26E-09
4.50	0.014	0.862	ta	73	9.10E-10
4.50	0.014	0.862	w	74	6.09E-09
4.50	0.014	0.862	re	75	1.34E-09
4.50	0.014	0.862	os	76	1.45E-08
4.50	0.014	0.862	ir	77	1.07E-08
4.50	0.014	0.862	pt	78	2.23E-08
4.50	0.014	0.862	au	79	3.66E-09
4.50	0.014	0.862	hg	80	1.63E-08
4.50	0.014	0.862	tl	81	8.08E-09
4.50	0.014	0.862	pb	82	9.42E-08
4.50	0.014	0.862	bi	83	2.70E-09
4.75	0.014	0.870	p	1	2.58E+00
4.75	0.014	0.870	he	2	1.24E+00
4.75	0.014	0.870	c	6	9.23E-03
4.75	0.014	0.870	n	7	3.19E-02
4.75	0.014	0.870	o	8	2.15E-02
4.75	0.014	0.870	f	9	3.88E-06
4.75	0.014	0.870	ne	10	6.74E-03
4.75	0.014	0.870	na	11	1.96E-04
4.75	0.014	0.870	mg	12	3.10E-03
4.75	0.014	0.870	al	13	2.71E-04
4.75	0.014	0.870	si	14	2.80E-03
4.75	0.014	0.870	p	15	2.67E-05
4.75	0.014	0.870	s	16	1.28E-03
4.75	0.014	0.870	cl	17	1.74E-05
4.75	0.014	0.870	ar	18	3.04E-04
4.75	0.014	0.870	k	19	1.32E-05
4.75	0.014	0.870	ca	20	2.15E-04
4.75	0.014	0.870	sc	21	1.70E-07
4.75	0.014	0.870	ti	22	1.08E-05
4.75	0.014	0.870	v	23	1.27E-06
4.75	0.014	0.870	cr	24	6.01E-05
4.75	0.014	0.870	mn	25	4.60E-05
4.75	0.014	0.870	fe	26	5.35E-03
4.75	0.014	0.870	co	27	2.09E-05
4.75	0.014	0.870	ni	28	2.67E-04
4.75	0.014	0.870	cu	29	5.04E-06
4.75	0.014	0.870	zn	30	8.29E-06
4.75	0.014	0.870	ga	31	3.15E-07
4.75	0.014	0.870	ge	32	9.30E-07
4.75	0.014	0.870	as	33	4.80E-08
4.75	0.014	0.870	se	34	6.10E-07
4.75	0.014	0.870	br	35	1.01E-07
4.75	0.014	0.870	kr	36	7.73E-07
4.75	0.014	0.870	rb	37	1.33E-07
4.75	0.014	0.870	sr	38	5.29E-07
4.75	0.014	0.870	y	39	1.38E-07
4.75	0.014	0.870	zr	40	3.64E-07
4.75	0.014	0.870	nb	41	2.75E-08
4.75	0.014	0.870	mo	42	8.07E-08
4.75	0.014	0.870	ru	44	3.03E-08
4.75	0.014	0.870	rh	45	4.55E-09
4.75	0.014	0.870	pd	46	2.84E-08
4.75	0.014	0.870	ag	47	7.24E-09
4.75	0.014	0.870	cd	48	4.57E-08
4.75	0.014	0.870	in	49	4.20E-09
4.75	0.014	0.870	sn	50	1.52E-07
4.75	0.014	0.870	sb	51	5.70E-09
4.75	0.014	0.870	te	52	6.88E-08
4.75	0.014	0.870	i	53	1.53E-08
4.75	0.014	0.870	xe	54	1.36E-07
4.75	0.014	0.870	cs	55	8.44E-09
4.75	0.014	0.870	ba	56	3.48E-07
4.75	0.014	0.870	la	57	2.91E-08
4.75	0.014	0.870	ce	58	7.21E-08
4.75	0.014	0.870	pr	59	7.50E-09
4.75	0.014	0.870	nd	60	3.38E-08
4.75	0.014	0.870	sm	62	6.33E-09
4.75	0.014	0.870	eu	63	1.64E-09
4.75	0.014	0.870	gd	64	7.55E-09
4.75	0.014	0.870	tb	65	1.16E-09
4.75	0.014	0.870	dy	66	9.58E-09
4.75	0.014	0.870	ho	67	1.65E-09
4.75	0.014	0.870	er	68	6.30E-09
4.75	0.014	0.870	tm	69	8.88E-10
4.75	0.014	0.870	yb	70	8.90E-09
4.75	0.014	0.870	lu	71	1.18E-09
4.75	0.014	0.870	hf	72	7.47E-09
4.75	0.014	0.870	ta	73	9.41E-10
4.75	0.014	0.870	w	74	6.27E-09
4.75	0.014	0.870	re	75	1.41E-09
4.75	0.014	0.870	os	76	1.53E-08
4.75	0.014	0.870	ir	77	1.14E-08
4.75	0.014	0.870	pt	78	2.36E-08
4.75	0.014	0.870	au	79	3.88E-09
4.75	0.014	0.870	hg	80	1.68E-08
4.75	0.014	0.870	tl	81	8.34E-09
4.75	0.014	0.870	pb	82	9.89E-08
4.75	0.014	0.870	bi	83	2.88E-09
5.00	0.014	0.879	p	1	2.71E+00
5.00	0.014	0.879	he	2	1.34E+00
5.00	0.014	0.879	c	6	7.08E-03
5.00	0.014	0.879	n	7	3.90E-02
5.00	0.014	0.879	o	8	2.21E-02
5.00	0.014	0.879	f	9	2.05E-06
5.00	0.014	0.879	ne	10	7.20E-03
5.00	0.014	0.879	na	11	2.12E-04
5.00	0.014	0.879	mg	12	3.31E-03
5.00	0.014	0.879	al	13	2.92E-04
5.00	0.014	0.879	si	14	2.97E-03
5.00	0.014	0.879	p	15	2.82E-05
5.00	0.014	0.879	s	16	1.36E-03
5.00	0.014	0.879	cl	17	1.86E-05
5.00	0.014	0.879	ar	18	3.23E-04
5.00	0.014	0.879	k	19	1.41E-05
5.00	0.014	0.879	ca	20	2.29E-04
5.00	0.014	0.879	sc	21	1.81E-07
5.00	0.014	0.879	ti	22	1.15E-05
5.00	0.014	0.879	v	23	1.34E-06
5.00	0.014	0.879	cr	24	6.38E-05
5.00	0.014	0.879	mn	25	4.88E-05
5.00	0.014	0.879	fe	26	5.68E-03
5.00	0.014	0.879	co	27	2.32E-05
5.00	0.014	0.879	ni	28	2.86E-04
5.00	0.014	0.879	cu	29	5.67E-06
5.00	0.014	0.879	zn	30	8.75E-06
5.00	0.014	0.879	ga	31	3.19E-07
5.00	0.014	0.879	ge	32	9.16E-07
5.00	0.014	0.879	as	33	4.79E-08
5.00	0.014	0.879	se	34	5.42E-07
5.00	0.014	0.879	br	35	9.17E-08
5.00	0.014	0.879	kr	36	4.94E-07
5.00	0.014	0.879	rb	37	7.32E-08
5.00	0.014	0.879	sr	38	2.10E-07
5.00	0.014	0.879	y	39	4.10E-08
5.00	0.014	0.879	zr	40	9.37E-08
5.00	0.014	0.879	nb	41	7.20E-09
5.00	0.014	0.879	mo	42	1.90E-08
5.00	0.014	0.879	ru	44	1.26E-08
5.00	0.014	0.879	rh	45	3.41E-09
5.00	0.014	0.879	pd	46	1.21E-08
5.00	0.014	0.879	ag	47	4.94E-09
5.00	0.014	0.879	cd	48	1.55E-08
5.00	0.014	0.879	in	49	1.85E-09
5.00	0.014	0.879	sn	50	3.61E-08
5.00	0.014	0.879	sb	51	2.09E-09
5.00	0.014	0.879	te	52	1.95E-08
5.00	0.014	0.879	i	53	1.30E-08
5.00	0.014	0.879	xe	54	6.14E-08
5.00	0.014	0.879	cs	55	4.65E-09
5.00	0.014	0.879	ba	56	6.30E-08
5.00	0.014	0.879	la	57	6.10E-09
5.00	0.014	0.879	ce	58	1.58E-08
5.00	0.014	0.879	pr	59	2.38E-09
5.00	0.014	0.879	nd	60	1.13E-08
5.00	0.014	0.879	sm	62	2.84E-09
5.00	0.014	0.879	eu	63	1.42E-09
5.00	0.014	0.879	gd	64	5.11E-09
5.00	0.014	0.879	tb	65	9.57E-10
5.00	0.014	0.879	dy	66	6.35E-09
5.00	0.014	0.879	ho	67	1.40E-09
5.00	0.014	0.879	er	68	3.98E-09
5.00	0.014	0.879	tm	69	6.45E-10
5.00	0.014	0.879	yb	70	3.73E-09
5.00	0.014	0.879	lu	71	6.34E-10
5.00	0.014	0.879	hf	72	2.78E-09
5.00	0.014	0.879	ta	73	4.12E-10
5.00	0.014	0.879	w	74	2.50E-09
5.00	0.014	0.879	re	75	9.90E-10
5.00	0.014	0.879	os	76	1.24E-08
5.00	0.014	0.879	ir	77	1.15E-08
5.00	0.014	0.879	pt	78	2.18E-08
5.00	0.014	0.879	au	79	3.60E-09
5.00	0.014	0.879	hg	80	8.53E-09
5.00	0.014	0.879	tl	81	3.92E-09
5.00	0.014	0.879	pb	82	6.80E-08
5.00	0.014	0.879	bi	83	2.77E-09
5.50	0.014	0.900	p	1	2.97E+00
5.50	0.014	0.900	he	2	1.56E+00
5.50	0.014	0.900	c	6	6.21E-03
5.50	0.014	0.900	n	7	4.62E-02
5.50	0.014	0.900	o	8	2.24E-02
5.50	0.014	0.900	f	9	1.14E-06
5.50	0.014	0.900	ne	10	7.85E-03
5.50	0.014	0.900	na	11	2.40E-04
5.50	0.014	0.900	mg	12	3.70E-03
5.50	0.014	0.900	al	13	3.30E-04
5.50	0.014	0.900	si	14	3.33E-03
5.50	0.014	0.900	p	15	3.16E-05
5.50	0.014	0.900	s	16	1.52E-03
5.50	0.014	0.900	cl	17	2.07E-05
5.50	0.014	0.900	ar	18	3.60E-04
5.50	0.014	0.900	k	19	1.57E-05
5.50	0.014	0.900	ca	20	2.55E-04
5.50	0.014	0.900	sc	21	2.02E-07
5.50	0.014	0.900	ti	22	1.28E-05
5.50	0.014	0.900	v	23	1.50E-06
5.50	0.014	0.900	cr	24	7.13E-05
5.50	0.014	0.900	mn	25	5.44E-05
5.50	0.014	0.900	fe	26	6.34E-03
5.50	0.014	0.900	co	27	2.60E-05
5.50	0.014	0.900	ni	28	3.22E-04
5.50	0.014	0.900	cu	29	6.62E-06
5.50	0.014	0.900	zn	30	9.92E-06
5.50	0.014	0.900	ga	31	3.73E-07
5.50	0.014	0.900	ge	32	1.07E-06
5.50	0.014	0.900	as	33	5.50E-08
5.50	0.014	0.900	se	34	6.36E-07
5.50	0.014	0.900	br	35	1.07E-07
5.50	0.014	0.900	kr	36	5.77E-07
5.50	0.014	0.900	rb	37	8.78E-08
5.50	0.014	0.900	sr	38	2.40E-07
5.50	0.014	0.900	y	39	4.66E-08
5.50	0.014	0.900	zr	40	1.06E-07
5.50	0.014	0.900	nb	41	8.11E-09
5.50	0.014	0.900	mo	42	2.14E-08
5.50	0.014	0.900	ru	44	1.41E-08
5.50	0.014	0.900	rh	45	3.81E-09
5.50	0.014	0.900	pd	46	1.36E-08
5.50	0.014	0.900	ag	47	5.53E-09
5.50	0.014	0.900	cd	48	1.73E-08
5.50	0.014	0.900	in	49	2.06E-09
5.50	0.014	0.900	sn	50	4.03E-08
5.50	0.014	0.900	sb	51	2.33E-09
5.50	0.014	0.900	te	52	2.17E-08
5.50	0.014	0.900	i	53	1.45E-08
5.50	0.014	0.900	xe	54	6.86E-08
5.50	0.014	0.900	cs	55	5.19E-09
5.50	0.014	0.900	ba	56	7.04E-08
5.50	0.014	0.900	la	57	6.82E-09
5.50	0.014	0.900	ce	58	1.76E-08
5.50	0.014	0.900	pr	59	2.66E-09
5.50	0.014	0.900	nd	60	1.26E-08
5.50	0.014	0.900	sm	62	3.17E-09
5.50	0.014	0.900	eu	63	1.58E-09
5.50	0.014	0.900	gd	64	5.71E-09
5.50	0.014	0.900	tb	65	1.07E-09
5.50	0.014	0.900	dy	66	7.09E-09
5.50	0.014	0.900	ho	67	1.57E-09
5.50	0.014	0.900	er	68	4.44E-09
5.50	0.014	0.900	tm	69	7.21E-10
5.50	0.014	0.900	yb	70	4.15E-09
5.50	0.014	0.900	lu	71	7.07E-10
5.50	0.014	0.900	hf	72	3.09E-09
5.50	0.014	0.900	ta	73	4.58E-10
5.50	0.014	0.900	w	74	2.78E-09
5.50	0.014	0.900	re	75	1.11E-09
5.50	0.014	0.900	os	76	1.38E-08
5.50	0.014	0.900	ir	77	1.29E-08
5.50	0.014	0.900	pt	78	2.44E-08
5.50	0.014	0.900	au	79	4.02E-09
5.50	0.014	0.900	hg	80	9.47E-09
5.50	0.014	0.900	tl	81	4.34E-09
5.50	0.014	0.900	pb	82	7.60E-08
5.50	0.014	0.900	bi	83	3.09E-09
6.00	0.014	0.921	p	1	3.23E+00
6.00	0.014	0.921	he	2	1.77E+00
6.00	0.014	0.921	c	6	6.08E-03
6.00	0.014	0.921	n	7	4.80E-02
6.00	0.014	0.921	o	8	2.24E-02
6.00	0.014	0.921	f	9	8.55E-07
6.00	0.014	0.921	ne	10	8.22E-03
6.00	0.014	0.921	na	11	2.57E-04
6.00	0.014	0.921	mg	12	4.06E-03
6.00	0.014	0.921	al	13	3.64E-04
6.00	0.014	0.921	si	14	3.68E-03
6.00	0.014	0.921	p	15	3.49E-05
6.00	0.014	0.921	s	16	1.68E-03
6.00	0.014	0.921	cl	17	2.27E-05
6.00	0.014	0.921	ar	18	3.98E-04
6.00	0.014	0.921	k	19	1.73E-05
6.00	0.014	0.921	ca	20	2.82E-04
6.00	0.014	0.921	sc	21	2.19E-07
6.00	0.014	0.921	ti	22	1.41E-05
6.00	0.014	0.921	v	23	1.66E-06
6.00	0.014	0.921	cr	24	7.87E-05
6.00	0.014	0.921	mn	25	6.01E-05
6.00	0.014	0.921	fe	26	7.00E-03
6.00	0.014	0.921	co	27	2.72E-05
6.00	0.014	0.921	ni	28	3.55E-04
6.00	0.014	0.921	cu	29	7.11E-06
6.00	0.014	0.921	zn	30	1.10E-05
6.00	0.014	0.921	ga	31	4.13E-07
6.00	0.014	0.921	ge	32	1.19E-06
6.00	0.014	0.921	as	33	6.11E-08
6.00	0.014	0.921	se	34	7.13E-07
6.00	0.014	0.921	br	35	1.19E-07
6.00	0.014	0.921	kr	36	6.52E-07
6.00	0.014	0.921	rb	37	1.00E-07
6.00	0.014	0.921	sr	38	2.70E-07
6.00	0.014	0.921	y	39	5.22E-08
6.00	0.014	0.921	zr	40	1.18E-07
6.00	0.014	0.921	nb	41	9.00E-09
6.00	0.014	0.921	mo	42	2.38E-08
6.00	0.014	0.921	ru	44	1.57E-08
6.00	0.014	0.921	rh	45	4.21E-09
6.00	0.014	0.921	pd	46	1.50E-08
6.00	0.014	0.921	ag	47	6.11E-09
6.00	0.014	0.921	cd	48	1.92E-08
6.00	0.014	0.921	in	49	2.28E-09
6.00	0.014	0.921	sn	50	4.45E-08
6.00	0.014	0.921	sb	51	2.58E-09
6.00	0.014	0.921	te	52	2.40E-08
6.00	0.014	0.921	i	53	1.60E-08
6.00	0.014	0.921	xe	54	7.59E-08
6.00	0.014	0.921	cs	55	5.73E-09
6.00	0.014	0.921	ba	56	7.75E-08
6.00	0.014	0.921	la	57	7.52E-09
6.00	0.014	0.921	ce	58	1.94E-08
6.00	0.014	0.921	pr	59	2.94E-09
6.00	0.014	0.921	nd	60	1.39E-08
6.00	0.014	0.921	sm	62	3.51E-09
6.00	0.014	0.921	eu	63	1.74E-09
6.00	0.014	0.921	gd	64	6.33E-09
6.00	0.014	0.921	tb	65	1.18E-09
6.00	0.014	0.921	dy	66	7.86E-09
6.00	0.014	0.921	ho	67	1.73E-09
6.00	0.014	0.921	er	68	4.93E-09
6.00	0.014	0.921	tm	69	7.94E-10
6.00	0.014	0.921	yb	70	4.58E-09
6.00	0.014	0.921	lu	71	7.79E-10
6.00	0.014	0.921	hf	72	3.39E-09
6.00	0.014	0.921	ta	73	5.02E-10
6.00	0.014	0.921	w	74	3.05E-09
6.00	0.014	0.921	re	75	1.21E-09
6.00	0.014	0.921	os	76	1.53E-08
6.00	0.014	0.921	ir	77	1.42E-08
6.00	0.014	0.921	pt	78	2.71E-08
6.00	0.014	0.921	au	79	4.44E-09
6.00	0.014	0.921	hg	80	1.04E-08
6.00	0.014	0.921	tl	81	4.71E-09
6.00	0.014	0.921	pb	82	8.38E-08
6.00	0.014	0.921	bi	83	3.41E-09
7.00	0.014	0.976	p	1	3.78E+00
7.00	0.014	0.976	he	2	2.17E+00
7.00	0.014	0.976	c	6	4.81E-03
7.00	0.014	0.976	n	7	4.61E-02
7.00	0.014	0.976	o	8	2.46E-02
7.00	0.014	0.976	f	9	4.64E-07
7.00	0.014	0.976	ne	10	8.82E-03
7.00	0.014	0.976	na	11	2.84E-04
7.00	0.014	0.976	mg	12	4.69E-03
7.00	0.014	0.976	al	13	4.13E-04
7.00	0.014	0.976	si	14	4.34E-03
7.00	0.014	0.976	p	15	4.07E-05
7.00	0.014	0.976	s	16	1.99E-03
7.00	0.014	0.976	cl	17	2.66E-05
7.00	0.014	0.976	ar	18	4.73E-04
7.00	0.014	0.976	k	19	2.05E-05
7.00	0.014	0.976	ca	20	3.35E-04
7.00	0.014	0.976	sc	21	2.42E-07
7.00	0.014	0.976	ti	22	1.68E-05
7.00	0.014	0.976	v	23	1.98E-06
7.00	0.014	0.976	cr	24	9.34E-05
7.00	0.014	0.976	mn	25	7.17E-05
7.00	0.014	0.976	fe	26	8.32E-03
7.00	0.014	0.976	co	27	2.67E-05
7.00	0.014	0.976	ni	28	4.13E-04
7.00	0.014	0.976	cu	29	7.11E-06
7.00	0.014	0.976	zn	30	1.27E-05
7.00	0.014	0.976	ga	31	4.46E-07
7.00	0.014	0.976	ge	32	1.31E-06
7.00	0.014	0.976	as	33	6.96E-08
7.00	0.014	0.976	se	34	7.90E-07
7.00	0.014	0.976	br	35	1.34E-07
7.00	0.014	0.976	kr	36	7.31E-07
7.00	0.014	0.976	rb	37	1.07E-07
7.00	0.014	0.976	sr	38	3.09E-07
7.00	0.014	0.976	y	39	6.01E-08
7.00	0.014	0.976	zr	40	1.37E-07
7.00	0.014	0.976	nb	41	1.05E-08
7.00	0.014	0.976	mo	42	2.80E-08
7.00	0.014	0.976	ru	44	1.86E-08
7.00	0.014	0.976	rh	45	5.00E-09
7.00	0.014	0.976	pd	46	1.79E-08
7.00	0.014	0.976	ag	47	7.27E-09
7.00	0.014	0.976	cd	48	2.28E-08
7.00	0.014	0.976	in	49	2.70E-09
7.00	0.014	0.976	sn	50	5.24E-08
7.00	0.014	0.976	sb	51	3.06E-09
7.00	0.014	0.976	te	52	2.85E-08
7.00	0.014	0.976	i	53	1.90E-08
7.00	0.014	0.976	xe	54	9.03E-08
7.00	0.014	0.976	cs	55	6.81E-09
7.00	0.014	0.976	ba	56	9.09E-08
7.00	0.014	0.976	la	57	8.89E-09
7.00	0.014	0.976	ce	58	2.30E-08
7.00	0.014	0.976	pr	59	3.48E-09
7.00	0.014	0.976	nd	60	1.65E-08
7.00	0.014	0.976	sm	62	4.18E-09
7.00	0.014	0.976	eu	63	2.05E-09
7.00	0.014	0.976	gd	64	7.57E-09
7.00	0.014	0.976	tb	65	1.39E-09
7.00	0.014	0.976	dy	66	9.40E-09
7.00	0.014	0.976	ho	67	2.05E-09
7.00	0.014	0.976	er	68	5.89E-09
7.00	0.014	0.976	tm	69	9.42E-10
7.00	0.014	0.976	yb	70	5.43E-09
7.00	0.014	0.976	lu	71	9.21E-10
7.00	0.014	0.976	hf	72	3.98E-09
7.00	0.014	0.976	ta	73	5.88E-10
7.00	0.014	0.976	w	74	3.57E-09
7.00	0.014	0.976	re	75	1.43E-09
7.00	0.014	0.976	os	76	1.82E-08
7.00	0.014	0.976	ir	77	1.68E-08
7.00	0.014	0.976	pt	78	3.26E-08
7.00	0.014	0.976	au	79	5.28E-09
7.00	0.014	0.976	hg	80	1.22E-08
7.00	0.014	0.976	tl	81	5.38E-09
7.00	0.014	0.976	pb	82	9.88E-08
7.00	0.014	0.976	bi	83	4.04E-09
8.00	0.014	1.062	p	1	4.31E+00
8.00	0.014	1.062	he	2	2.55E+00
8.00	0.014	1.062	c	6	4.15E-03
8.00	0.014	1.062	n	7	4.49E-02
8.00	0.014	1.062	o	8	2.93E-02
8.00	0.014	1.062	f	9	1.86E-07
8.00	0.014	1.062	ne	10	9.71E-03
8.00	0.014	1.062	na	11	3.19E-04
8.00	0.014	1.062	mg	12	5.40E-03
8.00	0.014	1.062	al	13	4.55E-04
8.00	0.014	1.062	si	14	4.99E-03
8.00	0.014	1.062	p	15	4.69E-05
8.00	0.014	1.062	s	16	2.30E-03
8.00	0.014	1.062	cl	17	3.04E-05
8.00	0.014	1.062	ar	18	5.45E-04
8.00	0.014	1.062	k	19	2.35E-05
8.00	0.014	1.062	ca	20	3.87E-04
8.00	0.014	1.062	sc	21	2.72E-07
8.00	0.014	1.062	ti	22	1.93E-05
8.00	0.014	1.062	v	23	2.28E-06
8.00	0.014	1.062	cr	24	1.08E-04
8.00	0.014	1.062	mn	25	8.30E-05
8.00	0.014	1.062	fe	26	9.59E-03
8.00	0.014	1.062	co	27	2.75E-05
8.00	0.014	1.062	ni	28	4.76E-04
8.00	0.014	1.062	cu	29	7.95E-06
8.00	0.014	1.062	zn	30	1.47E-05
8.00	0.014	1.062	ga	31	5.33E-07
8.00	0.014	1.062	ge	32	1.57E-06
8.00	0.014	1.062	as	33	8.25E-08
8.00	0.014	1.062	se	34	9.75E-07
8.00	0.014	1.062	br	35	1.63E-07
8.00	0.014	1.062	kr	36	9.29E-07
8.00	0.014	1.062	rb	37	1.44E-07
8.00	0.014	1.062	sr	38	3.80E-07
8.00	0.014	1.062	y	39	7.31E-08
8.00	0.014	1.062	zr	40	1.64E-07
8.00	0.014	1.062	nb	41	1.24E-08
8.00	0.014	1.062	mo	42	3.31E-08
8.00	0.014	1.062	ru	44	2.17E-08
8.00	0.014	1.062	rh	45	5.77E-09
8.00	0.014	1.062	pd	46	2.09E-08
8.00	0.014	1.062	ag	47	8.40E-09
8.00	0.014	1.062	cd	48	2.65E-08
8.00	0.014	1.062	in	49	3.12E-09
8.00	0.014	1.062	sn	50	6.05E-08
8.00	0.014	1.062	sb	51	3.52E-09
8.00	0.014	1.062	te	52	3.28E-08
8.00	0.014	1.062	i	53	2.18E-08
8.00	0.014	1.062	xe	54	1.04E-07
8.00	0.014	1.062	cs	55	7.84E-09
8.00	0.014	1.062	ba	56	1.05E-07
8.00	0.014	1.062	la	57	1.02E-08
8.00	0.014	1.062	ce	58	2.65E-08
8.00	0.014	1.062	pr	59	4.01E-09
8.00	0.014	1.062	nd	60	1.91E-08
8.00	0.014	1.062	sm	62	4.82E-09
8.00	0.014	1.062	eu	63	2.34E-09
8.00	0.014	1.062	gd	64	8.77E-09
8.00	0.014	1.062	tb	65	1.60E-09
8.00	0.014	1.062	dy	66	1.09E-08
8.00	0.014	1.062	ho	67	2.35E-09
8.00	0.014	1.062	er	68	6.82E-09
8.00	0.014	1.062	tm	69	1.08E-09
8.00	0.014	1.062	yb	70	6.27E-09
8.00	0.014	1.062	lu	71	1.06E-09
8.00	0.014	1.062	hf	72	4.57E-09
8.00	0.014	1.062	ta	73	6.71E-10
8.00	0.014	1.062	w	74	4.09E-09
8.00	0.014	1.062	re	75	1.63E-09
8.00	0.014	1.062	os	76	2.09E-08
8.00	0.014	1.062	ir	77	1.93E-08
8.00	0.014	1.062	pt	78	3.79E-08
8.00	0.014	1.062	au	79	6.08E-09
8.00	0.014	1.062	hg	80	1.40E-08
8.00	0.014	1.062	tl	81	6.07E-09
8.00	0.014	1.062	pb	82	1.14E-07
8.00	0.014	1.062	bi	83	4.65E-09