1.00	0.007	0.606	p	1	2.83E-01
1.00	0.007	0.606	he	2	1.11E-01
1.00	0.007	0.606	c	6	4.21E-04
1.00	0.007	0.606	n	7	2.42E-04
1.00	0.007	0.606	o	8	1.19E-03
1.00	0.007	0.606	f	9	7.67E-08
1.00	0.007	0.606	ne	10	2.65E-04
1.00	0.007	0.606	na	11	6.86E-06
1.00	0.007	0.606	mg	12	1.49E-04
1.00	0.007	0.606	al	13	1.12E-05
1.00	0.007	0.606	si	14	1.40E-04
1.00	0.007	0.606	p	15	1.29E-06
1.00	0.007	0.606	s	16	6.53E-05
1.00	0.007	0.606	cl	17	8.48E-07
1.00	0.007	0.606	ar	18	1.55E-05
1.00	0.007	0.606	k	19	6.61E-07
1.00	0.007	0.606	ca	20	1.10E-05
1.00	0.007	0.606	sc	21	7.11E-09
1.00	0.007	0.606	ti	22	5.48E-07
1.00	0.007	0.606	v	23	6.53E-08
1.00	0.007	0.606	cr	24	3.06E-06
1.00	0.007	0.606	mn	25	2.34E-06
1.00	0.007	0.606	fe	26	2.73E-04
1.00	0.007	0.606	co	27	6.15E-07
1.00	0.007	0.606	ni	28	1.31E-05
1.00	0.007	0.606	cu	29	1.59E-07
1.00	0.007	0.606	zn	30	3.93E-07
1.00	0.007	0.606	ga	31	1.18E-08
1.00	0.007	0.606	ge	32	3.59E-08
1.00	0.007	0.606	as	33	2.11E-09
1.00	0.007	0.606	se	34	2.20E-08
1.00	0.007	0.606	br	35	3.90E-09
1.00	0.007	0.606	kr	36	2.09E-08
1.00	0.007	0.606	rb	37	2.65E-09
1.00	0.007	0.606	sr	38	9.42E-09
1.00	0.007	0.606	y	39	1.85E-09
1.00	0.007	0.606	zr	40	4.35E-09
1.00	0.007	0.606	nb	41	3.36E-10
1.00	0.007	0.606	mo	42	8.91E-10
1.00	0.007	0.606	ru	44	6.06E-10
1.00	0.007	0.606	rh	45	1.66E-10
1.00	0.007	0.606	pd	46	5.84E-10
1.00	0.007	0.606	ag	47	2.41E-10
1.00	0.007	0.606	cd	48	7.41E-10
1.00	0.007	0.606	in	49	8.91E-11
1.00	0.007	0.606	sn	50	1.70E-09
1.00	0.007	0.606	sb	51	1.00E-10
1.00	0.007	0.606	te	52	9.28E-10
1.00	0.007	0.606	i	53	6.34E-10
1.00	0.007	0.606	xe	54	2.95E-09
1.00	0.007	0.606	cs	55	2.25E-10
1.00	0.007	0.606	ba	56	2.92E-09
1.00	0.007	0.606	la	57	2.89E-10
1.00	0.007	0.606	ce	58	7.47E-10
1.00	0.007	0.606	pr	59	1.14E-10
1.00	0.007	0.606	nd	60	5.41E-10
1.00	0.007	0.606	sm	62	1.37E-10
1.00	0.007	0.606	eu	63	6.93E-11
1.00	0.007	0.606	gd	64	2.49E-10
1.00	0.007	0.606	tb	65	4.68E-11
1.00	0.007	0.606	dy	66	3.08E-10
1.00	0.007	0.606	ho	67	6.86E-11
1.00	0.007	0.606	er	68	1.93E-10
1.00	0.007	0.606	tm	69	3.14E-11
1.00	0.007	0.606	yb	70	1.76E-10
1.00	0.007	0.606	lu	71	3.02E-11
1.00	0.007	0.606	hf	72	1.29E-10
1.00	0.007	0.606	ta	73	1.93E-11
1.00	0.007	0.606	w	74	1.16E-10
1.00	0.007	0.606	re	75	4.30E-11
1.00	0.007	0.606	os	76	6.05E-10
1.00	0.007	0.606	ir	77	5.66E-10
1.00	0.007	0.606	pt	78	1.06E-09
1.00	0.007	0.606	au	79	1.75E-10
1.00	0.007	0.606	hg	80	3.89E-10
1.00	0.007	0.606	tl	81	1.70E-10
1.00	0.007	0.606	pb	82	3.20E-09
1.00	0.007	0.606	bi	83	1.32E-10
1.25	0.007	0.629	p	1	4.45E-01
1.25	0.007	0.629	he	2	1.76E-01
1.25	0.007	0.629	c	6	5.92E-04
1.25	0.007	0.629	n	7	4.62E-04
1.25	0.007	0.629	o	8	1.88E-03
1.25	0.007	0.629	f	9	1.22E-07
1.25	0.007	0.629	ne	10	4.18E-04
1.25	0.007	0.629	na	11	1.08E-05
1.25	0.007	0.629	mg	12	2.36E-04
1.25	0.007	0.629	al	13	1.77E-05
1.25	0.007	0.629	si	14	2.21E-04
1.25	0.007	0.629	p	15	2.03E-06
1.25	0.007	0.629	s	16	1.03E-04
1.25	0.007	0.629	cl	17	1.34E-06
1.25	0.007	0.629	ar	18	2.44E-05
1.25	0.007	0.629	k	19	1.04E-06
1.25	0.007	0.629	ca	20	1.74E-05
1.25	0.007	0.629	sc	21	1.12E-08
1.25	0.007	0.629	ti	22	8.64E-07
1.25	0.007	0.629	v	23	1.03E-07
1.25	0.007	0.629	cr	24	4.82E-06
1.25	0.007	0.629	mn	25	3.68E-06
1.25	0.007	0.629	fe	26	4.30E-04
1.25	0.007	0.629	co	27	9.70E-07
1.25	0.007	0.629	ni	28	2.07E-05
1.25	0.007	0.629	cu	29	2.51E-07
1.25	0.007	0.629	zn	30	6.20E-07
1.25	0.007	0.629	ga	31	1.86E-08
1.25	0.007	0.629	ge	32	5.67E-08
1.25	0.007	0.629	as	33	3.32E-09
1.25	0.007	0.629	se	34	3.47E-08
1.25	0.007	0.629	br	35	6.15E-09
1.25	0.007	0.629	kr	36	3.30E-08
1.25	0.007	0.629	rb	37	4.27E-09
1.25	0.007	0.629	sr	38	1.48E-08
1.25	0.007	0.629	y	39	2.92E-09
1.25	0.007	0.629	zr	40	6.86E-09
1.25	0.007	0.629	nb	41	5.30E-10
1.25	0.007	0.629	mo	42	1.40E-09
1.25	0.007	0.629	ru	44	9.55E-10
1.25	0.007	0.629	rh	45	2.62E-10
1.25	0.007	0.629	pd	46	9.21E-10
1.25	0.007	0.629	ag	47	3.80E-10
1.25	0.007	0.629	cd	48	1.17E-09
1.25	0.007	0.629	in	49	1.40E-10
1.25	0.007	0.629	sn	50	2.68E-09
1.25	0.007	0.629	sb	51	1.58E-10
1.25	0.007	0.629	te	52	1.46E-09
1.25	0.007	0.629	i	53	1.00E-09
1.25	0.007	0.629	xe	54	4.65E-09
1.25	0.007	0.629	cs	55	3.55E-10
1.25	0.007	0.629	ba	56	4.61E-09
1.25	0.007	0.629	la	57	4.56E-10
1.25	0.007	0.629	ce	58	1.18E-09
1.25	0.007	0.629	pr	59	1.80E-10
1.25	0.007	0.629	nd	60	8.52E-10
1.25	0.007	0.629	sm	62	2.16E-10
1.25	0.007	0.629	eu	63	1.09E-10
1.25	0.007	0.629	gd	64	3.92E-10
1.25	0.007	0.629	tb	65	7.37E-11
1.25	0.007	0.629	dy	66	4.86E-10
1.25	0.007	0.629	ho	67	1.08E-10
1.25	0.007	0.629	er	68	3.04E-10
1.25	0.007	0.629	tm	69	4.95E-11
1.25	0.007	0.629	yb	70	2.78E-10
1.25	0.007	0.629	lu	71	4.77E-11
1.25	0.007	0.629	hf	72	2.03E-10
1.25	0.007	0.629	ta	73	3.05E-11
1.25	0.007	0.629	w	74	1.82E-10
1.25	0.007	0.629	re	75	7.17E-11
1.25	0.007	0.629	os	76	9.49E-10
1.25	0.007	0.629	ir	77	8.92E-10
1.25	0.007	0.629	pt	78	1.68E-09
1.25	0.007	0.629	au	79	2.76E-10
1.25	0.007	0.629	hg	80	6.13E-10
1.25	0.007	0.629	tl	81	2.67E-10
1.25	0.007	0.629	pb	82	5.05E-09
1.25	0.007	0.629	bi	83	2.07E-10
1.50	0.007	0.646	p	1	6.10E-01
1.50	0.007	0.646	he	2	2.41E-01
1.50	0.007	0.646	c	6	2.30E-03
1.50	0.007	0.646	n	7	6.97E-04
1.50	0.007	0.646	o	8	2.68E-03
1.50	0.007	0.646	f	9	3.50E-07
1.50	0.007	0.646	ne	10	7.58E-04
1.50	0.007	0.646	na	11	1.78E-05
1.50	0.007	0.646	mg	12	3.25E-04
1.50	0.007	0.646	al	13	2.48E-05
1.50	0.007	0.646	si	14	3.04E-04
1.50	0.007	0.646	p	15	2.86E-06
1.50	0.007	0.646	s	16	1.41E-04
1.50	0.007	0.646	cl	17	1.86E-06
1.50	0.007	0.646	ar	18	3.36E-05
1.50	0.007	0.646	k	19	1.44E-06
1.50	0.007	0.646	ca	20	2.38E-05
1.50	0.007	0.646	sc	21	1.58E-08
1.50	0.007	0.646	ti	22	1.20E-06
1.50	0.007	0.646	v	23	1.41E-07
1.50	0.007	0.646	cr	24	6.63E-06
1.50	0.007	0.646	mn	25	5.09E-06
1.50	0.007	0.646	fe	26	5.91E-04
1.50	0.007	0.646	co	27	1.38E-06
1.50	0.007	0.646	ni	28	2.84E-05
1.50	0.007	0.646	cu	29	3.64E-07
1.50	0.007	0.646	zn	30	8.82E-07
1.50	0.007	0.646	ga	31	3.14E-08
1.50	0.007	0.646	ge	32	9.76E-08
1.50	0.007	0.646	as	33	5.25E-09
1.50	0.007	0.646	se	34	6.83E-08
1.50	0.007	0.646	br	35	1.13E-08
1.50	0.007	0.646	kr	36	7.28E-08
1.50	0.007	0.646	rb	37	8.44E-09
1.50	0.007	0.646	sr	38	9.25E-08
1.50	0.007	0.646	y	39	2.12E-08
1.50	0.007	0.646	zr	40	5.62E-08
1.50	0.007	0.646	nb	41	3.60E-09
1.50	0.007	0.646	mo	42	1.05E-08
1.50	0.007	0.646	ru	44	6.31E-09
1.50	0.007	0.646	rh	45	7.61E-10
1.50	0.007	0.646	pd	46	6.54E-09
1.50	0.007	0.646	ag	47	1.33E-09
1.50	0.007	0.646	cd	48	9.91E-09
1.50	0.007	0.646	in	49	8.00E-10
1.50	0.007	0.646	sn	50	2.83E-08
1.50	0.007	0.646	sb	51	9.92E-10
1.50	0.007	0.646	te	52	1.31E-08
1.50	0.007	0.646	i	53	2.05E-09
1.50	0.007	0.646	xe	54	2.10E-08
1.50	0.007	0.646	cs	55	1.43E-09
1.50	0.007	0.646	ba	56	1.19E-07
1.50	0.007	0.646	la	57	1.21E-08
1.50	0.007	0.646	ce	58	3.85E-08
1.50	0.007	0.646	pr	59	3.37E-09
1.50	0.007	0.646	nd	60	2.29E-08
1.50	0.007	0.646	sm	62	4.18E-09
1.50	0.007	0.646	eu	63	4.30E-10
1.50	0.007	0.646	gd	64	3.03E-09
1.50	0.007	0.646	tb	65	3.50E-10
1.50	0.007	0.646	dy	66	4.36E-09
1.50	0.007	0.646	ho	67	4.88E-10
1.50	0.007	0.646	er	68	2.79E-09
1.50	0.007	0.646	tm	69	3.63E-10
1.50	0.007	0.646	yb	70	6.05E-09
1.50	0.007	0.646	lu	71	7.31E-10
1.50	0.007	0.646	hf	72	5.57E-09
1.50	0.007	0.646	ta	73	6.84E-10
1.50	0.007	0.646	w	74	5.03E-09
1.50	0.007	0.646	re	75	5.63E-10
1.50	0.007	0.646	os	76	6.43E-09
1.50	0.007	0.646	ir	77	1.90E-09
1.50	0.007	0.646	pt	78	7.22E-09
1.50	0.007	0.646	au	79	1.16E-09
1.50	0.007	0.646	hg	80	1.68E-08
1.50	0.007	0.646	tl	81	7.03E-09
1.50	0.007	0.646	pb	82	1.57E-07
1.50	0.007	0.646	bi	83	8.74E-10
1.75	0.007	0.641	p	1	7.88E-01
1.75	0.007	0.641	he	2	3.14E-01
1.75	0.007	0.641	c	6	5.41E-03
1.75	0.007	0.641	n	7	9.67E-04
1.75	0.007	0.641	o	8	3.59E-03
1.75	0.007	0.641	f	9	8.06E-07
1.75	0.007	0.641	ne	10	1.33E-03
1.75	0.007	0.641	na	11	2.91E-05
1.75	0.007	0.641	mg	12	4.24E-04
1.75	0.007	0.641	al	13	3.28E-05
1.75	0.007	0.641	si	14	3.96E-04
1.75	0.007	0.641	p	15	3.86E-06
1.75	0.007	0.641	s	16	1.84E-04
1.75	0.007	0.641	cl	17	2.45E-06
1.75	0.007	0.641	ar	18	4.35E-05
1.75	0.007	0.641	k	19	1.88E-06
1.75	0.007	0.641	ca	20	3.09E-05
1.75	0.007	0.641	sc	21	2.15E-08
1.75	0.007	0.641	ti	22	1.57E-06
1.75	0.007	0.641	v	23	1.83E-07
1.75	0.007	0.641	cr	24	8.60E-06
1.75	0.007	0.641	mn	25	6.64E-06
1.75	0.007	0.641	fe	26	7.66E-04
1.75	0.007	0.641	co	27	1.90E-06
1.75	0.007	0.641	ni	28	3.71E-05
1.75	0.007	0.641	cu	29	5.18E-07
1.75	0.007	0.641	zn	30	1.21E-06
1.75	0.007	0.641	ga	31	5.18E-08
1.75	0.007	0.641	ge	32	1.64E-07
1.75	0.007	0.641	as	33	8.10E-09
1.75	0.007	0.641	se	34	1.27E-07
1.75	0.007	0.641	br	35	2.01E-08
1.75	0.007	0.641	kr	36	1.47E-07
1.75	0.007	0.641	rb	37	1.61E-08
1.75	0.007	0.641	sr	38	2.58E-07
1.75	0.007	0.641	y	39	6.09E-08
1.75	0.007	0.641	zr	40	1.67E-07
1.75	0.007	0.641	nb	41	1.04E-08
1.75	0.007	0.641	mo	42	3.14E-08
1.75	0.007	0.641	ru	44	1.84E-08
1.75	0.007	0.641	rh	45	1.80E-09
1.75	0.007	0.641	pd	46	1.91E-08
1.75	0.007	0.641	ag	47	3.36E-09
1.75	0.007	0.641	cd	48	2.97E-08
1.75	0.007	0.641	in	49	2.27E-09
1.75	0.007	0.641	sn	50	8.79E-08
1.75	0.007	0.641	sb	51	2.91E-09
1.75	0.007	0.641	te	52	4.02E-08
1.75	0.007	0.641	i	53	4.10E-09
1.75	0.007	0.641	xe	54	5.83E-08
1.75	0.007	0.641	cs	55	3.85E-09
1.75	0.007	0.641	ba	56	3.71E-07
1.75	0.007	0.641	la	57	3.69E-08
1.75	0.007	0.641	ce	58	1.15E-07
1.75	0.007	0.641	pr	59	9.81E-09
1.75	0.007	0.641	nd	60	6.63E-08
1.75	0.007	0.641	sm	62	1.18E-08
1.75	0.007	0.641	eu	63	1.02E-09
1.75	0.007	0.641	gd	64	8.05E-09
1.75	0.007	0.641	tb	65	8.62E-10
1.75	0.007	0.641	dy	66	1.17E-08
1.75	0.007	0.641	ho	67	1.18E-09
1.75	0.007	0.641	er	68	7.50E-09
1.75	0.007	0.641	tm	69	9.47E-10
1.75	0.007	0.641	yb	70	1.69E-08
1.75	0.007	0.641	lu	71	2.01E-09
1.75	0.007	0.641	hf	72	1.57E-08
1.75	0.007	0.641	ta	73	1.93E-09
1.75	0.007	0.641	w	74	1.41E-08
1.75	0.007	0.641	re	75	1.48E-09
1.75	0.007	0.641	os	76	1.64E-08
1.75	0.007	0.641	ir	77	3.52E-09
1.75	0.007	0.641	pt	78	1.70E-08
1.75	0.007	0.641	au	79	2.73E-09
1.75	0.007	0.641	hg	80	4.57E-08
1.75	0.007	0.641	tl	81	1.92E-08
1.75	0.007	0.641	pb	82	4.40E-07
1.75	0.007	0.641	bi	83	2.28E-09
1.90	0.007	0.657	p	1	8.85E-01
1.90	0.007	0.657	he	2	3.50E-01
1.90	0.007	0.657	c	6	5.72E-03
1.90	0.007	0.657	n	7	1.11E-03
1.90	0.007	0.657	o	8	3.98E-03
1.90	0.007	0.657	f	9	9.03E-07
1.90	0.007	0.657	ne	10	1.54E-03
1.90	0.007	0.657	na	11	3.52E-05
1.90	0.007	0.657	mg	12	4.77E-04
1.90	0.007	0.657	al	13	3.70E-05
1.90	0.007	0.657	si	14	4.43E-04
1.90	0.007	0.657	p	15	4.34E-06
1.90	0.007	0.657	s	16	2.06E-04
1.90	0.007	0.657	cl	17	2.75E-06
1.90	0.007	0.657	ar	18	4.88E-05
1.90	0.007	0.657	k	19	2.11E-06
1.90	0.007	0.657	ca	20	3.47E-05
1.90	0.007	0.657	sc	21	2.41E-08
1.90	0.007	0.657	ti	22	1.76E-06
1.90	0.007	0.657	v	23	2.05E-07
1.90	0.007	0.657	cr	24	9.64E-06
1.90	0.007	0.657	mn	25	7.46E-06
1.90	0.007	0.657	fe	26	8.59E-04
1.90	0.007	0.657	co	27	2.10E-06
1.90	0.007	0.657	ni	28	4.15E-05
1.90	0.007	0.657	cu	29	5.69E-07
1.90	0.007	0.657	zn	30	1.36E-06
1.90	0.007	0.657	ga	31	6.07E-08
1.90	0.007	0.657	ge	32	1.94E-07
1.90	0.007	0.657	as	33	9.46E-09
1.90	0.007	0.657	se	34	1.54E-07
1.90	0.007	0.657	br	35	2.42E-08
1.90	0.007	0.657	kr	36	1.78E-07
1.90	0.007	0.657	rb	37	1.93E-08
1.90	0.007	0.657	sr	38	3.30E-07
1.90	0.007	0.657	y	39	7.75E-08
1.90	0.007	0.657	zr	40	2.12E-07
1.90	0.007	0.657	nb	41	1.33E-08
1.90	0.007	0.657	mo	42	4.01E-08
1.90	0.007	0.657	ru	44	2.36E-08
1.90	0.007	0.657	rh	45	2.26E-09
1.90	0.007	0.657	pd	46	2.48E-08
1.90	0.007	0.657	ag	47	4.27E-09
1.90	0.007	0.657	cd	48	3.87E-08
1.90	0.007	0.657	in	49	2.93E-09
1.90	0.007	0.657	sn	50	1.13E-07
1.90	0.007	0.657	sb	51	3.68E-09
1.90	0.007	0.657	te	52	5.13E-08
1.90	0.007	0.657	i	53	4.99E-09
1.90	0.007	0.657	xe	54	7.35E-08
1.90	0.007	0.657	cs	55	4.86E-09
1.90	0.007	0.657	ba	56	4.57E-07
1.90	0.007	0.657	la	57	4.50E-08
1.90	0.007	0.657	ce	58	1.37E-07
1.90	0.007	0.657	pr	59	1.19E-08
1.90	0.007	0.657	nd	60	7.85E-08
1.90	0.007	0.657	sm	62	1.38E-08
1.90	0.007	0.657	eu	63	1.21E-09
1.90	0.007	0.657	gd	64	9.42E-09
1.90	0.007	0.657	tb	65	1.01E-09
1.90	0.007	0.657	dy	66	1.36E-08
1.90	0.007	0.657	ho	67	1.38E-09
1.90	0.007	0.657	er	68	8.88E-09
1.90	0.007	0.657	tm	69	1.11E-09
1.90	0.007	0.657	yb	70	1.96E-08
1.90	0.007	0.657	lu	71	2.34E-09
1.90	0.007	0.657	hf	72	1.84E-08
1.90	0.007	0.657	ta	73	2.30E-09
1.90	0.007	0.657	w	74	1.63E-08
1.90	0.007	0.657	re	75	1.80E-09
1.90	0.007	0.657	os	76	1.85E-08
1.90	0.007	0.657	ir	77	4.01E-09
1.90	0.007	0.657	pt	78	1.92E-08
1.90	0.007	0.657	au	79	3.14E-09
1.90	0.007	0.657	hg	80	5.21E-08
1.90	0.007	0.657	tl	81	2.15E-08
1.90	0.007	0.657	pb	82	5.14E-07
1.90	0.007	0.657	bi	83	2.90E-09
2.10	0.007	0.659	p	1	1.02E+00
2.10	0.007	0.659	he	2	4.09E-01
2.10	0.007	0.659	c	6	8.93E-03
2.10	0.007	0.659	n	7	1.29E-03
2.10	0.007	0.659	o	8	4.65E-03
2.10	0.007	0.659	f	9	1.41E-06
2.10	0.007	0.659	ne	10	1.97E-03
2.10	0.007	0.659	na	11	4.30E-05
2.10	0.007	0.659	mg	12	5.54E-04
2.10	0.007	0.659	al	13	4.36E-05
2.10	0.007	0.659	si	14	5.14E-04
2.10	0.007	0.659	p	15	5.11E-06
2.10	0.007	0.659	s	16	2.39E-04
2.10	0.007	0.659	cl	17	3.21E-06
2.10	0.007	0.659	ar	18	5.66E-05
2.10	0.007	0.659	k	19	2.45E-06
2.10	0.007	0.659	ca	20	4.02E-05
2.10	0.007	0.659	sc	21	2.87E-08
2.10	0.007	0.659	ti	22	2.06E-06
2.10	0.007	0.659	v	23	2.38E-07
2.10	0.007	0.659	cr	24	1.12E-05
2.10	0.007	0.659	mn	25	8.71E-06
2.10	0.007	0.659	fe	26	9.95E-04
2.10	0.007	0.659	co	27	2.47E-06
2.10	0.007	0.659	ni	28	4.81E-05
2.10	0.007	0.659	cu	29	6.74E-07
2.10	0.007	0.659	zn	30	1.62E-06
2.10	0.007	0.659	ga	31	7.78E-08
2.10	0.007	0.659	ge	32	2.52E-07
2.10	0.007	0.659	as	33	1.19E-08
2.10	0.007	0.659	se	34	2.08E-07
2.10	0.007	0.659	br	35	3.22E-08
2.10	0.007	0.659	kr	36	2.46E-07
2.10	0.007	0.659	rb	37	2.61E-08
2.10	0.007	0.659	sr	38	4.89E-07
2.10	0.007	0.659	y	39	1.14E-07
2.10	0.007	0.659	zr	40	3.11E-07
2.10	0.007	0.659	nb	41	1.92E-08
2.10	0.007	0.659	mo	42	5.84E-08
2.10	0.007	0.659	ru	44	3.43E-08
2.10	0.007	0.659	rh	45	3.19E-09
2.10	0.007	0.659	pd	46	3.62E-08
2.10	0.007	0.659	ag	47	6.10E-09
2.10	0.007	0.659	cd	48	5.67E-08
2.10	0.007	0.659	in	49	4.25E-09
2.10	0.007	0.659	sn	50	1.66E-07
2.10	0.007	0.659	sb	51	5.36E-09
2.10	0.007	0.659	te	52	7.57E-08
2.10	0.007	0.659	i	53	6.79E-09
2.10	0.007	0.659	xe	54	1.07E-07
2.10	0.007	0.659	cs	55	7.11E-09
2.10	0.007	0.659	ba	56	6.92E-07
2.10	0.007	0.659	la	57	6.81E-08
2.10	0.007	0.659	ce	58	2.07E-07
2.10	0.007	0.659	pr	59	1.79E-08
2.10	0.007	0.659	nd	60	1.18E-07
2.10	0.007	0.659	sm	62	2.05E-08
2.10	0.007	0.659	eu	63	1.75E-09
2.10	0.007	0.659	gd	64	1.39E-08
2.10	0.007	0.659	tb	65	1.46E-09
2.10	0.007	0.659	dy	66	2.02E-08
2.10	0.007	0.659	ho	67	2.01E-09
2.10	0.007	0.659	er	68	1.32E-08
2.10	0.007	0.659	tm	69	1.64E-09
2.10	0.007	0.659	yb	70	2.91E-08
2.10	0.007	0.659	lu	71	3.46E-09
2.10	0.007	0.659	hf	72	2.73E-08
2.10	0.007	0.659	ta	73	3.45E-09
2.10	0.007	0.659	w	74	2.40E-08
2.10	0.007	0.659	re	75	2.65E-09
2.10	0.007	0.659	os	76	2.66E-08
2.10	0.007	0.659	ir	77	5.36E-09
2.10	0.007	0.659	pt	78	2.72E-08
2.10	0.007	0.659	au	79	4.46E-09
2.10	0.007	0.659	hg	80	7.62E-08
2.10	0.007	0.659	tl	81	3.10E-08
2.10	0.007	0.659	pb	82	7.20E-07
2.10	0.007	0.659	bi	83	3.84E-09
2.25	0.007	0.663	p	1	1.12E+00
2.25	0.007	0.663	he	2	4.55E-01
2.25	0.007	0.663	c	6	1.19E-02
2.25	0.007	0.663	n	7	1.43E-03
2.25	0.007	0.663	o	8	5.13E-03
2.25	0.007	0.663	f	9	2.19E-06
2.25	0.007	0.663	ne	10	2.68E-03
2.25	0.007	0.663	na	11	5.61E-05
2.25	0.007	0.663	mg	12	6.17E-04
2.25	0.007	0.663	al	13	4.87E-05
2.25	0.007	0.663	si	14	5.66E-04
2.25	0.007	0.663	p	15	5.78E-06
2.25	0.007	0.663	s	16	2.63E-04
2.25	0.007	0.663	cl	17	3.59E-06
2.25	0.007	0.663	ar	18	6.22E-05
2.25	0.007	0.663	k	19	2.71E-06
2.25	0.007	0.663	ca	20	4.42E-05
2.25	0.007	0.663	sc	21	3.28E-08
2.25	0.007	0.663	ti	22	2.28E-06
2.25	0.007	0.663	v	23	2.61E-07
2.25	0.007	0.663	cr	24	1.23E-05
2.25	0.007	0.663	mn	25	9.63E-06
2.25	0.007	0.663	fe	26	1.10E-03
2.25	0.007	0.663	co	27	2.85E-06
2.25	0.007	0.663	ni	28	5.31E-05
2.25	0.007	0.663	cu	29	7.98E-07
2.25	0.007	0.663	zn	30	1.86E-06
2.25	0.007	0.663	ga	31	9.98E-08
2.25	0.007	0.663	ge	32	3.27E-07
2.25	0.007	0.663	as	33	1.48E-08
2.25	0.007	0.663	se	34	2.81E-07
2.25	0.007	0.663	br	35	4.29E-08
2.25	0.007	0.663	kr	36	3.40E-07
2.25	0.007	0.663	rb	37	3.76E-08
2.25	0.007	0.663	sr	38	7.25E-07
2.25	0.007	0.663	y	39	1.72E-07
2.25	0.007	0.663	zr	40	4.67E-07
2.25	0.007	0.663	nb	41	2.91E-08
2.25	0.007	0.663	mo	42	8.78E-08
2.25	0.007	0.663	ru	44	5.10E-08
2.25	0.007	0.663	rh	45	4.58E-09
2.25	0.007	0.663	pd	46	5.38E-08
2.25	0.007	0.663	ag	47	8.85E-09
2.25	0.007	0.663	cd	48	8.47E-08
2.25	0.007	0.663	in	49	6.30E-09
2.25	0.007	0.663	sn	50	2.48E-07
2.25	0.007	0.663	sb	51	7.86E-09
2.25	0.007	0.663	te	52	1.11E-07
2.25	0.007	0.663	i	53	9.21E-09
2.25	0.007	0.663	xe	54	1.55E-07
2.25	0.007	0.663	cs	55	1.02E-08
2.25	0.007	0.663	ba	56	9.66E-07
2.25	0.007	0.663	la	57	9.35E-08
2.25	0.007	0.663	ce	58	2.78E-07
2.25	0.007	0.663	pr	59	2.42E-08
2.25	0.007	0.663	nd	60	1.56E-07
2.25	0.007	0.663	sm	62	2.66E-08
2.25	0.007	0.663	eu	63	2.27E-09
2.25	0.007	0.663	gd	64	1.81E-08
2.25	0.007	0.663	tb	65	1.88E-09
2.25	0.007	0.663	dy	66	2.61E-08
2.25	0.007	0.663	ho	67	2.58E-09
2.25	0.007	0.663	er	68	1.74E-08
2.25	0.007	0.663	tm	69	2.12E-09
2.25	0.007	0.663	yb	70	3.78E-08
2.25	0.007	0.663	lu	71	4.46E-09
2.25	0.007	0.663	hf	72	3.60E-08
2.25	0.007	0.663	ta	73	4.55E-09
2.25	0.007	0.663	w	74	3.13E-08
2.25	0.007	0.663	re	75	3.54E-09
2.25	0.007	0.663	os	76	3.40E-08
2.25	0.007	0.663	ir	77	6.56E-09
2.25	0.007	0.663	pt	78	3.42E-08
2.25	0.007	0.663	au	79	5.65E-09
2.25	0.007	0.663	hg	80	9.80E-08
2.25	0.007	0.663	tl	81	4.08E-08
2.25	0.007	0.663	pb	82	9.35E-07
2.25	0.007	0.663	bi	83	5.29E-09
2.50	0.007	0.668	p	1	1.27E+00
2.50	0.007	0.668	he	2	5.42E-01
2.50	0.007	0.668	c	6	1.69E-02
2.50	0.007	0.668	n	7	1.85E-03
2.50	0.007	0.668	o	8	5.77E-03
2.50	0.007	0.668	f	9	3.63E-06
2.50	0.007	0.668	ne	10	3.79E-03
2.50	0.007	0.668	na	11	8.18E-05
2.50	0.007	0.668	mg	12	7.24E-04
2.50	0.007	0.668	al	13	5.76E-05
2.50	0.007	0.668	si	14	6.54E-04
2.50	0.007	0.668	p	15	6.85E-06
2.50	0.007	0.668	s	16	3.03E-04
2.50	0.007	0.668	cl	17	4.20E-06
2.50	0.007	0.668	ar	18	7.17E-05
2.50	0.007	0.668	k	19	3.15E-06
2.50	0.007	0.668	ca	20	5.09E-05
2.50	0.007	0.668	sc	21	3.97E-08
2.50	0.007	0.668	ti	22	2.65E-06
2.50	0.007	0.668	v	23	3.00E-07
2.50	0.007	0.668	cr	24	1.42E-05
2.50	0.007	0.668	mn	25	1.12E-05
2.50	0.007	0.668	fe	26	1.26E-03
2.50	0.007	0.668	co	27	3.45E-06
2.50	0.007	0.668	ni	28	6.13E-05
2.50	0.007	0.668	cu	29	9.64E-07
2.50	0.007	0.668	zn	30	2.25E-06
2.50	0.007	0.668	ga	31	1.33E-07
2.50	0.007	0.668	ge	32	4.42E-07
2.50	0.007	0.668	as	33	1.94E-08
2.50	0.007	0.668	se	34	3.91E-07
2.50	0.007	0.668	br	35	5.91E-08
2.50	0.007	0.668	kr	36	4.79E-07
2.50	0.007	0.668	rb	37	5.76E-08
2.50	0.007	0.668	sr	38	1.09E-06
2.50	0.007	0.668	y	39	2.62E-07
2.50	0.007	0.668	zr	40	7.09E-07
2.50	0.007	0.668	nb	41	4.45E-08
2.50	0.007	0.668	mo	42	1.32E-07
2.50	0.007	0.668	ru	44	7.56E-08
2.50	0.007	0.668	rh	45	6.66E-09
2.50	0.007	0.668	pd	46	8.02E-08
2.50	0.007	0.668	ag	47	1.30E-08
2.50	0.007	0.668	cd	48	1.27E-07
2.50	0.007	0.668	in	49	9.39E-09
2.50	0.007	0.668	sn	50	3.68E-07
2.50	0.007	0.668	sb	51	1.15E-08
2.50	0.007	0.668	te	52	1.63E-07
2.50	0.007	0.668	i	53	1.27E-08
2.50	0.007	0.668	xe	54	2.23E-07
2.50	0.007	0.668	cs	55	1.47E-08
2.50	0.007	0.668	ba	56	1.33E-06
2.50	0.007	0.668	la	57	1.26E-07
2.50	0.007	0.668	ce	58	3.64E-07
2.50	0.007	0.668	pr	59	3.20E-08
2.50	0.007	0.668	nd	60	2.01E-07
2.50	0.007	0.668	sm	62	3.34E-08
2.50	0.007	0.668	eu	63	2.87E-09
2.50	0.007	0.668	gd	64	2.31E-08
2.50	0.007	0.668	tb	65	2.35E-09
2.50	0.007	0.668	dy	66	3.29E-08
2.50	0.007	0.668	ho	67	3.23E-09
2.50	0.007	0.668	er	68	2.25E-08
2.50	0.007	0.668	tm	69	2.67E-09
2.50	0.007	0.668	yb	70	4.77E-08
2.50	0.007	0.668	lu	71	5.54E-09
2.50	0.007	0.668	hf	72	4.60E-08
2.50	0.007	0.668	ta	73	5.81E-09
2.50	0.007	0.668	w	74	3.94E-08
2.50	0.007	0.668	re	75	4.55E-09
2.50	0.007	0.668	os	76	4.18E-08
2.50	0.007	0.668	ir	77	7.97E-09
2.50	0.007	0.668	pt	78	4.17E-08
2.50	0.007	0.668	au	79	6.91E-09
2.50	0.007	0.668	hg	80	1.21E-07
2.50	0.007	0.668	tl	81	5.12E-08
2.50	0.007	0.668	pb	82	1.14E-06
2.50	0.007	0.668	bi	83	6.57E-09
2.75	0.007	0.679	p	1	1.42E+00
2.75	0.007	0.679	he	2	6.26E-01
2.75	0.007	0.679	c	6	2.36E-02
2.75	0.007	0.679	n	7	2.13E-03
2.75	0.007	0.679	o	8	6.40E-03
2.75	0.007	0.679	f	9	6.01E-06
2.75	0.007	0.679	ne	10	5.23E-03
2.75	0.007	0.679	na	11	1.05E-04
2.75	0.007	0.679	mg	12	8.36E-04
2.75	0.007	0.679	al	13	6.73E-05
2.75	0.007	0.679	si	14	7.40E-04
2.75	0.007	0.679	p	15	7.97E-06
2.75	0.007	0.679	s	16	3.42E-04
2.75	0.007	0.679	cl	17	4.84E-06
2.75	0.007	0.679	ar	18	8.10E-05
2.75	0.007	0.679	k	19	3.58E-06
2.75	0.007	0.679	ca	20	5.75E-05
2.75	0.007	0.679	sc	21	4.82E-08
2.75	0.007	0.679	ti	22	3.01E-06
2.75	0.007	0.679	v	23	3.38E-07
2.75	0.007	0.679	cr	24	1.60E-05
2.75	0.007	0.679	mn	25	1.29E-05
2.75	0.007	0.679	fe	26	1.43E-03
2.75	0.007	0.679	co	27	4.21E-06
2.75	0.007	0.679	ni	28	6.94E-05
2.75	0.007	0.679	cu	29	1.17E-06
2.75	0.007	0.679	zn	30	2.68E-06
2.75	0.007	0.679	ga	31	1.75E-07
2.75	0.007	0.679	ge	32	6.05E-07
2.75	0.007	0.679	as	33	2.60E-08
2.75	0.007	0.679	se	34	5.70E-07
2.75	0.007	0.679	br	35	8.54E-08
2.75	0.007	0.679	kr	36	7.14E-07
2.75	0.007	0.679	rb	37	1.02E-07
2.75	0.007	0.679	sr	38	1.70E-06
2.75	0.007	0.679	y	39	4.12E-07
2.75	0.007	0.679	zr	40	1.07E-06
2.75	0.007	0.679	nb	41	6.80E-08
2.75	0.007	0.679	mo	42	1.93E-07
2.75	0.007	0.679	ru	44	1.06E-07
2.75	0.007	0.679	rh	45	9.28E-09
2.75	0.007	0.679	pd	46	1.13E-07
2.75	0.007	0.679	ag	47	1.81E-08
2.75	0.007	0.679	cd	48	1.80E-07
2.75	0.007	0.679	in	49	1.32E-08
2.75	0.007	0.679	sn	50	5.08E-07
2.75	0.007	0.679	sb	51	1.55E-08
2.75	0.007	0.679	te	52	2.15E-07
2.75	0.007	0.679	i	53	1.63E-08
2.75	0.007	0.679	xe	54	2.90E-07
2.75	0.007	0.679	cs	55	1.90E-08
2.75	0.007	0.679	ba	56	1.53E-06
2.75	0.007	0.679	la	57	1.39E-07
2.75	0.007	0.679	ce	58	3.87E-07
2.75	0.007	0.679	pr	59	3.46E-08
2.75	0.007	0.679	nd	60	2.08E-07
2.75	0.007	0.679	sm	62	3.37E-08
2.75	0.007	0.679	eu	63	2.98E-09
2.75	0.007	0.679	gd	64	2.40E-08
2.75	0.007	0.679	tb	65	2.42E-09
2.75	0.007	0.679	dy	66	3.37E-08
2.75	0.007	0.679	ho	67	3.33E-09
2.75	0.007	0.679	er	68	2.37E-08
2.75	0.007	0.679	tm	69	2.75E-09
2.75	0.007	0.679	yb	70	4.89E-08
2.75	0.007	0.679	lu	71	5.56E-09
2.75	0.007	0.679	hf	72	4.76E-08
2.75	0.007	0.679	ta	73	6.01E-09
2.75	0.007	0.679	w	74	4.03E-08
2.75	0.007	0.679	re	75	4.77E-09
2.75	0.007	0.679	os	76	4.20E-08
2.75	0.007	0.679	ir	77	8.32E-09
2.75	0.007	0.679	pt	78	4.21E-08
2.75	0.007	0.679	au	79	7.01E-09
2.75	0.007	0.679	hg	80	1.22E-07
2.75	0.007	0.679	tl	81	5.32E-08
2.75	0.007	0.679	pb	82	1.13E-06
2.75	0.007	0.679	bi	83	6.72E-09
3.00	0.007	0.698	p	1	1.57E+00
3.00	0.007	0.698	he	2	6.97E-01
3.00	0.007	0.698	c	6	2.58E-02
3.00	0.007	0.698	n	7	2.44E-03
3.00	0.007	0.698	o	8	6.98E-03
3.00	0.007	0.698	f	9	7.59E-06
3.00	0.007	0.698	ne	10	6.00E-03
3.00	0.007	0.698	na	11	1.13E-04
3.00	0.007	0.698	mg	12	9.51E-04
3.00	0.007	0.698	al	13	7.80E-05
3.00	0.007	0.698	si	14	8.24E-04
3.00	0.007	0.698	p	15	9.07E-06
3.00	0.007	0.698	s	16	3.80E-04
3.00	0.007	0.698	cl	17	5.41E-06
3.00	0.007	0.698	ar	18	8.99E-05
3.00	0.007	0.698	k	19	3.99E-06
3.00	0.007	0.698	ca	20	6.37E-05
3.00	0.007	0.698	sc	21	5.66E-08
3.00	0.007	0.698	ti	22	3.35E-06
3.00	0.007	0.698	v	23	3.74E-07
3.00	0.007	0.698	cr	24	1.78E-05
3.00	0.007	0.698	mn	25	1.43E-05
3.00	0.007	0.698	fe	26	1.58E-03
3.00	0.007	0.698	co	27	5.11E-06
3.00	0.007	0.698	ni	28	7.76E-05
3.00	0.007	0.698	cu	29	1.44E-06
3.00	0.007	0.698	zn	30	3.15E-06
3.00	0.007	0.698	ga	31	2.12E-07
3.00	0.007	0.698	ge	32	7.41E-07
3.00	0.007	0.698	as	33	3.16E-08
3.00	0.007	0.698	se	34	6.97E-07
3.00	0.007	0.698	br	35	1.04E-07
3.00	0.007	0.698	kr	36	9.89E-07
3.00	0.007	0.698	rb	37	1.65E-07
3.00	0.007	0.698	sr	38	1.94E-06
3.00	0.007	0.698	y	39	4.93E-07
3.00	0.007	0.698	zr	40	1.28E-06
3.00	0.007	0.698	nb	41	8.49E-08
3.00	0.007	0.698	mo	42	2.31E-07
3.00	0.007	0.698	ru	44	1.19E-07
3.00	0.007	0.698	rh	45	1.05E-08
3.00	0.007	0.698	pd	46	1.30E-07
3.00	0.007	0.698	ag	47	2.09E-08
3.00	0.007	0.698	cd	48	2.12E-07
3.00	0.007	0.698	in	49	1.57E-08
3.00	0.007	0.698	sn	50	6.08E-07
3.00	0.007	0.698	sb	51	1.84E-08
3.00	0.007	0.698	te	52	2.52E-07
3.00	0.007	0.698	i	53	1.90E-08
3.00	0.007	0.698	xe	54	3.44E-07
3.00	0.007	0.698	cs	55	2.22E-08
3.00	0.007	0.698	ba	56	1.65E-06
3.00	0.007	0.698	la	57	1.46E-07
3.00	0.007	0.698	ce	58	3.89E-07
3.00	0.007	0.698	pr	59	3.58E-08
3.00	0.007	0.698	nd	60	2.00E-07
3.00	0.007	0.698	sm	62	3.16E-08
3.00	0.007	0.698	eu	63	2.92E-09
3.00	0.007	0.698	gd	64	2.34E-08
3.00	0.007	0.698	tb	65	2.31E-09
3.00	0.007	0.698	dy	66	3.19E-08
3.00	0.007	0.698	ho	67	3.18E-09
3.00	0.007	0.698	er	68	2.31E-08
3.00	0.007	0.698	tm	69	2.57E-09
3.00	0.007	0.698	yb	70	4.71E-08
3.00	0.007	0.698	lu	71	5.14E-09
3.00	0.007	0.698	hf	72	4.55E-08
3.00	0.007	0.698	ta	73	5.58E-09
3.00	0.007	0.698	w	74	3.86E-08
3.00	0.007	0.698	re	75	4.62E-09
3.00	0.007	0.698	os	76	3.90E-08
3.00	0.007	0.698	ir	77	8.14E-09
3.00	0.007	0.698	pt	78	3.92E-08
3.00	0.007	0.698	au	79	6.48E-09
3.00	0.007	0.698	hg	80	1.12E-07
3.00	0.007	0.698	tl	81	5.35E-08
3.00	0.007	0.698	pb	82	1.07E-06
3.00	0.007	0.698	bi	83	7.59E-09
3.25	0.007	0.728	p	1	1.74E+00
3.25	0.007	0.728	he	2	7.50E-01
3.25	0.007	0.728	c	6	2.66E-02
3.25	0.007	0.728	n	7	2.73E-03
3.25	0.007	0.728	o	8	7.44E-03
3.25	0.007	0.728	f	9	6.64E-06
3.25	0.007	0.728	ne	10	4.84E-03
3.25	0.007	0.728	na	11	8.50E-05
3.25	0.007	0.728	mg	12	1.03E-03
3.25	0.007	0.728	al	13	9.06E-05
3.25	0.007	0.728	si	14	9.05E-04
3.25	0.007	0.728	p	15	9.32E-06
3.25	0.007	0.728	s	16	4.16E-04
3.25	0.007	0.728	cl	17	5.85E-06
3.25	0.007	0.728	ar	18	9.85E-05
3.25	0.007	0.728	k	19	4.34E-06
3.25	0.007	0.728	ca	20	6.99E-05
3.25	0.007	0.728	sc	21	6.10E-08
3.25	0.007	0.728	ti	22	3.60E-06
3.25	0.007	0.728	v	23	4.09E-07
3.25	0.007	0.728	cr	24	1.95E-05
3.25	0.007	0.728	mn	25	1.54E-05
3.25	0.007	0.728	fe	26	1.74E-03
3.25	0.007	0.728	co	27	6.26E-06
3.25	0.007	0.728	ni	28	8.52E-05
3.25	0.007	0.728	cu	29	1.54E-06
3.25	0.007	0.728	zn	30	3.04E-06
3.25	0.007	0.728	ga	31	1.63E-07
3.25	0.007	0.728	ge	32	5.45E-07
3.25	0.007	0.728	as	33	2.50E-08
3.25	0.007	0.728	se	34	4.82E-07
3.25	0.007	0.728	br	35	7.34E-08
3.25	0.007	0.728	kr	36	6.54E-07
3.25	0.007	0.728	rb	37	1.33E-07
3.25	0.007	0.728	sr	38	1.12E-06
3.25	0.007	0.728	y	39	3.00E-07
3.25	0.007	0.728	zr	40	7.90E-07
3.25	0.007	0.728	nb	41	5.63E-08
3.25	0.007	0.728	mo	42	1.52E-07
3.25	0.007	0.728	ru	44	6.45E-08
3.25	0.007	0.728	rh	45	6.14E-09
3.25	0.007	0.728	pd	46	7.50E-08
3.25	0.007	0.728	ag	47	1.26E-08
3.25	0.007	0.728	cd	48	1.29E-07
3.25	0.007	0.728	in	49	9.84E-09
3.25	0.007	0.728	sn	50	3.96E-07
3.25	0.007	0.728	sb	51	1.23E-08
3.25	0.007	0.728	te	52	1.67E-07
3.25	0.007	0.728	i	53	1.39E-08
3.25	0.007	0.728	xe	54	2.48E-07
3.25	0.007	0.728	cs	55	1.53E-08
3.25	0.007	0.728	ba	56	1.19E-06
3.25	0.007	0.728	la	57	1.08E-07
3.25	0.007	0.728	ce	58	2.92E-07
3.25	0.007	0.728	pr	59	2.76E-08
3.25	0.007	0.728	nd	60	1.42E-07
3.25	0.007	0.728	sm	62	2.29E-08
3.25	0.007	0.728	eu	63	2.29E-09
3.25	0.007	0.728	gd	64	1.79E-08
3.25	0.007	0.728	tb	65	1.79E-09
3.25	0.007	0.728	dy	66	2.38E-08
3.25	0.007	0.728	ho	67	2.43E-09
3.25	0.007	0.728	er	68	1.71E-08
3.25	0.007	0.728	tm	69	1.90E-09
3.25	0.007	0.728	yb	70	3.46E-08
3.25	0.007	0.728	lu	71	3.79E-09
3.25	0.007	0.728	hf	72	3.29E-08
3.25	0.007	0.728	ta	73	3.85E-09
3.25	0.007	0.728	w	74	2.79E-08
3.25	0.007	0.728	re	75	3.47E-09
3.25	0.007	0.728	os	76	2.89E-08
3.25	0.007	0.728	ir	77	6.90E-09
3.25	0.007	0.728	pt	78	2.91E-08
3.25	0.007	0.728	au	79	4.77E-09
3.25	0.007	0.728	hg	80	7.55E-08
3.25	0.007	0.728	tl	81	3.82E-08
3.25	0.007	0.728	pb	82	5.60E-07
3.25	0.007	0.728	bi	83	4.62E-09
3.50	0.007	0.766	p	1	1.91E+00
3.50	0.007	0.766	he	2	7.91E-01
3.50	0.007	0.766	c	6	2.53E-02
3.50	0.007	0.766	n	7	2.93E-03
3.50	0.007	0.766	o	8	8.18E-03
3.50	0.007	0.766	f	9	6.43E-06
3.50	0.007	0.766	ne	10	4.72E-03
3.50	0.007	0.766	na	11	8.67E-05
3.50	0.007	0.766	mg	12	1.17E-03
3.50	0.007	0.766	al	13	1.03E-04
3.50	0.007	0.766	si	14	9.87E-04
3.50	0.007	0.766	p	15	1.05E-05
3.50	0.007	0.766	s	16	4.51E-04
3.50	0.007	0.766	cl	17	6.32E-06
3.50	0.007	0.766	ar	18	1.07E-04
3.50	0.007	0.766	k	19	4.72E-06
3.50	0.007	0.766	ca	20	7.55E-05
3.50	0.007	0.766	sc	21	7.02E-08
3.50	0.007	0.766	ti	22	3.89E-06
3.50	0.007	0.766	v	23	4.45E-07
3.50	0.007	0.766	cr	24	2.11E-05
3.50	0.007	0.766	mn	25	1.62E-05
3.50	0.007	0.766	fe	26	1.88E-03
3.50	0.007	0.766	co	27	8.56E-06
3.50	0.007	0.766	ni	28	9.52E-05
3.50	0.007	0.766	cu	29	2.13E-06
3.50	0.007	0.766	zn	30	3.40E-06
3.50	0.007	0.766	ga	31	1.90E-07
3.50	0.007	0.766	ge	32	5.99E-07
3.50	0.007	0.766	as	33	2.70E-08
3.50	0.007	0.766	se	34	5.18E-07
3.50	0.007	0.766	br	35	7.90E-08
3.50	0.007	0.766	kr	36	1.13E-06
3.50	0.007	0.766	rb	37	2.14E-07
3.50	0.007	0.766	sr	38	1.04E-06
3.50	0.007	0.766	y	39	2.93E-07
3.50	0.007	0.766	zr	40	7.96E-07
3.50	0.007	0.766	nb	41	5.91E-08
3.50	0.007	0.766	mo	42	1.72E-07
3.50	0.007	0.766	ru	44	5.51E-08
3.50	0.007	0.766	rh	45	5.08E-09
3.50	0.007	0.766	pd	46	5.79E-08
3.50	0.007	0.766	ag	47	1.00E-08
3.50	0.007	0.766	cd	48	1.07E-07
3.50	0.007	0.766	in	49	8.60E-09
3.50	0.007	0.766	sn	50	3.81E-07
3.50	0.007	0.766	sb	51	1.23E-08
3.50	0.007	0.766	te	52	1.65E-07
3.50	0.007	0.766	i	53	1.41E-08
3.50	0.007	0.766	xe	54	2.74E-07
3.50	0.007	0.766	cs	55	1.50E-08
3.50	0.007	0.766	ba	56	1.22E-06
3.50	0.007	0.766	la	57	1.12E-07
3.50	0.007	0.766	ce	58	3.25E-07
3.50	0.007	0.766	pr	59	3.07E-08
3.50	0.007	0.766	nd	60	1.44E-07
3.50	0.007	0.766	sm	62	2.45E-08
3.50	0.007	0.766	eu	63	2.50E-09
3.50	0.007	0.766	gd	64	2.00E-08
3.50	0.007	0.766	tb	65	1.99E-09
3.50	0.007	0.766	dy	66	2.66E-08
3.50	0.007	0.766	ho	67	2.73E-09
3.50	0.007	0.766	er	68	1.95E-08
3.50	0.007	0.766	tm	69	2.14E-09
3.50	0.007	0.766	yb	70	4.01E-08
3.50	0.007	0.766	lu	71	4.37E-09
3.50	0.007	0.766	hf	72	3.75E-08
3.50	0.007	0.766	ta	73	4.19E-09
3.50	0.007	0.766	w	74	3.17E-08
3.50	0.007	0.766	re	75	4.03E-09
3.50	0.007	0.766	os	76	3.31E-08
3.50	0.007	0.766	ir	77	7.71E-09
3.50	0.007	0.766	pt	78	3.24E-08
3.50	0.007	0.766	au	79	5.27E-09
3.50	0.007	0.766	hg	80	8.23E-08
3.50	0.007	0.766	tl	81	4.89E-08
3.50	0.007	0.766	pb	82	6.85E-07
3.50	0.007	0.766	bi	83	8.29E-09
3.75	0.007	0.802	p	1	2.08E+00
3.75	0.007	0.802	he	2	8.36E-01
3.75	0.007	0.802	c	6	2.27E-02
3.75	0.007	0.802	n	7	3.03E-03
3.75	0.007	0.802	o	8	8.96E-03
3.75	0.007	0.802	f	9	5.46E-06
3.75	0.007	0.802	ne	10	4.62E-03
3.75	0.007	0.802	na	11	8.88E-05
3.75	0.007	0.802	mg	12	1.30E-03
3.75	0.007	0.802	al	13	1.10E-04
3.75	0.007	0.802	si	14	1.07E-03
3.75	0.007	0.802	p	15	1.18E-05
3.75	0.007	0.802	s	16	4.86E-04
3.75	0.007	0.802	cl	17	6.76E-06
3.75	0.007	0.802	ar	18	1.15E-04
3.75	0.007	0.802	k	19	5.09E-06
3.75	0.007	0.802	ca	20	8.14E-05
3.75	0.007	0.802	sc	21	7.59E-08
3.75	0.007	0.802	ti	22	4.18E-06
3.75	0.007	0.802	v	23	4.82E-07
3.75	0.007	0.802	cr	24	2.28E-05
3.75	0.007	0.802	mn	25	1.73E-05
3.75	0.007	0.802	fe	26	2.02E-03
3.75	0.007	0.802	co	27	9.84E-06
3.75	0.007	0.802	ni	28	1.06E-04
3.75	0.007	0.802	cu	29	2.57E-06
3.75	0.007	0.802	zn	30	3.75E-06
3.75	0.007	0.802	ga	31	2.18E-07
3.75	0.007	0.802	ge	32	6.71E-07
3.75	0.007	0.802	as	33	2.97E-08
3.75	0.007	0.802	se	34	5.60E-07
3.75	0.007	0.802	br	35	8.53E-08
3.75	0.007	0.802	kr	36	1.74E-06
3.75	0.007	0.802	rb	37	3.05E-07
3.75	0.007	0.802	sr	38	1.01E-06
3.75	0.007	0.802	y	39	2.82E-07
3.75	0.007	0.802	zr	40	7.68E-07
3.75	0.007	0.802	nb	41	5.44E-08
3.75	0.007	0.802	mo	42	1.76E-07
3.75	0.007	0.802	ru	44	5.61E-08
3.75	0.007	0.802	rh	45	4.95E-09
3.75	0.007	0.802	pd	46	5.06E-08
3.75	0.007	0.802	ag	47	8.74E-09
3.75	0.007	0.802	cd	48	8.49E-08
3.75	0.007	0.802	in	49	6.84E-09
3.75	0.007	0.802	sn	50	3.25E-07
3.75	0.007	0.802	sb	51	1.10E-08
3.75	0.007	0.802	te	52	1.49E-07
3.75	0.007	0.802	i	53	1.35E-08
3.75	0.007	0.802	xe	54	2.63E-07
3.75	0.007	0.802	cs	55	1.36E-08
3.75	0.007	0.802	ba	56	1.17E-06
3.75	0.007	0.802	la	57	1.07E-07
3.75	0.007	0.802	ce	58	3.29E-07
3.75	0.007	0.802	pr	59	3.06E-08
3.75	0.007	0.802	nd	60	1.44E-07
3.75	0.007	0.802	sm	62	2.55E-08
3.75	0.007	0.802	eu	63	2.60E-09
3.75	0.007	0.802	gd	64	2.09E-08
3.75	0.007	0.802	tb	65	2.11E-09
3.75	0.007	0.802	dy	66	2.79E-08
3.75	0.007	0.802	ho	67	2.88E-09
3.75	0.007	0.802	er	68	2.05E-08
3.75	0.007	0.802	tm	69	2.28E-09
3.75	0.007	0.802	yb	70	4.38E-08
3.75	0.007	0.802	lu	71	4.89E-09
3.75	0.007	0.802	hf	72	4.19E-08
3.75	0.007	0.802	ta	73	4.64E-09
3.75	0.007	0.802	w	74	3.58E-08
3.75	0.007	0.802	re	75	4.60E-09
3.75	0.007	0.802	os	76	3.78E-08
3.75	0.007	0.802	ir	77	8.57E-09
3.75	0.007	0.802	pt	78	3.62E-08
3.75	0.007	0.802	au	79	5.89E-09
3.75	0.007	0.802	hg	80	9.20E-08
3.75	0.007	0.802	tl	81	6.00E-08
3.75	0.007	0.802	pb	82	9.47E-07
3.75	0.007	0.802	bi	83	1.67E-08
4.00	0.007	0.849	p	1	2.24E+00
4.00	0.007	0.849	he	2	8.88E-01
4.00	0.007	0.849	c	6	1.98E-02
4.00	0.007	0.849	n	7	3.40E-03
4.00	0.007	0.849	o	8	9.61E-03
4.00	0.007	0.849	f	9	4.04E-06
4.00	0.007	0.849	ne	10	4.60E-03
4.00	0.007	0.849	na	11	9.60E-05
4.00	0.007	0.849	mg	12	1.45E-03
4.00	0.007	0.849	al	13	1.10E-04
4.00	0.007	0.849	si	14	1.15E-03
4.00	0.007	0.849	p	15	1.36E-05
4.00	0.007	0.849	s	16	5.20E-04
4.00	0.007	0.849	cl	17	7.15E-06
4.00	0.007	0.849	ar	18	1.23E-04
4.00	0.007	0.849	k	19	5.44E-06
4.00	0.007	0.849	ca	20	8.70E-05
4.00	0.007	0.849	sc	21	8.01E-08
4.00	0.007	0.849	ti	22	4.46E-06
4.00	0.007	0.849	v	23	5.18E-07
4.00	0.007	0.849	cr	24	2.43E-05
4.00	0.007	0.849	mn	25	1.84E-05
4.00	0.007	0.849	fe	26	2.16E-03
4.00	0.007	0.849	co	27	1.03E-05
4.00	0.007	0.849	ni	28	1.16E-04
4.00	0.007	0.849	cu	29	3.05E-06
4.00	0.007	0.849	zn	30	4.13E-06
4.00	0.007	0.849	ga	31	2.51E-07
4.00	0.007	0.849	ge	32	7.66E-07
4.00	0.007	0.849	as	33	3.33E-08
4.00	0.007	0.849	se	34	6.28E-07
4.00	0.007	0.849	br	35	9.51E-08
4.00	0.007	0.849	kr	36	2.17E-06
4.00	0.007	0.849	rb	37	3.84E-07
4.00	0.007	0.849	sr	38	1.01E-06
4.00	0.007	0.849	y	39	2.77E-07
4.00	0.007	0.849	zr	40	7.70E-07
4.00	0.007	0.849	nb	41	4.89E-08
4.00	0.007	0.849	mo	42	1.77E-07
4.00	0.007	0.849	ru	44	6.74E-08
4.00	0.007	0.849	rh	45	5.72E-09
4.00	0.007	0.849	pd	46	5.57E-08
4.00	0.007	0.849	ag	47	9.33E-09
4.00	0.007	0.849	cd	48	8.19E-08
4.00	0.007	0.849	in	49	6.33E-09
4.00	0.007	0.849	sn	50	2.92E-07
4.00	0.007	0.849	sb	51	1.02E-08
4.00	0.007	0.849	te	52	1.40E-07
4.00	0.007	0.849	i	53	1.33E-08
4.00	0.007	0.849	xe	54	2.64E-07
4.00	0.007	0.849	cs	55	1.31E-08
4.00	0.007	0.849	ba	56	1.25E-06
4.00	0.007	0.849	la	57	1.11E-07
4.00	0.007	0.849	ce	58	3.57E-07
4.00	0.007	0.849	pr	59	3.25E-08
4.00	0.007	0.849	nd	60	1.58E-07
4.00	0.007	0.849	sm	62	2.88E-08
4.00	0.007	0.849	eu	63	2.89E-09
4.00	0.007	0.849	gd	64	2.34E-08
4.00	0.007	0.849	tb	65	2.39E-09
4.00	0.007	0.849	dy	66	3.16E-08
4.00	0.007	0.849	ho	67	3.23E-09
4.00	0.007	0.849	er	68	2.28E-08
4.00	0.007	0.849	tm	69	2.61E-09
4.00	0.007	0.849	yb	70	5.01E-08
4.00	0.007	0.849	lu	71	5.74E-09
4.00	0.007	0.849	hf	72	4.96E-08
4.00	0.007	0.849	ta	73	5.59E-09
4.00	0.007	0.849	w	74	4.30E-08
4.00	0.007	0.849	re	75	5.64E-09
4.00	0.007	0.849	os	76	4.65E-08
4.00	0.007	0.849	ir	77	1.01E-08
4.00	0.007	0.849	pt	78	4.40E-08
4.00	0.007	0.849	au	79	7.17E-09
4.00	0.007	0.849	hg	80	1.14E-07
4.00	0.007	0.849	tl	81	7.81E-08
4.00	0.007	0.849	pb	82	1.92E-06
4.00	0.007	0.849	bi	83	6.37E-08
4.25	0.007	0.859	p	1	2.38E+00
4.25	0.007	0.859	he	2	9.86E-01
4.25	0.007	0.859	c	6	2.10E-02
4.25	0.007	0.859	n	7	7.26E-03
4.25	0.007	0.859	o	8	9.86E-03
4.25	0.007	0.859	f	9	3.28E-06
4.25	0.007	0.859	ne	10	3.21E-03
4.25	0.007	0.859	na	11	8.69E-05
4.25	0.007	0.859	mg	12	1.40E-03
4.25	0.007	0.859	al	13	1.21E-04
4.25	0.007	0.859	si	14	1.23E-03
4.25	0.007	0.859	p	15	1.19E-05
4.25	0.007	0.859	s	16	5.60E-04
4.25	0.007	0.859	cl	17	7.66E-06
4.25	0.007	0.859	ar	18	1.33E-04
4.25	0.007	0.859	k	19	5.81E-06
4.25	0.007	0.859	ca	20	9.40E-05
4.25	0.007	0.859	sc	21	7.75E-08
4.25	0.007	0.859	ti	22	4.74E-06
4.25	0.007	0.859	v	23	5.54E-07
4.25	0.007	0.859	cr	24	2.63E-05
4.25	0.007	0.859	mn	25	2.00E-05
4.25	0.007	0.859	fe	26	2.34E-03
4.25	0.007	0.859	co	27	1.02E-05
4.25	0.007	0.859	ni	28	1.20E-04
4.25	0.007	0.859	cu	29	2.53E-06
4.25	0.007	0.859	zn	30	3.72E-06
4.25	0.007	0.859	ga	31	1.50E-07
4.25	0.007	0.859	ge	32	4.35E-07
4.25	0.007	0.859	as	33	2.18E-08
4.25	0.007	0.859	se	34	2.77E-07
4.25	0.007	0.859	br	35	4.54E-08
4.25	0.007	0.859	kr	36	3.58E-07
4.25	0.007	0.859	rb	37	6.01E-08
4.25	0.007	0.859	sr	38	2.00E-07
4.25	0.007	0.859	y	39	5.11E-08
4.25	0.007	0.859	zr	40	1.41E-07
4.25	0.007	0.859	nb	41	1.02E-08
4.25	0.007	0.859	mo	42	3.29E-08
4.25	0.007	0.859	ru	44	1.26E-08
4.25	0.007	0.859	rh	45	1.93E-09
4.25	0.007	0.859	pd	46	1.15E-08
4.25	0.007	0.859	ag	47	3.00E-09
4.25	0.007	0.859	cd	48	1.73E-08
4.25	0.007	0.859	in	49	1.60E-09
4.25	0.007	0.859	sn	50	5.98E-08
4.25	0.007	0.859	sb	51	2.38E-09
4.25	0.007	0.859	te	52	2.95E-08
4.25	0.007	0.859	i	53	6.69E-09
4.25	0.007	0.859	xe	54	6.45E-08
4.25	0.007	0.859	cs	55	3.80E-09
4.25	0.007	0.859	ba	56	2.52E-07
4.25	0.007	0.859	la	57	2.48E-08
4.25	0.007	0.859	ce	58	8.42E-08
4.25	0.007	0.859	pr	59	8.23E-09
4.25	0.007	0.859	nd	60	4.07E-08
4.25	0.007	0.859	sm	62	7.69E-09
4.25	0.007	0.859	eu	63	1.15E-09
4.25	0.007	0.859	gd	64	7.25E-09
4.25	0.007	0.859	tb	65	8.75E-10
4.25	0.007	0.859	dy	66	9.63E-09
4.25	0.007	0.859	ho	67	1.23E-09
4.25	0.007	0.859	er	68	6.92E-09
4.25	0.007	0.859	tm	69	8.39E-10
4.25	0.007	0.859	yb	70	1.33E-08
4.25	0.007	0.859	lu	71	1.57E-09
4.25	0.007	0.859	hf	72	1.28E-08
4.25	0.007	0.859	ta	73	1.50E-09
4.25	0.007	0.859	w	74	1.11E-08
4.25	0.007	0.859	re	75	1.67E-09
4.25	0.007	0.859	os	76	1.49E-08
4.25	0.007	0.859	ir	77	6.11E-09
4.25	0.007	0.859	pt	78	1.76E-08
4.25	0.007	0.859	au	79	2.90E-09
4.25	0.007	0.859	hg	80	3.17E-08
4.25	0.007	0.859	tl	81	2.03E-08
4.25	0.007	0.859	pb	82	2.85E-07
4.25	0.007	0.859	bi	83	3.78E-09
4.50	0.007	0.873	p	1	2.44E+00
4.50	0.007	0.873	he	2	1.13E+00
4.50	0.007	0.873	c	6	4.28E-03
4.50	0.007	0.873	n	7	4.79E-02
4.50	0.007	0.873	o	8	9.46E-03
4.50	0.007	0.873	f	9	8.75E-07
4.50	0.007	0.873	ne	10	4.54E-03
4.50	0.007	0.873	na	11	1.15E-04
4.50	0.007	0.873	mg	12	1.78E-03
4.50	0.007	0.873	al	13	1.49E-04
4.50	0.007	0.873	si	14	1.34E-03
4.50	0.007	0.873	p	15	1.44E-05
4.50	0.007	0.873	s	16	5.95E-04
4.50	0.007	0.873	cl	17	8.51E-06
4.50	0.007	0.873	ar	18	1.41E-04
4.50	0.007	0.873	k	19	6.37E-06
4.50	0.007	0.873	ca	20	9.95E-05
4.50	0.007	0.873	sc	21	1.05E-07
4.50	0.007	0.873	ti	22	5.08E-06
4.50	0.007	0.873	v	23	5.87E-07
4.50	0.007	0.873	cr	24	2.79E-05
4.50	0.007	0.873	mn	25	2.11E-05
4.50	0.007	0.873	fe	26	2.47E-03
4.50	0.007	0.873	co	27	1.63E-05
4.50	0.007	0.873	ni	28	1.44E-04
4.50	0.007	0.873	cu	29	4.94E-06
4.50	0.007	0.873	zn	30	4.96E-06
4.50	0.007	0.873	ga	31	2.88E-07
4.50	0.007	0.873	ge	32	8.12E-07
4.50	0.007	0.873	as	33	3.41E-08
4.50	0.007	0.873	se	34	5.48E-07
4.50	0.007	0.873	br	35	8.29E-08
4.50	0.007	0.873	kr	36	7.52E-07
4.50	0.007	0.873	rb	37	1.52E-07
4.50	0.007	0.873	sr	38	3.68E-07
4.50	0.007	0.873	y	39	9.37E-08
4.50	0.007	0.873	zr	40	2.68E-07
4.50	0.007	0.873	nb	41	1.79E-08
4.50	0.007	0.873	mo	42	6.49E-08
4.50	0.007	0.873	ru	44	2.33E-08
4.50	0.007	0.873	rh	45	2.70E-09
4.50	0.007	0.873	pd	46	1.93E-08
4.50	0.007	0.873	ag	47	4.16E-09
4.50	0.007	0.873	cd	48	2.78E-08
4.50	0.007	0.873	in	49	2.37E-09
4.50	0.007	0.873	sn	50	9.38E-08
4.50	0.007	0.873	sb	51	3.53E-09
4.50	0.007	0.873	te	52	4.61E-08
4.50	0.007	0.873	i	53	8.01E-09
4.50	0.007	0.873	xe	54	1.05E-07
4.50	0.007	0.873	cs	55	5.51E-09
4.50	0.007	0.873	ba	56	4.59E-07
4.50	0.007	0.873	la	57	4.23E-08
4.50	0.007	0.873	ce	58	1.47E-07
4.50	0.007	0.873	pr	59	1.39E-08
4.50	0.007	0.873	nd	60	6.71E-08
4.50	0.007	0.873	sm	62	1.28E-08
4.50	0.007	0.873	eu	63	1.62E-09
4.50	0.007	0.873	gd	64	1.14E-08
4.50	0.007	0.873	tb	65	1.28E-09
4.50	0.007	0.873	dy	66	1.52E-08
4.50	0.007	0.873	ho	67	1.77E-09
4.50	0.007	0.873	er	68	1.11E-08
4.50	0.007	0.873	tm	69	1.30E-09
4.50	0.007	0.873	yb	70	2.28E-08
4.50	0.007	0.873	lu	71	2.63E-09
4.50	0.007	0.873	hf	72	2.22E-08
4.50	0.007	0.873	ta	73	2.56E-09
4.50	0.007	0.873	w	74	1.91E-08
4.50	0.007	0.873	re	75	2.73E-09
4.50	0.007	0.873	os	76	2.28E-08
4.50	0.007	0.873	ir	77	7.42E-09
4.50	0.007	0.873	pt	78	2.46E-08
4.50	0.007	0.873	au	79	4.06E-09
4.50	0.007	0.873	hg	80	5.18E-08
4.50	0.007	0.873	tl	81	3.42E-08
4.50	0.007	0.873	pb	82	4.19E-07
4.50	0.007	0.873	bi	83	6.27E-09
4.75	0.007	0.883	p	1	2.58E+00
4.75	0.007	0.883	he	2	1.24E+00
4.75	0.007	0.883	c	6	4.10E-03
4.75	0.007	0.883	n	7	4.95E-02
4.75	0.007	0.883	o	8	8.99E-03
4.75	0.007	0.883	f	9	6.58E-07
4.75	0.007	0.883	ne	10	4.59E-03
4.75	0.007	0.883	na	11	1.22E-04
4.75	0.007	0.883	mg	12	1.86E-03
4.75	0.007	0.883	al	13	1.60E-04
4.75	0.007	0.883	si	14	1.43E-03
4.75	0.007	0.883	p	15	1.51E-05
4.75	0.007	0.883	s	16	6.35E-04
4.75	0.007	0.883	cl	17	9.04E-06
4.75	0.007	0.883	ar	18	1.50E-04
4.75	0.007	0.883	k	19	6.78E-06
4.75	0.007	0.883	ca	20	1.06E-04
4.75	0.007	0.883	sc	21	1.09E-07
4.75	0.007	0.883	ti	22	5.39E-06
4.75	0.007	0.883	v	23	6.25E-07
4.75	0.007	0.883	cr	24	2.98E-05
4.75	0.007	0.883	mn	25	2.25E-05
4.75	0.007	0.883	fe	26	2.64E-03
4.75	0.007	0.883	co	27	1.69E-05
4.75	0.007	0.883	ni	28	1.54E-04
4.75	0.007	0.883	cu	29	5.29E-06
4.75	0.007	0.883	zn	30	5.27E-06
4.75	0.007	0.883	ga	31	2.99E-07
4.75	0.007	0.883	ge	32	8.31E-07
4.75	0.007	0.883	as	33	3.49E-08
4.75	0.007	0.883	se	34	5.31E-07
4.75	0.007	0.883	br	35	8.05E-08
4.75	0.007	0.883	kr	36	5.04E-07
4.75	0.007	0.883	rb	37	1.04E-07
4.75	0.007	0.883	sr	38	1.69E-07
4.75	0.007	0.883	y	39	3.02E-08
4.75	0.007	0.883	zr	40	5.99E-08
4.75	0.007	0.883	nb	41	4.32E-09
4.75	0.007	0.883	mo	42	1.14E-08
4.75	0.007	0.883	ru	44	6.50E-09
4.75	0.007	0.883	rh	45	1.62E-09
4.75	0.007	0.883	pd	46	6.04E-09
4.75	0.007	0.883	ag	47	2.34E-09
4.75	0.007	0.883	cd	48	7.64E-09
4.75	0.007	0.883	in	49	8.83E-10
4.75	0.007	0.883	sn	50	1.77E-08
4.75	0.007	0.883	sb	51	9.94E-10
4.75	0.007	0.883	te	52	9.40E-09
4.75	0.007	0.883	i	53	6.00E-09
4.75	0.007	0.883	xe	54	2.92E-08
4.75	0.007	0.883	cs	55	2.18E-09
4.75	0.007	0.883	ba	56	3.16E-08
4.75	0.007	0.883	la	57	2.94E-09
4.75	0.007	0.883	ce	58	7.60E-09
4.75	0.007	0.883	pr	59	1.13E-09
4.75	0.007	0.883	nd	60	5.31E-09
4.75	0.007	0.883	sm	62	1.33E-09
4.75	0.007	0.883	eu	63	6.55E-10
4.75	0.007	0.883	gd	64	2.37E-09
4.75	0.007	0.883	tb	65	4.43E-10
4.75	0.007	0.883	dy	66	2.95E-09
4.75	0.007	0.883	ho	67	6.49E-10
4.75	0.007	0.883	er	68	1.85E-09
4.75	0.007	0.883	tm	69	2.99E-10
4.75	0.007	0.883	yb	70	1.75E-09
4.75	0.007	0.883	lu	71	2.96E-10
4.75	0.007	0.883	hf	72	1.31E-09
4.75	0.007	0.883	ta	73	1.93E-10
4.75	0.007	0.883	w	74	1.18E-09
4.75	0.007	0.883	re	75	4.60E-10
4.75	0.007	0.883	os	76	5.73E-09
4.75	0.007	0.883	ir	77	5.33E-09
4.75	0.007	0.883	pt	78	1.01E-08
4.75	0.007	0.883	au	79	1.66E-09
4.75	0.007	0.883	hg	80	4.03E-09
4.75	0.007	0.883	tl	81	1.89E-09
4.75	0.007	0.883	pb	82	3.28E-08
4.75	0.007	0.883	bi	83	1.32E-09
5.00	0.007	0.895	p	1	2.70E+00
5.00	0.007	0.895	he	2	1.35E+00
5.00	0.007	0.895	c	6	5.08E-03
5.00	0.007	0.895	n	7	5.08E-02
5.00	0.007	0.895	o	8	8.65E-03
5.00	0.007	0.895	f	9	5.97E-07
5.00	0.007	0.895	ne	10	4.65E-03
5.00	0.007	0.895	na	11	1.28E-04
5.00	0.007	0.895	mg	12	1.99E-03
5.00	0.007	0.895	al	13	1.71E-04
5.00	0.007	0.895	si	14	1.52E-03
5.00	0.007	0.895	p	15	1.62E-05
5.00	0.007	0.895	s	16	6.74E-04
5.00	0.007	0.895	cl	17	9.56E-06
5.00	0.007	0.895	ar	18	1.60E-04
5.00	0.007	0.895	k	19	7.20E-06
5.00	0.007	0.895	ca	20	1.13E-04
5.00	0.007	0.895	sc	21	1.16E-07
5.00	0.007	0.895	ti	22	5.72E-06
5.00	0.007	0.895	v	23	6.65E-07
5.00	0.007	0.895	cr	24	3.16E-05
5.00	0.007	0.895	mn	25	2.39E-05
5.00	0.007	0.895	fe	26	2.80E-03
5.00	0.007	0.895	co	27	1.71E-05
5.00	0.007	0.895	ni	28	1.65E-04
5.00	0.007	0.895	cu	29	5.81E-06
5.00	0.007	0.895	zn	30	5.79E-06
5.00	0.007	0.895	ga	31	3.43E-07
5.00	0.007	0.895	ge	32	9.55E-07
5.00	0.007	0.895	as	33	3.94E-08
5.00	0.007	0.895	se	34	6.23E-07
5.00	0.007	0.895	br	35	9.39E-08
5.00	0.007	0.895	kr	36	6.20E-07
5.00	0.007	0.895	rb	37	1.33E-07
5.00	0.007	0.895	sr	38	2.03E-07
5.00	0.007	0.895	y	39	3.59E-08
5.00	0.007	0.895	zr	40	6.92E-08
5.00	0.007	0.895	nb	41	4.92E-09
5.00	0.007	0.895	mo	42	1.30E-08
5.00	0.007	0.895	ru	44	7.15E-09
5.00	0.007	0.895	rh	45	1.73E-09
5.00	0.007	0.895	pd	46	6.58E-09
5.00	0.007	0.895	ag	47	2.51E-09
5.00	0.007	0.895	cd	48	8.31E-09
5.00	0.007	0.895	in	49	9.51E-10
5.00	0.007	0.895	sn	50	1.91E-08
5.00	0.007	0.895	sb	51	1.06E-09
5.00	0.007	0.895	te	52	1.00E-08
5.00	0.007	0.895	i	53	6.39E-09
5.00	0.007	0.895	xe	54	3.11E-08
5.00	0.007	0.895	cs	55	2.32E-09
5.00	0.007	0.895	ba	56	3.38E-08
5.00	0.007	0.895	la	57	3.13E-09
5.00	0.007	0.895	ce	58	8.10E-09
5.00	0.007	0.895	pr	59	1.20E-09
5.00	0.007	0.895	nd	60	5.65E-09
5.00	0.007	0.895	sm	62	1.41E-09
5.00	0.007	0.895	eu	63	6.96E-10
5.00	0.007	0.895	gd	64	2.52E-09
5.00	0.007	0.895	tb	65	4.71E-10
5.00	0.007	0.895	dy	66	3.14E-09
5.00	0.007	0.895	ho	67	6.91E-10
5.00	0.007	0.895	er	68	1.97E-09
5.00	0.007	0.895	tm	69	3.18E-10
5.00	0.007	0.895	yb	70	1.86E-09
5.00	0.007	0.895	lu	71	3.15E-10
5.00	0.007	0.895	hf	72	1.39E-09
5.00	0.007	0.895	ta	73	2.05E-10
5.00	0.007	0.895	w	74	1.25E-09
5.00	0.007	0.895	re	75	4.89E-10
5.00	0.007	0.895	os	76	6.10E-09
5.00	0.007	0.895	ir	77	5.67E-09
5.00	0.007	0.895	pt	78	1.07E-08
5.00	0.007	0.895	au	79	1.77E-09
5.00	0.007	0.895	hg	80	4.26E-09
5.00	0.007	0.895	tl	81	1.98E-09
5.00	0.007	0.895	pb	82	3.48E-08
5.00	0.007	0.895	bi	83	1.40E-09
5.50	0.007	0.921	p	1	2.98E+00
5.50	0.007	0.921	he	2	1.55E+00
5.50	0.007	0.921	c	6	4.22E-03
5.50	0.007	0.921	n	7	5.04E-02
5.50	0.007	0.921	o	8	7.94E-03
5.50	0.007	0.921	f	9	3.47E-07
5.50	0.007	0.921	ne	10	4.58E-03
5.50	0.007	0.921	na	11	1.06E-04
5.50	0.007	0.921	mg	12	2.06E-03
5.50	0.007	0.921	al	13	1.94E-04
5.50	0.007	0.921	si	14	1.69E-03
5.50	0.007	0.921	p	15	1.74E-05
5.50	0.007	0.921	s	16	7.53E-04
5.50	0.007	0.921	cl	17	1.05E-05
5.50	0.007	0.921	ar	18	1.79E-04
5.50	0.007	0.921	k	19	7.96E-06
5.50	0.007	0.921	ca	20	1.26E-04
5.50	0.007	0.921	sc	21	1.17E-07
5.50	0.007	0.921	ti	22	6.39E-06
5.50	0.007	0.921	v	23	7.45E-07
5.50	0.007	0.921	cr	24	3.53E-05
5.50	0.007	0.921	mn	25	2.68E-05
5.50	0.007	0.921	fe	26	3.14E-03
5.50	0.007	0.921	co	27	1.65E-05
5.50	0.007	0.921	ni	28	1.76E-04
5.50	0.007	0.921	cu	29	5.51E-06
5.50	0.007	0.921	zn	30	6.00E-06
5.50	0.007	0.921	ga	31	3.24E-07
5.50	0.007	0.921	ge	32	9.04E-07
5.50	0.007	0.921	as	33	3.88E-08
5.50	0.007	0.921	se	34	5.76E-07
5.50	0.007	0.921	br	35	8.83E-08
5.50	0.007	0.921	kr	36	5.61E-07
5.50	0.007	0.921	rb	37	1.14E-07
5.50	0.007	0.921	sr	38	1.93E-07
5.50	0.007	0.921	y	39	3.46E-08
5.50	0.007	0.921	zr	40	6.89E-08
5.50	0.007	0.921	nb	41	5.00E-09
5.50	0.007	0.921	mo	42	1.32E-08
5.50	0.007	0.921	ru	44	7.69E-09
5.50	0.007	0.921	rh	45	1.92E-09
5.50	0.007	0.921	pd	46	7.16E-09
5.50	0.007	0.921	ag	47	2.78E-09
5.50	0.007	0.921	cd	48	9.05E-09
5.50	0.007	0.921	in	49	1.05E-09
5.50	0.007	0.921	sn	50	2.09E-08
5.50	0.007	0.921	sb	51	1.18E-09
5.50	0.007	0.921	te	52	1.11E-08
5.50	0.007	0.921	i	53	7.15E-09
5.50	0.007	0.921	xe	54	3.45E-08
5.50	0.007	0.921	cs	55	2.58E-09
5.50	0.007	0.921	ba	56	3.67E-08
5.50	0.007	0.921	la	57	3.46E-09
5.50	0.007	0.921	ce	58	8.94E-09
5.50	0.007	0.921	pr	59	1.33E-09
5.50	0.007	0.921	nd	60	6.30E-09
5.50	0.007	0.921	sm	62	1.58E-09
5.50	0.007	0.921	eu	63	7.74E-10
5.50	0.007	0.921	gd	64	2.83E-09
5.50	0.007	0.921	tb	65	5.26E-10
5.50	0.007	0.921	dy	66	3.52E-09
5.50	0.007	0.921	ho	67	7.71E-10
5.50	0.007	0.921	er	68	2.21E-09
5.50	0.007	0.921	tm	69	3.55E-10
5.50	0.007	0.921	yb	70	2.07E-09
5.50	0.007	0.921	lu	71	3.50E-10
5.50	0.007	0.921	hf	72	1.54E-09
5.50	0.007	0.921	ta	73	2.27E-10
5.50	0.007	0.921	w	74	1.38E-09
5.50	0.007	0.921	re	75	5.45E-10
5.50	0.007	0.921	os	76	6.83E-09
5.50	0.007	0.921	ir	77	6.34E-09
5.50	0.007	0.921	pt	78	1.21E-08
5.50	0.007	0.921	au	79	1.98E-09
5.50	0.007	0.921	hg	80	4.72E-09
5.50	0.007	0.921	tl	81	2.17E-09
5.50	0.007	0.921	pb	82	3.85E-08
5.50	0.007	0.921	bi	83	1.56E-09
6.00	0.007	0.956	p	1	3.26E+00
6.00	0.007	0.956	he	2	1.74E+00
6.00	0.007	0.956	c	6	4.07E-03
6.00	0.007	0.956	n	7	4.01E-02
6.00	0.007	0.956	o	8	7.60E-03
6.00	0.007	0.956	f	9	2.67E-07
6.00	0.007	0.956	ne	10	4.21E-03
6.00	0.007	0.956	na	11	1.07E-04
6.00	0.007	0.956	mg	12	2.05E-03
6.00	0.007	0.956	al	13	2.07E-04
6.00	0.007	0.956	si	14	1.85E-03
6.00	0.007	0.956	p	15	1.80E-05
6.00	0.007	0.956	s	16	8.32E-04
6.00	0.007	0.956	cl	17	1.14E-05
6.00	0.007	0.956	ar	18	1.97E-04
6.00	0.007	0.956	k	19	8.66E-06
6.00	0.007	0.956	ca	20	1.40E-04
6.00	0.007	0.956	sc	21	1.13E-07
6.00	0.007	0.956	ti	22	7.03E-06
6.00	0.007	0.956	v	23	8.25E-07
6.00	0.007	0.956	cr	24	3.90E-05
6.00	0.007	0.956	mn	25	2.99E-05
6.00	0.007	0.956	fe	26	3.47E-03
6.00	0.007	0.956	co	27	1.43E-05
6.00	0.007	0.956	ni	28	1.82E-04
6.00	0.007	0.956	cu	29	4.31E-06
6.00	0.007	0.956	zn	30	5.82E-06
6.00	0.007	0.956	ga	31	2.54E-07
6.00	0.007	0.956	ge	32	7.22E-07
6.00	0.007	0.956	as	33	3.44E-08
6.00	0.007	0.956	se	34	4.46E-07
6.00	0.007	0.956	br	35	7.16E-08
6.00	0.007	0.956	kr	36	4.18E-07
6.00	0.007	0.956	rb	37	7.29E-08
6.00	0.007	0.956	sr	38	1.59E-07
6.00	0.007	0.956	y	39	2.97E-08
6.00	0.007	0.956	zr	40	6.38E-08
6.00	0.007	0.956	nb	41	4.77E-09
6.00	0.007	0.956	mo	42	1.27E-08
6.00	0.007	0.956	ru	44	8.03E-09
6.00	0.007	0.956	rh	45	2.10E-09
6.00	0.007	0.956	pd	46	7.63E-09
6.00	0.007	0.956	ag	47	3.04E-09
6.00	0.007	0.956	cd	48	9.68E-09
6.00	0.007	0.956	in	49	1.14E-09
6.00	0.007	0.956	sn	50	2.23E-08
6.00	0.007	0.956	sb	51	1.28E-09
6.00	0.007	0.956	te	52	1.20E-08
6.00	0.007	0.956	i	53	7.89E-09
6.00	0.007	0.956	xe	54	3.79E-08
6.00	0.007	0.956	cs	55	2.84E-09
6.00	0.007	0.956	ba	56	3.90E-08
6.00	0.007	0.956	la	57	3.76E-09
6.00	0.007	0.956	ce	58	9.71E-09
6.00	0.007	0.956	pr	59	1.46E-09
6.00	0.007	0.956	nd	60	6.92E-09
6.00	0.007	0.956	sm	62	1.75E-09
6.00	0.007	0.956	eu	63	8.51E-10
6.00	0.007	0.956	gd	64	3.15E-09
6.00	0.007	0.956	tb	65	5.80E-10
6.00	0.007	0.956	dy	66	3.91E-09
6.00	0.007	0.956	ho	67	8.51E-10
6.00	0.007	0.956	er	68	2.45E-09
6.00	0.007	0.956	tm	69	3.92E-10
6.00	0.007	0.956	yb	70	2.28E-09
6.00	0.007	0.956	lu	71	3.85E-10
6.00	0.007	0.956	hf	72	1.68E-09
6.00	0.007	0.956	ta	73	2.47E-10
6.00	0.007	0.956	w	74	1.50E-09
6.00	0.007	0.956	re	75	5.97E-10
6.00	0.007	0.956	os	76	7.57E-09
6.00	0.007	0.956	ir	77	6.99E-09
6.00	0.007	0.956	pt	78	1.35E-08
6.00	0.007	0.956	au	79	2.20E-09
6.00	0.007	0.956	hg	80	5.15E-09
6.00	0.007	0.956	tl	81	2.31E-09
6.00	0.007	0.956	pb	82	4.18E-08
6.00	0.007	0.956	bi	83	1.70E-09
7.00	0.007	1.040	p	1	3.83E+00
7.00	0.007	1.040	he	2	2.10E+00
7.00	0.007	1.040	c	6	3.46E-03
7.00	0.007	1.040	n	7	2.85E-02
7.00	0.007	1.040	o	8	9.58E-03
7.00	0.007	1.040	f	9	1.04E-07
7.00	0.007	1.040	ne	10	4.30E-03
7.00	0.007	1.040	na	11	9.24E-05
7.00	0.007	1.040	mg	12	2.31E-03
7.00	0.007	1.040	al	13	2.37E-04
7.00	0.007	1.040	si	14	2.15E-03
7.00	0.007	1.040	p	15	2.04E-05
7.00	0.007	1.040	s	16	9.86E-04
7.00	0.007	1.040	cl	17	1.31E-05
7.00	0.007	1.040	ar	18	2.34E-04
7.00	0.007	1.040	k	19	1.01E-05
7.00	0.007	1.040	ca	20	1.66E-04
7.00	0.007	1.040	sc	21	1.19E-07
7.00	0.007	1.040	ti	22	8.30E-06
7.00	0.007	1.040	v	23	9.80E-07
7.00	0.007	1.040	cr	24	4.62E-05
7.00	0.007	1.040	mn	25	3.56E-05
7.00	0.007	1.040	fe	26	4.11E-03
7.00	0.007	1.040	co	27	1.24E-05
7.00	0.007	1.040	ni	28	2.07E-04
7.00	0.007	1.040	cu	29	3.74E-06
7.00	0.007	1.040	zn	30	6.43E-06
7.00	0.007	1.040	ga	31	2.42E-07
7.00	0.007	1.040	ge	32	7.08E-07
7.00	0.007	1.040	as	33	3.64E-08
7.00	0.007	1.040	se	34	4.42E-07
7.00	0.007	1.040	br	35	7.33E-08
7.00	0.007	1.040	kr	36	4.25E-07
7.00	0.007	1.040	rb	37	6.84E-08
7.00	0.007	1.040	sr	38	1.70E-07
7.00	0.007	1.040	y	39	3.23E-08
7.00	0.007	1.040	zr	40	7.17E-08
7.00	0.007	1.040	nb	41	5.40E-09
7.00	0.007	1.040	mo	42	1.44E-08
7.00	0.007	1.040	ru	44	9.39E-09
7.00	0.007	1.040	rh	45	2.48E-09
7.00	0.007	1.040	pd	46	9.01E-09
7.00	0.007	1.040	ag	47	3.61E-09
7.00	0.007	1.040	cd	48	1.14E-08
7.00	0.007	1.040	in	49	1.34E-09
7.00	0.007	1.040	sn	50	2.61E-08
7.00	0.007	1.040	sb	51	1.51E-09
7.00	0.007	1.040	te	52	1.41E-08
7.00	0.007	1.040	i	53	9.33E-09
7.00	0.007	1.040	xe	54	4.49E-08
7.00	0.007	1.040	cs	55	3.36E-09
7.00	0.007	1.040	ba	56	4.51E-08
7.00	0.007	1.040	la	57	4.41E-09
7.00	0.007	1.040	ce	58	1.14E-08
7.00	0.007	1.040	pr	59	1.72E-09
7.00	0.007	1.040	nd	60	8.19E-09
7.00	0.007	1.040	sm	62	2.07E-09
7.00	0.007	1.040	eu	63	1.00E-09
7.00	0.007	1.040	gd	64	3.76E-09
7.00	0.007	1.040	tb	65	6.85E-10
7.00	0.007	1.040	dy	66	4.67E-09
7.00	0.007	1.040	ho	67	1.01E-09
7.00	0.007	1.040	er	68	2.93E-09
7.00	0.007	1.040	tm	69	4.64E-10
7.00	0.007	1.040	yb	70	2.69E-09
7.00	0.007	1.040	lu	71	4.54E-10
7.00	0.007	1.040	hf	72	1.97E-09
7.00	0.007	1.040	ta	73	2.88E-10
7.00	0.007	1.040	w	74	1.76E-09
7.00	0.007	1.040	re	75	7.01E-10
7.00	0.007	1.040	os	76	8.99E-09
7.00	0.007	1.040	ir	77	8.26E-09
7.00	0.007	1.040	pt	78	1.63E-08
7.00	0.007	1.040	au	79	2.61E-09
7.00	0.007	1.040	hg	80	6.01E-09
7.00	0.007	1.040	tl	81	2.62E-09
7.00	0.007	1.040	pb	82	4.89E-08
7.00	0.007	1.040	bi	83	2.00E-09
7.50	0.007	1.116	p	1	4.07E+00
7.50	0.007	1.116	he	2	2.29E+00
7.50	0.007	1.116	c	6	3.76E-03
7.50	0.007	1.116	n	7	2.65E-02
7.50	0.007	1.116	o	8	1.13E-02
7.50	0.007	1.116	f	9	4.46E-08
7.50	0.007	1.116	ne	10	4.48E-03
7.50	0.007	1.116	na	11	9.79E-05
7.50	0.007	1.116	mg	12	2.47E-03
7.50	0.007	1.116	al	13	2.46E-04
7.50	0.007	1.116	si	14	2.35E-03
7.50	0.007	1.116	p	15	2.21E-05
7.50	0.007	1.116	s	16	1.06E-03
7.50	0.007	1.116	cl	17	1.41E-05
7.50	0.007	1.116	ar	18	2.51E-04
7.50	0.007	1.116	k	19	1.09E-05
7.50	0.007	1.116	ca	20	1.78E-04
7.50	0.007	1.116	sc	21	1.28E-07
7.50	0.007	1.116	ti	22	8.89E-06
7.50	0.007	1.116	v	23	1.05E-06
7.50	0.007	1.116	cr	24	4.95E-05
7.50	0.007	1.116	mn	25	3.82E-05
7.50	0.007	1.116	fe	26	4.41E-03
7.50	0.007	1.116	co	27	1.23E-05
7.50	0.007	1.116	ni	28	2.22E-04
7.50	0.007	1.116	cu	29	4.18E-06
7.50	0.007	1.116	zn	30	7.15E-06
7.50	0.007	1.116	ga	31	2.93E-07
7.50	0.007	1.116	ge	32	8.61E-07
7.50	0.007	1.116	as	33	4.24E-08
7.50	0.007	1.116	se	34	5.57E-07
7.50	0.007	1.116	br	35	9.04E-08
7.50	0.007	1.116	kr	36	5.90E-07
7.50	0.007	1.116	rb	37	1.08E-07
7.50	0.007	1.116	sr	38	2.24E-07
7.50	0.007	1.116	y	39	4.23E-08
7.50	0.007	1.116	zr	40	8.89E-08
7.50	0.007	1.116	nb	41	6.53E-09
7.50	0.007	1.116	mo	42	1.74E-08
7.50	0.007	1.116	ru	44	1.07E-08
7.50	0.007	1.116	rh	45	2.69E-09
7.50	0.007	1.116	pd	46	1.01E-08
7.50	0.007	1.116	ag	47	3.92E-09
7.50	0.007	1.116	cd	48	1.28E-08
7.50	0.007	1.116	in	49	1.47E-09
7.50	0.007	1.116	sn	50	2.89E-08
7.50	0.007	1.116	sb	51	1.64E-09
7.50	0.007	1.116	te	52	1.54E-08
7.50	0.007	1.116	i	53	1.00E-08
7.50	0.007	1.116	xe	54	4.85E-08
7.50	0.007	1.116	cs	55	3.62E-09
7.50	0.007	1.116	ba	56	4.92E-08
7.50	0.007	1.116	la	57	4.76E-09
7.50	0.007	1.116	ce	58	1.23E-08
7.50	0.007	1.116	pr	59	1.85E-09
7.50	0.007	1.116	nd	60	8.80E-09
7.50	0.007	1.116	sm	62	2.22E-09
7.50	0.007	1.116	eu	63	1.07E-09
7.50	0.007	1.116	gd	64	4.04E-09
7.50	0.007	1.116	tb	65	7.33E-10
7.50	0.007	1.116	dy	66	5.02E-09
7.50	0.007	1.116	ho	67	1.08E-09
7.50	0.007	1.116	er	68	3.14E-09
7.50	0.007	1.116	tm	69	4.97E-10
7.50	0.007	1.116	yb	70	2.89E-09
7.50	0.007	1.116	lu	71	4.86E-10
7.50	0.007	1.116	hf	72	2.11E-09
7.50	0.007	1.116	ta	73	3.09E-10
7.50	0.007	1.116	w	74	1.88E-09
7.50	0.007	1.116	re	75	7.50E-10
7.50	0.007	1.116	os	76	9.63E-09
7.50	0.007	1.116	ir	77	8.84E-09
7.50	0.007	1.116	pt	78	1.75E-08
7.50	0.007	1.116	au	79	2.80E-09
7.50	0.007	1.116	hg	80	6.43E-09
7.50	0.007	1.116	tl	81	2.78E-09
7.50	0.007	1.116	pb	82	5.23E-08
7.50	0.007	1.116	bi	83	2.14E-09