# Cinquegrana, Heger & Karakas 2025
M      10.5   10.8   11.0   11.3   11.5   11.8   12.0   12.3   12.5   12.8   13.0   13.3   13.5   13.8   14.0   14.3   14.5   14.8   15.0   15.3   15.5   15.8   16.0   16.3   16.5   16.8   17.0   17.3   17.5   17.8   18.0   18.3   18.5   18.8   19.0   19.3   19.5   19.8
E      1.0   1.0   1.0   1.0   1.0   1.0   1.0   1.0   1.0   1.0   1.0   1.0   1.0   1.0   1.0   1.0   1.0   1.0   1.0   1.0   1.0   1.0   1.0   1.0   1.0   1.0   1.0   1.0   1.0   1.0   1.0   1.0   1.0   1.0   1.0   1.0   1.0   1.0
Mrem   1.286   1.510   1.407   1.413   1.520   1.534   1.568   1.528   1.609   1.574   1.551   11.614   1.558   11.941   1.654   1.663   12.432   12.572   12.737   1.440   1.473   1.539   1.538   1.551   1.592   1.616   1.634   1.701   14.552   14.656   1.621   1.544   1.750   15.000   15.418   1.530   1.525   15.538
H1    6.133974e+00   6.222437e+00   6.330841e+00   6.478993e+00   6.659683e+00   6.799924e+00   6.917175e+00   7.013196e+00   7.156072e+00   7.271715e+00   7.421882e+00   1.147867e+00   7.589250e+00   1.269011e+00   7.910285e+00   8.041941e+00   1.449233e+00   1.524029e+00   1.583940e+00   8.137312e+00   8.251606e+00   8.164269e+00   8.448416e+00   8.534524e+00   8.657581e+00   8.753734e+00   8.826697e+00   8.965929e+00   2.046649e+00   2.144638e+00   9.071808e+00   9.063172e+00   9.356765e+00   2.583994e+00   2.468388e+00   9.329423e+00   8.802474e+00   2.883969e+00
H2    7.036311e-08   7.535405e-08   7.584972e-08   7.899666e-08   8.039983e-08   8.430175e-08   8.837041e-08   9.242668e-08   9.675487e-08   1.004322e-07   1.039681e-07   8.541662e-08   1.101076e-07   9.063501e-08   1.188521e-07   1.220248e-07   9.815118e-08   1.010894e-07   1.039331e-07   1.277051e-07   1.338489e-07   1.355201e-07   1.393564e-07   1.443566e-07   1.469886e-07   1.518217e-07   1.518378e-07   1.566374e-07   1.337384e-07   1.368020e-07   1.642466e-07   1.667985e-07   1.752588e-07   1.490970e-07   1.524641e-07   1.803200e-07   1.823655e-07   1.619497e-07
He3   3.631781e-04   3.638468e-04   3.654947e-04   3.718427e-04   4.133603e-04   4.235805e-04   4.287815e-04   4.336414e-04   4.410381e-04   4.472052e-04   4.543835e-04   8.738434e-05   4.609464e-04   9.719471e-05   4.781751e-04   4.843196e-04   1.115957e-04   1.174951e-04   1.223800e-04   4.828867e-04   4.882652e-04   4.822766e-04   4.972815e-04   5.010907e-04   5.069161e-04   5.114678e-04   5.146443e-04   5.217390e-04   1.649343e-04   1.718755e-04   5.248113e-04   5.232066e-04   5.393453e-04   2.041622e-04   2.001817e-04   5.381871e-04   5.056985e-04   2.294679e-04
He4   2.893716e+00   2.847059e+00   3.063406e+00   3.151092e+00   3.127464e+00   3.207978e+00   3.296006e+00   3.405241e+00   3.485189e+00   3.586236e+00   3.702619e+00   4.590948e-01   3.956409e+00   5.085294e-01   4.096632e+00   4.213982e+00   5.831269e-01   6.154732e-01   6.399082e-01   5.011057e+00   5.094321e+00   5.025834e+00   5.276657e+00   5.386943e+00   5.475861e+00   5.572675e+00   5.680228e+00   5.750226e+00   8.498802e-01   8.954047e-01   6.096067e+00   6.194554e+00   6.267380e+00   1.100345e+00   1.050990e+00   6.564251e+00   6.191275e+00   1.254253e+00
Li6   4.706364e-11   5.009160e-11   4.921479e-11   5.058790e-11   5.142870e-11   5.271030e-11   5.364240e-11   5.453766e-11   5.608093e-11   5.724191e-11   5.842041e-11   4.963310e-11   5.935719e-11   5.147810e-11   6.339166e-11   6.450722e-11   5.410704e-11   5.498664e-11   5.592870e-11   6.453322e-11   6.561116e-11   6.519518e-11   6.765777e-11   6.909433e-11   7.020298e-11   7.141919e-11   7.278992e-11   7.384861e-11   6.515044e-11   6.623123e-11   7.542028e-11   7.645824e-11   7.825664e-11   6.957597e-11   7.066068e-11   7.964449e-11   7.504485e-11   7.343511e-11
Li7   1.677924e-08   6.749793e-09   2.062829e-08   2.418678e-08   1.433911e-08   2.260449e-08   3.383990e-08   5.204425e-08   5.353442e-08   5.895971e-08   7.021726e-08   1.416986e-09   1.032887e-07   1.468831e-09   8.845773e-08   9.226436e-08   1.537420e-09   1.564093e-09   1.587190e-09   1.823027e-07   1.873912e-07   1.872386e-07   1.900348e-07   1.983970e-07   2.184661e-07   2.148684e-07   1.811993e-07   1.548942e-07   1.828567e-09   1.859716e-09   2.099833e-07   2.241881e-07   2.248751e-07   1.954606e-09   1.983879e-09   2.251652e-07   3.366681e-07   2.054988e-09
Be9   2.633037e-11   2.658417e-11   2.730587e-11   2.860412e-11   4.646826e-11   4.838322e-11   4.905703e-11   4.973029e-11   5.099140e-11   5.214535e-11   5.334407e-11   3.978390e-11   5.442219e-11   4.379688e-11   5.724197e-11   5.822852e-11   4.749306e-11   4.844675e-11   4.919058e-11   5.861041e-11   5.921068e-11   5.872203e-11   6.063302e-11   6.146656e-11   6.230640e-11   6.319606e-11   6.527879e-11   6.683702e-11   5.590840e-11   5.654760e-11   6.596554e-11   6.799394e-11   6.797880e-11   5.913469e-11   5.980773e-11   7.035096e-11   6.467314e-11   6.172893e-11
B10   7.002996e-10   6.917570e-10   6.949120e-10   7.155004e-10   1.097005e-09   1.133031e-09   1.170629e-09   1.272019e-09   1.303672e-09   1.340663e-09   1.391817e-09   4.116692e-10   1.493717e-09   4.743841e-10   1.516722e-09   1.551816e-09   5.675709e-10   6.023792e-10   6.327767e-10   1.668395e-09   1.566870e-09   1.518632e-09   1.586435e-09   1.564307e-09   1.685393e-09   1.604354e-09   1.612546e-09   1.593179e-09   9.960699e-10   1.027368e-09   1.683063e-09   1.744461e-09   1.683076e-09   1.164402e-09   1.217892e-09   1.770652e-09   1.551266e-09   1.313654e-09
B11   2.467115e-08   1.162489e-08   3.388443e-08   3.843519e-08   2.700432e-08   3.651490e-08   4.999060e-08   3.878438e-08   3.926461e-08   4.620346e-08   5.985965e-08   1.588918e-09   7.396386e-08   1.842334e-09   4.901679e-08   5.195689e-08   2.219549e-09   2.357812e-09   2.478419e-09   3.629456e-07   2.291530e-07   2.064965e-07   2.591346e-07   2.473724e-07   2.978498e-07   2.659690e-07   6.179105e-07   4.886265e-07   3.859855e-09   3.952293e-09   4.643094e-07   7.890260e-07   4.035819e-07   4.304124e-09   4.413926e-09   7.249302e-07   4.345127e-07   4.594232e-09
C12   2.184289e-02   1.873157e-02   2.466750e-02   2.596538e-02   2.289648e-02   2.623497e-02   2.617762e-02   2.523644e-02   2.583978e-02   2.719354e-02   2.924914e-02   3.806385e-03   3.522134e-02   4.262134e-03   3.357904e-02   3.556324e-02   4.937157e-03   5.211273e-03   5.447225e-03   9.481431e-02   9.155522e-02   8.496027e-02   9.869062e-02   1.035588e-01   1.052273e-01   1.072408e-01   1.342332e-01   1.207175e-01   7.418430e-03   7.748782e-03   1.537393e-01   2.035779e-01   1.439094e-01   9.278395e-03   9.027951e-03   2.228770e-01   1.972708e-01   1.041711e-02
C13   9.191743e-04   9.326054e-04   9.557206e-04   9.818710e-04   9.866875e-04   1.016515e-03   1.042228e-03   1.064613e-03   1.091605e-03   1.116883e-03   1.144674e-03   1.831947e-04   1.184400e-03   2.032997e-04   1.243109e-03   1.269819e-03   2.331054e-04   2.454016e-04   2.562697e-04   1.312890e-03   1.333025e-03   1.321766e-03   1.370976e-03   1.386799e-03   1.412177e-03   1.429586e-03   1.440292e-03   1.464404e-03   3.148266e-04   3.308349e-04   1.477916e-03   1.465478e-03   1.514798e-03   3.973665e-04   3.608540e-04   1.511276e-03   1.392346e-03   4.217876e-04
N14   2.898079e-02   2.897666e-02   3.102782e-02   3.192164e-02   3.012176e-02   3.018180e-02   3.125411e-02   3.267685e-02   3.344463e-02   3.437444e-02   3.556947e-02   2.768433e-03   3.830446e-02   3.005413e-03   3.971282e-02   4.102862e-02   3.404424e-03   3.600135e-03   3.703911e-03   4.669418e-02   4.624987e-02   4.562376e-02   4.754907e-02   4.812636e-02   5.045729e-02   5.030677e-02   5.090299e-02   5.145581e-02   4.745698e-03   5.093334e-03   5.474813e-02   5.556217e-02   5.676241e-02   6.576859e-03   6.090173e-03   5.870586e-02   5.615303e-02   7.714975e-03
N15   9.316943e-06   8.707200e-06   1.238351e-05   1.232502e-05   1.184515e-05   1.369511e-05   1.363202e-05   1.044740e-05   1.075870e-05   1.105131e-05   1.163604e-05   1.943152e-06   1.325179e-05   2.181589e-06   1.300445e-05   1.471093e-05   2.535971e-06   2.679322e-06   2.797715e-06   4.065358e-05   2.136504e-05   2.085439e-05   2.340656e-05   2.367139e-05   2.445259e-05   2.408342e-05   5.256296e-05   5.290060e-05   3.916828e-06   4.082205e-06   3.719230e-05   4.925509e-05   2.966163e-05   4.848978e-06   4.808386e-06   5.961463e-05   3.514139e-05   5.499429e-06
O16   6.748326e-02   6.425002e-02   7.473726e-02   7.796686e-02   7.214070e-02   7.888249e-02   8.274841e-02   8.443406e-02   8.721404e-02   8.999390e-02   9.682032e-02   1.178584e-02   1.165795e-01   1.303222e-02   1.146509e-01   1.199460e-01   1.485056e-02   1.559636e-02   1.621267e-02   3.235117e-01   3.254264e-01   3.259266e-01   3.809498e-01   4.050117e-01   4.139048e-01   4.297936e-01   4.413526e-01   4.246490e-01   2.079795e-02   2.174914e-02   6.773521e-01   8.246190e-01   6.410736e-01   2.605197e-02   2.490779e-02   1.087575e+00   1.126713e+00   2.892288e-02
O17   1.004732e-04   9.856179e-05   9.682265e-05   9.801208e-05   8.595489e-05   8.603866e-05   8.402263e-05   8.210094e-05   8.029047e-05   7.953445e-05   7.705175e-05   7.249166e-06   7.660098e-05   7.590420e-06   7.332152e-05   7.426178e-05   8.311566e-06   8.726433e-06   8.878282e-06   8.072685e-05   6.706131e-05   6.568366e-05   6.863038e-05   6.863102e-05   6.849628e-05   6.813509e-05   7.638879e-05   7.547396e-05   1.021150e-05   1.071044e-05   7.014954e-05   8.331285e-05   6.888090e-05   1.293796e-05   1.194239e-05   8.150045e-05   6.285372e-05   1.415495e-05
O18   5.142143e-04   3.297228e-04   6.330279e-04   6.482293e-04   3.795383e-04   5.133019e-04   3.558437e-04   1.791604e-04   1.829455e-04   1.941940e-04   2.104848e-04   2.202866e-05   2.640492e-04   2.459291e-05   2.409637e-04   2.379287e-04   2.834897e-05   2.985619e-05   3.115340e-05   2.235155e-03   3.677490e-03   3.586157e-03   4.070488e-03   4.496018e-03   3.438036e-03   4.594985e-03   4.869738e-03   4.334943e-03   4.120104e-05   4.301972e-05   5.473761e-03   5.387743e-03   5.325625e-03   5.135248e-05   4.954717e-05   5.001113e-03   4.851866e-03   5.714888e-05
F19   7.198248e-06   6.429784e-06   1.084045e-05   1.019035e-05   8.923458e-06   1.177568e-05   8.420320e-06   6.202494e-06   6.360443e-06   6.434081e-06   6.556809e-06   1.068506e-06   7.264104e-06   1.181725e-06   7.375651e-06   7.667914e-06   1.345523e-06   1.412283e-06   1.468352e-06   1.100990e-05   7.779949e-06   7.811661e-06   8.266382e-06   8.589316e-06   8.252657e-06   8.867559e-06   1.124349e-05   1.412077e-05   1.877400e-06   1.962547e-06   1.643201e-05   1.938754e-05   1.024204e-05   2.346101e-06   2.240659e-06   2.439755e-05   1.101082e-05   2.597035e-06
Ne20  2.083260e-02   2.134040e-02   2.297975e-02   2.392779e-02   2.341793e-02   2.459762e-02   2.551074e-02   2.636097e-02   2.711294e-02   2.783671e-02   2.835145e-02   3.691390e-03   3.335027e-02   4.083126e-03   3.315008e-02   3.527317e-02   4.668221e-03   4.914134e-03   5.107818e-03   7.234511e-02   3.321339e-02   3.465795e-02   3.611698e-02   3.658111e-02   4.064379e-02   4.174006e-02   6.384336e-02   8.782249e-02   6.650629e-03   6.979711e-03   1.544872e-01   1.564097e-01   5.732276e-02   8.456945e-03   8.078213e-03   2.185946e-01   9.050171e-02   9.496209e-03
Ne21  7.802328e-05   8.207920e-05   1.044672e-04   1.098764e-04   9.799823e-05   1.073051e-04   1.128256e-04   1.002984e-04   1.056189e-04   1.109455e-04   1.211629e-04   1.003352e-05   1.533536e-04   1.117973e-05   1.375125e-04   1.525097e-04   1.298435e-05   1.384250e-05   1.440924e-05   2.990279e-04   1.685580e-04   1.781228e-04   1.899849e-04   1.939590e-04   2.231081e-04   2.295854e-04   4.456782e-04   5.381038e-04   2.035069e-05   2.167148e-05   4.504735e-04   6.543656e-04   3.629026e-04   2.738177e-05   2.605013e-05   7.696505e-04   3.211953e-04   3.185110e-05
Ne22  1.931146e-03   1.670469e-03   2.230165e-03   2.308853e-03   1.943147e-03   2.261592e-03   2.148486e-03   1.926348e-03   1.981005e-03   2.061848e-03   2.207876e-03   2.802195e-04   2.644829e-03   3.102972e-04   2.633496e-03   2.795799e-03   3.538274e-04   3.715050e-04   3.864321e-04   7.708369e-03   8.000363e-03   7.634553e-03   8.939512e-03   9.787651e-03   8.927938e-03   9.658328e-03   1.136171e-02   1.157118e-02   4.963915e-04   5.189658e-04   1.398603e-02   1.753859e-02   1.284934e-02   6.208819e-04   5.938900e-04   2.074387e-02   1.827021e-02   6.886450e-04
Na23  6.958707e-04   6.869833e-04   7.715993e-04   8.055250e-04   7.283580e-04   7.455054e-04   7.773493e-04   7.963742e-04   8.230953e-04   8.494606e-04   8.658916e-04   7.062774e-05   1.088235e-03   7.778190e-05   1.072588e-03   1.186899e-03   8.993882e-05   9.570658e-05   9.920259e-05   2.534789e-03   1.350048e-03   1.357232e-03   1.429380e-03   1.481435e-03   1.533014e-03   1.608488e-03   2.174285e-03   2.594312e-03   1.370312e-04   1.460766e-04   5.291535e-03   6.790257e-03   1.940936e-03   1.865056e-04   1.774691e-04   8.918123e-03   3.166878e-03   2.202367e-04
Mg24  5.029238e-03   5.106349e-03   5.593923e-03   5.794722e-03   5.622213e-03   5.944216e-03   6.151671e-03   6.527574e-03   6.612388e-03   6.773024e-03   7.241311e-03   8.825058e-04   7.782343e-03   9.761789e-04   8.126160e-03   8.122947e-03   1.116111e-03   1.174947e-03   1.221264e-03   1.458528e-02   1.012255e-02   1.083684e-02   1.335890e-02   1.315307e-02   1.443350e-02   1.330416e-02   1.292155e-02   1.892352e-02   1.590636e-03   1.669445e-03   2.797406e-02   2.302669e-02   1.841114e-02   2.023255e-03   1.932656e-03   3.234579e-02   4.871613e-02   2.272491e-03
Mg25  6.288535e-04   6.492695e-04   7.515770e-04   7.917928e-04   7.316897e-04   8.110534e-04   8.459201e-04   8.584655e-04   8.869728e-04   9.150338e-04   9.502283e-04   1.147284e-04   1.171796e-03   1.268034e-04   1.113205e-03   1.176444e-03   1.445740e-04   1.518747e-04   1.578477e-04   3.153321e-03   1.265389e-03   1.362575e-03   1.470919e-03   1.492898e-03   1.785790e-03   1.845264e-03   3.211567e-03   4.549895e-03   2.026256e-04   2.119962e-04   6.822817e-03   7.380633e-03   3.151002e-03   2.542122e-04   2.429436e-04   9.998793e-03   4.383406e-03   2.824606e-04
Mg26  8.477160e-04   8.591283e-04   9.868165e-04   1.031540e-03   9.629344e-04   1.043146e-03   1.088821e-03   1.101728e-03   1.132354e-03   1.168183e-03   1.201078e-03   1.349132e-04   1.402587e-03   1.493335e-04   1.404181e-03   1.464379e-03   1.711455e-04   1.804890e-04   1.876133e-04   3.146698e-03   1.793440e-03   1.920417e-03   2.064792e-03   2.096508e-03   2.442726e-03   2.509470e-03   3.441616e-03   4.511883e-03   2.472441e-04   2.601480e-04   6.790261e-03   6.529013e-03   4.056660e-03   3.178915e-04   3.035220e-04   9.115516e-03   5.131028e-03   3.599514e-04
Al27  5.801214e-04   5.841444e-04   6.429522e-04   6.645605e-04   6.412426e-04   6.741012e-04   6.971323e-04   7.274049e-04   7.447550e-04   7.585091e-04   8.191029e-04   1.003267e-04   8.879707e-04   1.109830e-04   9.216799e-04   9.282767e-04   1.269093e-04   1.336113e-04   1.388840e-04   1.688804e-03   1.291303e-03   1.529582e-03   1.917875e-03   1.901297e-03   2.090247e-03   1.934881e-03   1.546514e-03   2.137357e-03   1.810883e-04   1.901029e-04   3.456571e-03   3.184446e-03   2.715640e-03   2.306081e-04   2.202977e-04   4.632158e-03   6.969050e-03   2.593113e-04
Si28  1.089073e-02   6.956215e-03   9.324097e-03   9.421758e-03   7.837802e-03   8.593970e-03   8.887449e-03   9.770832e-03   9.783018e-03   1.029703e-02   1.089462e-02   1.172212e-03   1.196872e-02   1.296635e-03   1.098790e-02   1.123806e-02   1.482503e-03   1.560653e-03   1.622176e-03   2.871111e-02   6.126154e-02   5.036918e-02   5.569345e-02   6.225426e-02   5.817743e-02   6.358979e-02   5.243721e-02   3.278908e-02   2.112797e-03   2.217476e-03   3.168688e-02   4.973547e-02   8.368485e-02   2.687424e-03   2.567084e-03   5.381980e-02   1.145885e-01   3.018466e-03
Si29  3.598968e-04   3.590170e-04   4.015780e-04   4.120873e-04   3.953191e-04   4.167273e-04   4.312324e-04   4.547841e-04   4.619833e-04   4.724551e-04   5.205533e-04   6.164817e-05   5.342710e-04   6.819178e-05   5.484284e-04   5.379573e-04   7.796680e-05   8.207682e-05   8.531235e-05   8.058262e-04   1.219493e-03   1.521047e-03   2.031337e-03   2.049930e-03   2.319915e-03   2.162593e-03   1.088773e-03   1.108849e-03   1.111148e-04   1.166200e-04   1.227748e-03   1.013011e-03   3.502971e-03   1.413351e-04   1.350063e-04   1.326272e-03   5.004967e-03   1.587450e-04
Si30  2.440903e-04   2.554268e-04   3.186672e-04   3.284608e-04   2.889106e-04   3.167318e-04   3.349581e-04   3.659349e-04   3.649204e-04   3.761986e-04   4.246531e-04   4.203706e-05   4.466433e-04   4.649901e-05   4.247902e-04   4.249072e-04   5.316437e-05   5.596684e-05   5.817309e-05   6.193039e-04   9.829523e-04   1.520191e-03   2.047441e-03   2.059169e-03   2.266731e-03   2.174323e-03   8.409345e-04   9.752507e-04   7.576643e-05   7.952011e-05   1.007059e-03   6.899181e-04   3.533486e-03   9.637190e-05   9.205649e-05   9.219620e-04   6.429128e-03   1.082422e-04
P31   9.580681e-05   7.056030e-05   8.819424e-05   9.076093e-05   7.984266e-05   8.722165e-05   9.195045e-05   9.846900e-05   9.892996e-05   1.033471e-04   1.159021e-04   1.162211e-05   1.227271e-04   1.285577e-05   1.146820e-04   1.164438e-04   1.469869e-05   1.547362e-05   1.608362e-05   2.393199e-04   7.632151e-04   9.817996e-04   1.159395e-03   1.240527e-03   1.270336e-03   1.363829e-03   5.921084e-04   3.333185e-04   2.094898e-05   2.198710e-05   3.671911e-04   4.767151e-04   2.018500e-03   2.664767e-05   2.545442e-05   5.721485e-04   3.052745e-03   2.993123e-05
S32   7.062059e-03   3.532308e-03   4.631676e-03   4.612773e-03   3.955590e-03   4.292726e-03   4.423919e-03   4.811668e-03   4.826788e-03   5.072867e-03   5.265681e-03   6.036179e-04   5.786968e-03   6.676885e-04   5.358833e-03   5.532613e-03   7.633990e-04   8.036415e-04   8.353218e-04   1.627975e-02   4.205054e-02   2.912125e-02   3.018051e-02   3.371228e-02   2.650504e-02   3.083202e-02   2.366556e-02   1.525862e-02   1.087962e-03   1.141865e-03   1.520311e-02   2.953780e-02   3.433052e-02   1.383859e-03   1.321892e-03   2.947203e-02   6.993984e-02   1.554326e-03
S33   5.275621e-05   2.853035e-05   3.337674e-05   3.391389e-05   3.152796e-05   3.344467e-05   3.426438e-05   3.629799e-05   3.647143e-05   3.805032e-05   3.938689e-05   4.903676e-06   4.281413e-05   5.424173e-06   4.086516e-05   4.212652e-05   6.201707e-06   6.528631e-06   6.785995e-06   8.361369e-05   4.762279e-04   3.490719e-04   3.566473e-04   4.083241e-04   3.092486e-04   3.707041e-04   2.097832e-04   9.301859e-05   8.838399e-06   9.276301e-06   9.280680e-05   1.725878e-04   4.096910e-04   1.124222e-05   1.073881e-05   2.084500e-04   8.522011e-04   1.262707e-05
S34   3.302770e-04   1.704265e-04   2.087538e-04   2.158029e-04   1.902488e-04   2.058752e-04   2.124622e-04   2.272023e-04   2.306488e-04   2.417065e-04   2.487165e-04   2.831289e-05   2.781707e-04   3.131814e-05   2.535544e-04   2.609114e-04   3.580748e-05   3.769507e-05   3.918104e-05   5.655405e-04   3.159491e-03   2.234571e-03   2.268399e-03   2.820967e-03   2.199824e-03   2.650610e-03   2.034051e-03   7.129337e-04   5.103120e-05   5.355955e-05   6.324684e-04   1.198647e-03   3.447692e-03   6.491037e-05   6.200377e-05   1.266645e-03   3.806394e-03   7.290615e-05
S36   6.254914e-07   6.241901e-07   7.182590e-07   7.476729e-07   6.949395e-07   7.484289e-07   7.836457e-07   7.831555e-07   8.066996e-07   8.345231e-07   8.930344e-07   1.041704e-07   9.858962e-07   1.152275e-07   9.600785e-07   9.953063e-07   1.317449e-07   1.386898e-07   1.441571e-07   1.947635e-06   1.769505e-06   3.516893e-06   6.140115e-06   4.790283e-06   9.159654e-06   6.626898e-06   3.605161e-06   2.952882e-06   1.877568e-07   1.970593e-07   3.800061e-06   4.476402e-06   1.337508e-05   2.388219e-07   2.281277e-07   5.482202e-06   2.155904e-05   2.682404e-07
Cl35  6.786253e-05   3.653718e-05   4.050874e-05   4.132936e-05   3.988190e-05   4.162684e-05   4.262233e-05   4.420613e-05   4.479471e-05   4.635049e-05   4.792275e-05   6.367210e-06   5.112365e-05   7.043053e-06   5.037996e-05   5.170008e-05   8.052647e-06   8.477142e-06   8.811318e-06   1.012796e-04   6.230496e-04   8.081862e-04   8.814959e-04   8.350639e-04   1.083706e-03   1.117175e-03   4.661224e-04   9.865437e-05   1.147627e-05   1.204486e-05   9.877269e-05   3.040220e-04   1.418625e-03   1.459752e-05   1.394386e-05   3.062460e-04   2.637108e-03   1.639567e-05
Cl37  2.042724e-05   1.252753e-05   1.393012e-05   1.425262e-05   1.373841e-05   1.444898e-05   1.478902e-05   1.518754e-05   1.550276e-05   1.601398e-05   1.665979e-05   2.153032e-06   1.845113e-05   2.381565e-06   1.837083e-05   1.905045e-05   2.722952e-06   2.866493e-06   2.979492e-06   4.149656e-05   1.112450e-04   8.249014e-05   8.953289e-05   9.229934e-05   7.695124e-05   8.436310e-05   6.111155e-05   4.505976e-05   3.880629e-06   4.072895e-06   5.909108e-05   9.620139e-05   9.406396e-05   4.936060e-06   4.715030e-06   1.107587e-04   2.746362e-04   5.544093e-06
Ar36  1.723576e-03   7.809529e-04   9.732893e-04   9.688127e-04   8.689655e-04   9.311202e-04   9.592459e-04   1.033048e-03   1.034476e-03   1.082272e-03   1.118359e-03   1.350812e-04   1.212603e-03   1.494193e-04   1.150490e-03   1.185515e-03   1.708380e-04   1.798437e-04   1.869333e-04   3.271740e-03   9.516222e-03   5.681613e-03   5.661367e-03   6.186765e-03   4.134317e-03   4.953962e-03   3.838341e-03   2.741364e-03   2.434706e-04   2.555334e-04   2.866207e-03   5.698412e-03   4.664288e-03   3.096884e-04   2.958209e-04   5.504810e-03   1.569732e-02   3.478364e-04
Ar38  4.556100e-04   1.500387e-04   1.755972e-04   1.751350e-04   1.634683e-04   1.735352e-04   1.748784e-04   1.837067e-04   1.869769e-04   1.940947e-04   2.004904e-04   2.592027e-05   2.173149e-04   2.867156e-05   2.089394e-04   2.140809e-04   3.278151e-05   3.450959e-05   3.586999e-05   7.929009e-04   3.469603e-03   2.085322e-03   2.042857e-03   2.503688e-03   1.560121e-03   2.015976e-03   1.690739e-03   6.553516e-04   4.671873e-05   4.903342e-05   6.171489e-04   1.809457e-03   2.007962e-03   5.942503e-05   5.676405e-05   1.691584e-03   3.992606e-03   6.674511e-05
Ar40  2.740816e-07   2.738066e-07   3.501546e-07   3.731067e-07   3.139301e-07   3.615308e-07   3.920520e-07   3.688337e-07   3.796920e-07   3.999457e-07   4.310549e-07   4.260530e-08   4.744866e-07   4.712718e-08   4.424337e-07   4.591691e-07   5.388202e-08   5.672228e-08   5.895805e-08   1.068106e-06   8.026721e-07   1.318257e-06   2.350927e-06   1.856141e-06   2.942447e-06   2.242687e-06   1.733633e-06   2.041803e-06   7.678759e-08   8.059187e-08   2.500096e-06   2.408701e-06   4.552847e-06   9.767092e-08   9.329713e-08   3.504935e-06   7.339360e-06   1.097015e-07
K39   8.351960e-05   3.402800e-05   3.747286e-05   3.789738e-05   3.695257e-05   3.856482e-05   3.935804e-05   4.068233e-05   4.129863e-05   4.260725e-05   4.393811e-05   5.952652e-06   4.659819e-05   6.584493e-06   4.666552e-05   4.778058e-05   7.528354e-06   7.925211e-06   8.237629e-06   1.233154e-04   7.351449e-04   8.381720e-04   9.729473e-04   8.628050e-04   8.584750e-04   9.303388e-04   3.688618e-04   9.219610e-05   1.072907e-05   1.126064e-05   9.813278e-05   3.883166e-04   9.137258e-04   1.364710e-05   1.303600e-05   3.956657e-04   3.299397e-03   1.532818e-05
K40   1.275027e-07   6.074053e-08   7.508340e-08   7.783630e-08   6.917779e-08   7.645388e-08   7.704483e-08   8.098430e-08   8.345356e-08   8.700875e-08   9.580348e-08   9.534793e-09   1.145235e-07   1.055084e-08   1.117900e-07   1.183005e-07   1.206934e-08   1.270686e-08   1.321025e-08   3.494011e-07   5.233193e-06   1.278249e-05   2.164442e-05   1.625371e-05   2.225450e-05   1.915890e-05   3.947472e-06   4.587087e-07   1.722539e-08   1.808038e-08   6.723350e-07   1.743576e-06   2.502613e-05   2.191881e-08   2.093925e-08   2.056346e-06   7.356708e-05   2.462547e-08
K41   8.134926e-06   2.599650e-06   2.855978e-06   2.908283e-06   2.830567e-06   2.985207e-06   3.038525e-06   3.110979e-06   3.164795e-06   3.262688e-06   3.376984e-06   4.516190e-07   3.612198e-06   4.995558e-07   3.638227e-06   3.743106e-06   5.711651e-07   6.012741e-07   6.249768e-07   8.516240e-06   9.670562e-05   3.676984e-05   3.337937e-05   3.730491e-05   1.854408e-05   2.326454e-05   1.137707e-05   7.074154e-06   8.139988e-07   8.543285e-07   8.249737e-06   2.348722e-05   2.102241e-05   1.035386e-06   9.890223e-07   2.735824e-05   1.698082e-04   1.162926e-06
Ca40  1.331300e-03   5.824866e-04   7.375239e-04   7.311507e-04   6.532402e-04   7.028978e-04   7.284425e-04   7.926451e-04   7.856916e-04   8.268773e-04   8.539579e-04   1.007287e-04   9.284386e-04   1.114205e-04   8.703253e-04   8.986732e-04   1.273922e-04   1.341077e-04   1.393943e-04   2.798989e-03   5.923446e-03   2.375021e-03   2.223735e-03   2.452505e-03   1.612789e-03   1.812197e-03   2.114560e-03   2.011277e-03   1.815536e-04   1.905487e-04   2.173710e-03   4.288352e-03   1.966281e-03   2.309315e-04   2.205907e-04   4.081447e-03   8.282757e-03   2.593781e-04
Ca42  2.368642e-05   4.114946e-06   4.873208e-06   4.803060e-06   4.460195e-06   4.780415e-06   4.807696e-06   5.044204e-06   5.126483e-06   5.336804e-06   5.533162e-06   7.059136e-07   6.039465e-06   7.808423e-07   5.778343e-06   5.930420e-06   8.927730e-07   9.398355e-07   9.768846e-07   2.947099e-05   1.921518e-04   1.103330e-04   1.077361e-04   1.195573e-04   6.577226e-05   8.813736e-05   6.091380e-05   1.978482e-05   1.272340e-06   1.335378e-06   2.083034e-05   7.353109e-05   6.492121e-05   1.618383e-06   1.545914e-06   7.145766e-05   3.220039e-04   1.817739e-06
Ca43  1.017787e-06   8.815341e-07   9.401094e-07   9.630537e-07   9.508030e-07   9.920563e-07   1.024702e-06   1.035443e-06   1.067992e-06   1.087239e-06   1.118309e-06   1.508036e-07   1.195075e-06   1.668105e-07   1.223292e-06   1.249288e-06   1.907222e-07   2.007761e-07   2.086908e-07   1.822588e-06   6.834770e-06   9.413720e-06   1.243470e-05   1.157187e-05   9.451109e-06   1.018181e-05   4.049975e-06   2.133741e-06   2.718086e-07   2.852754e-07   2.469463e-06   3.663018e-06   1.001045e-05   3.457336e-07   3.302520e-07   4.005182e-06   3.462900e-05   3.883217e-07
Ca44  1.423357e-05   1.374968e-05   1.484037e-05   1.520461e-05   1.499394e-05   1.553451e-05   1.592459e-05   1.643460e-05   1.690638e-05   1.718030e-05   1.751604e-05   2.384259e-06   1.847750e-05   2.637335e-06   1.895185e-05   1.941156e-05   3.015386e-06   3.174342e-06   3.299477e-06   2.493584e-05   2.862282e-05   2.965145e-05   3.389576e-05   3.404080e-05   3.156911e-05   3.251395e-05   2.866945e-05   2.877887e-05   4.297392e-06   4.510307e-06   3.045348e-05   3.263046e-05   3.706058e-05   5.466172e-06   5.221404e-06   3.597303e-05   5.442875e-05   6.139506e-06
Ca46  2.915883e-08   3.081217e-08   4.127910e-08   4.525839e-08   3.616306e-08   4.403828e-08   4.949547e-08   4.649158e-08   4.814992e-08   5.220667e-08   5.899458e-08   4.779764e-09   5.766138e-08   5.287109e-09   4.942316e-08   5.014216e-08   6.044995e-09   6.363657e-09   6.614518e-09   1.073575e-07   7.573146e-08   1.319309e-07   1.840108e-07   1.694023e-07   2.471431e-07   2.390480e-07   2.604516e-07   4.035992e-07   8.615054e-09   9.041889e-09   4.390986e-07   2.426934e-07   5.647996e-07   1.095813e-08   1.046744e-08   4.105413e-07   4.317123e-07   1.230797e-08
Ca48  1.311337e-06   1.317101e-06   1.366207e-06   1.401068e-06   1.421820e-06   1.455058e-06   1.485583e-06   1.514515e-06   1.547083e-06   1.578942e-06   1.618651e-06   2.331735e-07   1.682663e-06   2.579236e-07   1.748744e-06   1.785858e-06   2.948959e-07   3.104413e-07   3.226792e-07   1.952624e-06   1.960743e-06   1.937028e-06   2.019891e-06   2.049880e-06   2.083344e-06   2.111981e-06   2.162179e-06   2.196452e-06   4.202723e-07   4.410948e-07   2.303603e-06   2.344881e-06   2.322695e-06   5.345756e-07   5.106380e-07   2.476863e-06   2.276436e-06   6.004256e-07
Sc45  4.518240e-07   3.994239e-07   4.316985e-07   4.450158e-07   4.349563e-07   4.564221e-07   4.705896e-07   4.779466e-07   4.900322e-07   5.041785e-07   5.285896e-07   6.892246e-08   5.646572e-07   7.623819e-08   5.681608e-07   5.820934e-07   8.716663e-08   9.176162e-08   9.537894e-08   9.728431e-07   3.958050e-06   5.032564e-06   5.970851e-06   6.368072e-06   4.446561e-06   5.267028e-06   1.632851e-06   1.323937e-06   1.242259e-07   1.303807e-07   1.631356e-06   1.651428e-06   5.589438e-06   1.580122e-07   1.509366e-07   2.304071e-06   1.298321e-05   1.774765e-07
Ti46  6.464295e-06   2.446717e-06   2.845107e-06   2.800712e-06   2.643144e-06   2.801039e-06   2.826231e-06   2.957763e-06   2.998264e-06   3.108879e-06   3.226863e-06   4.234691e-07   3.460989e-06   4.684180e-07   3.361261e-06   3.452082e-06   5.355638e-07   5.637961e-07   5.860214e-07   1.628825e-05   4.261519e-05   2.106283e-05   1.906376e-05   2.270860e-05   1.351157e-05   1.825825e-05   1.186053e-05   8.459283e-06   7.632614e-07   8.010773e-07   9.456257e-06   2.248341e-05   1.567815e-05   9.708489e-07   9.273755e-07   2.140277e-05   4.495751e-05   1.090440e-06
Ti47  2.378200e-06   2.256063e-06   2.400989e-06   2.457638e-06   2.444782e-06   2.515189e-06   2.580257e-06   2.636072e-06   2.714538e-06   2.754015e-06   2.811403e-06   3.900855e-07   2.943838e-06   4.314908e-07   3.034574e-06   3.096149e-06   4.933433e-07   5.193499e-07   5.398231e-07   3.908192e-06   8.885094e-06   7.812285e-06   8.522473e-06   8.944884e-06   7.428419e-06   8.409195e-06   4.809999e-06   4.311826e-06   7.030906e-07   7.379254e-07   4.628546e-06   5.276678e-06   8.726157e-06   8.943132e-07   8.542670e-07   5.868599e-06   1.713871e-05   1.004476e-06
Ti48  2.444077e-05   2.330165e-05   2.703741e-05   2.762614e-05   2.579959e-05   2.728400e-05   2.814478e-05   2.989182e-05   3.044221e-05   3.121144e-05   3.177898e-05   3.948803e-06   3.413416e-05   4.367946e-06   3.355702e-05   3.452037e-05   4.994073e-06   5.257336e-06   5.464585e-06   5.073435e-05   4.508065e-05   4.186579e-05   4.635432e-05   4.764268e-05   4.692255e-05   4.701989e-05   5.772356e-05   6.012655e-05   7.117328e-06   7.469957e-06   6.260124e-05   6.535560e-05   5.819268e-05   9.053058e-06   8.647674e-06   7.161841e-05   5.353169e-05   1.016823e-05
Ti49  1.846899e-06   1.710856e-06   1.948799e-06   1.995272e-06   1.881346e-06   2.108421e-06   2.087733e-06   2.131381e-06   2.140581e-06   2.217075e-06   2.284639e-06   2.957746e-07   2.469019e-06   3.271694e-07   2.432236e-06   2.501544e-06   3.740678e-07   3.937868e-07   4.093102e-07   3.890413e-06   6.164782e-06   5.213255e-06   5.431868e-06   5.915906e-06   5.096152e-06   5.682459e-06   4.435717e-06   4.344683e-06   5.331046e-07   5.595173e-07   4.911738e-06   5.386950e-06   6.375050e-06   6.780953e-07   6.477311e-07   6.338691e-06   8.618339e-06   7.616244e-07
Ti50  1.647879e-06   1.654870e-06   1.754916e-06   1.803421e-06   1.799100e-06   1.859934e-06   1.904894e-06   1.938946e-06   1.985760e-06   2.031864e-06   2.100226e-06   2.893004e-07   2.237005e-06   3.200080e-07   2.290028e-06   2.350079e-06   3.658799e-07   3.851673e-07   4.003509e-07   3.186059e-06   2.876477e-06   3.036644e-06   3.338858e-06   3.405506e-06   3.606418e-06   3.661473e-06   3.668923e-06   4.008978e-06   5.214355e-07   5.472701e-07   4.839047e-06   5.174537e-06   4.818139e-06   6.632526e-07   6.335529e-07   6.394639e-06   5.951390e-06   7.449532e-07
V50   1.247210e-08   9.313823e-09   1.183103e-08   1.200714e-08   1.043119e-08   1.194887e-08   1.185689e-08   1.290497e-08   1.285823e-08   1.350111e-08   1.432645e-08   1.559392e-09   1.597606e-08   1.724913e-09   1.471881e-08   1.517197e-08   1.972172e-09   2.076135e-09   2.157978e-09   3.629409e-08   4.826401e-07   6.563440e-07   7.361837e-07   8.123417e-07   6.499543e-07   8.151240e-07   5.433143e-08   3.932179e-08   2.810651e-09   2.949905e-09   4.304048e-08   4.126276e-08   9.308462e-07   3.575075e-09   3.414988e-09   5.237751e-08   1.273698e-06   4.015460e-09
V51   4.463585e-06   3.679594e-06   4.377069e-06   4.475309e-06   4.085459e-06   4.480235e-06   4.565221e-06   4.818491e-06   4.766800e-06   4.972021e-06   5.128413e-06   6.353792e-07   5.541146e-06   7.028211e-07   5.288872e-06   5.429495e-06   8.035677e-07   8.459278e-07   8.792750e-07   9.242495e-06   1.577174e-05   8.235333e-06   8.766782e-06   9.306911e-06   8.407664e-06   8.769454e-06   9.520612e-06   9.396673e-06   1.145208e-06   1.201948e-06   1.044220e-05   1.183804e-05   1.037600e-05   1.456676e-06   1.391448e-06   1.350878e-05   1.762690e-05   1.636112e-06
Cr50  1.173451e-05   7.531129e-06   1.007879e-05   1.018690e-05   8.382658e-06   9.149542e-06   9.374944e-06   1.014311e-05   1.008079e-05   1.064441e-05   1.099445e-05   1.294533e-06   1.200298e-05   1.431941e-06   1.115354e-05   1.153750e-05   1.637204e-06   1.723509e-06   1.791451e-06   3.794518e-05   3.597766e-05   1.679075e-05   1.819418e-05   1.883085e-05   1.725245e-05   1.753869e-05   2.609206e-05   2.806560e-05   2.333269e-06   2.448871e-06   3.062490e-05   4.148153e-05   2.100876e-05   2.967858e-06   2.834961e-06   4.504027e-05   3.109816e-05   3.333444e-06
Cr52  1.662925e-04   1.493686e-04   1.846598e-04   1.895271e-04   1.680296e-04   1.794202e-04   1.881027e-04   2.088981e-04   1.987630e-04   2.134166e-04   2.219691e-04   2.595961e-05   2.402847e-04   2.871507e-05   2.191748e-04   2.273942e-04   3.283127e-05   3.456197e-05   3.592443e-05   3.807953e-04   2.993034e-04   2.656089e-04   3.084363e-04   3.204463e-04   3.072189e-04   2.997796e-04   4.268601e-04   4.247774e-04   4.678964e-05   4.910784e-05   4.663555e-04   4.877675e-04   4.036947e-04   5.951522e-05   5.685020e-05   5.557857e-04   3.165125e-04   6.684641e-05
Cr53  1.963140e-05   1.728221e-05   2.168617e-05   2.219883e-05   1.940907e-05   2.090812e-05   2.183827e-05   2.396339e-05   2.296857e-05   2.447881e-05   2.546477e-05   3.000148e-06   2.766600e-05   3.318596e-06   2.554420e-05   2.633260e-05   3.794304e-06   3.994321e-06   4.151780e-06   4.676623e-05   3.772157e-05   3.185589e-05   3.665922e-05   3.782615e-05   3.649694e-05   3.558091e-05   4.971409e-05   5.009392e-05   5.407471e-06   5.675385e-06   5.576915e-05   5.876256e-05   4.630216e-05   6.878164e-06   6.570169e-06   6.799638e-05   3.976731e-05   7.725429e-06
Cr54  4.479382e-06   4.374633e-06   4.788152e-06   4.920268e-06   4.793775e-06   5.002622e-06   5.125020e-06   5.290024e-06   5.374881e-06   5.535684e-06   5.758465e-06   7.608172e-07   6.223547e-06   8.415736e-07   6.230294e-06   6.412578e-06   9.622099e-07   1.012933e-06   1.052863e-06   9.734669e-06   8.984477e-06   8.418405e-06   9.224742e-06   9.447696e-06   9.787281e-06   9.884198e-06   1.109650e-05   1.190546e-05   1.371298e-06   1.439239e-06   1.442147e-05   1.617380e-05   1.271486e-05   1.744256e-06   1.666150e-06   1.966908e-05   1.698931e-05   1.959117e-06
Mn55  1.416116e-04   1.297506e-04   1.519004e-04   1.565435e-04   1.445653e-04   1.539384e-04   1.576965e-04   1.712808e-04   1.683567e-04   1.766180e-04   1.812093e-04   2.269688e-05   1.946072e-04   2.510602e-05   1.867531e-04   1.914196e-04   2.870487e-05   3.021805e-05   3.140927e-05   2.902540e-04   2.725228e-04   2.224911e-04   2.474569e-04   2.521240e-04   2.492843e-04   2.476016e-04   3.104312e-04   3.124497e-04   4.090889e-05   4.293573e-05   3.492764e-04   3.581073e-04   2.983159e-04   5.203506e-05   4.970499e-05   4.024654e-04   2.854726e-04   5.844483e-05
Fe54  8.092211e-04   7.188423e-04   9.000488e-04   9.188682e-04   7.991483e-04   8.504199e-04   8.800825e-04   9.539242e-04   9.425825e-04   9.901684e-04   1.024371e-03   1.249633e-04   1.104129e-03   1.382275e-04   1.047207e-03   1.078802e-03   1.580418e-04   1.663730e-04   1.729316e-04   2.034813e-03   1.493267e-03   1.278401e-03   1.456844e-03   1.471419e-03   1.458487e-03   1.411889e-03   2.037655e-03   2.151810e-03   2.252341e-04   2.363934e-04   2.329144e-03   2.449123e-03   1.766892e-03   2.864920e-04   2.736632e-04   2.816164e-03   1.542075e-03   3.217826e-04
Fe56  1.289157e-02   1.186166e-02   1.501249e-02   1.552841e-02   1.336790e-02   1.472062e-02   1.515642e-02   1.742926e-02   1.653264e-02   1.816389e-02   1.831609e-02   2.034222e-03   2.010365e-02   2.250144e-03   1.776753e-02   1.840003e-02   2.572693e-03   2.708312e-03   2.815076e-03   3.039348e-02   2.220052e-02   2.094910e-02   2.392998e-02   2.306294e-02   2.413447e-02   2.386494e-02   3.347968e-02   3.539354e-02   3.666486e-03   3.848142e-03   3.857107e-02   3.633523e-02   2.915022e-02   4.663675e-03   4.454842e-03   4.009065e-02   2.448746e-02   5.238156e-03
Fe57  3.305147e-04   2.926105e-04   4.118437e-04   4.251257e-04   3.357464e-04   3.771148e-04   4.047031e-04   4.885015e-04   4.645344e-04   5.192859e-04   4.949072e-04   4.782160e-05   5.637226e-04   5.289759e-05   4.764720e-04   5.089732e-04   6.048025e-05   6.366846e-05   6.617833e-05   9.581534e-04   6.425933e-04   6.039187e-04   7.062364e-04   6.678123e-04   7.203030e-04   7.038308e-04   1.045165e-03   1.149417e-03   8.619371e-05   9.046420e-05   1.269251e-03   1.216991e-03   8.782410e-04   1.096362e-04   1.047268e-04   1.360783e-03   8.255111e-04   1.231414e-04
Fe58  4.020251e-05   4.023431e-05   4.813573e-05   5.008875e-05   4.554912e-05   4.964307e-05   5.407327e-05   5.571686e-05   5.639896e-05   6.042394e-05   6.267515e-05   6.473117e-06   7.486313e-05   7.160201e-06   7.068341e-05   7.687131e-05   8.186588e-06   8.618144e-06   8.957878e-06   1.858755e-04   1.310631e-04   1.450394e-04   1.718099e-04   1.771368e-04   1.979528e-04   2.013173e-04   2.396704e-04   2.745513e-04   1.166716e-05   1.224521e-05   3.612099e-04   4.415107e-04   3.086978e-04   1.484032e-05   1.417579e-05   5.722749e-04   4.997994e-04   1.666838e-05
Co59  3.962108e-05   3.770847e-05   4.669736e-05   4.831127e-05   4.294466e-05   4.791520e-05   5.000966e-05   5.554968e-05   5.499179e-05   5.957583e-05   5.894480e-05   6.060423e-06   6.831539e-05   6.703703e-06   6.221157e-05   6.485174e-05   7.664652e-06   8.068694e-06   8.386769e-06   1.297433e-04   1.166947e-04   1.110462e-04   1.223222e-04   1.283772e-04   1.311122e-04   1.402720e-04   1.547388e-04   1.807221e-04   1.092332e-05   1.146451e-05   2.213571e-04   2.310365e-04   1.989050e-04   1.389418e-05   1.327201e-05   2.921250e-04   2.603836e-04   1.560569e-05
Ni58  5.694081e-04   5.340966e-04   6.837933e-04   7.092380e-04   5.729587e-04   6.229686e-04   8.064886e-04   9.547697e-04   8.717847e-04   1.042678e-03   8.522424e-04   8.719867e-05   9.654181e-04   9.645431e-05   9.738786e-04   1.000922e-03   1.102807e-04   1.160941e-04   1.206706e-04   1.499103e-03   9.874416e-04   9.455625e-04   1.058554e-03   1.008969e-03   1.077593e-03   1.040909e-03   1.465080e-03   1.629728e-03   1.571670e-04   1.649539e-04   1.755079e-03   1.660740e-03   1.228582e-03   1.999124e-04   1.909606e-04   1.922066e-03   1.063739e-03   2.245380e-04
Ni60  2.408537e-04   2.137357e-04   2.896729e-04   2.988319e-04   2.442785e-04   2.860243e-04   2.909204e-04   3.359715e-04   3.220689e-04   3.555132e-04   3.514521e-04   3.474566e-05   3.932867e-04   3.843371e-05   3.374488e-04   3.533652e-04   4.394303e-05   4.625949e-05   4.808307e-05   6.556425e-04   5.265628e-04   4.958987e-04   5.534158e-04   5.567879e-04   5.661340e-04   5.773248e-04   8.075457e-04   8.384362e-04   6.262562e-05   6.572842e-05   8.982429e-04   9.021274e-04   7.420182e-04   7.965818e-05   7.609119e-05   1.012377e-03   7.605568e-04   8.947063e-05
Ni61  1.130877e-05   1.042361e-05   1.522430e-05   1.586824e-05   1.181727e-05   1.394791e-05   1.656425e-05   1.972399e-05   1.904893e-05   2.158977e-05   1.992980e-05   1.535578e-06   2.382555e-05   1.698571e-06   2.045752e-05   2.304155e-05   1.942055e-06   2.044430e-06   2.125023e-06   5.480139e-05   3.325142e-05   4.802980e-05   6.096075e-05   5.671629e-05   6.448861e-05   6.409392e-05   6.251202e-05   6.865697e-05   2.767729e-06   2.904856e-06   9.892062e-05   1.083858e-04   9.373970e-05   3.520480e-06   3.362837e-06   1.422972e-04   1.560691e-04   3.954139e-06
Ni62  4.377178e-05   3.611194e-05   6.450135e-05   6.652839e-05   4.115152e-05   5.049439e-05   7.774169e-05   1.003470e-04   9.248246e-05   1.150170e-04   8.332745e-05   4.976232e-06   1.028174e-04   5.504431e-06   9.821325e-05   1.054710e-04   6.293470e-06   6.625230e-06   6.886402e-06   2.084295e-04   1.275882e-04   1.407129e-04   1.769194e-04   1.759447e-04   2.028840e-04   1.903743e-04   2.275359e-04   2.443185e-04   8.969169e-06   9.413548e-06   2.995488e-04   2.878224e-04   3.064311e-04   1.140855e-05   1.089769e-05   3.714982e-04   3.409417e-04   1.281388e-05
Ni64  8.478675e-06   8.436496e-06   1.053421e-05   1.099917e-05   9.615923e-06   1.078065e-05   1.135569e-05   1.110738e-05   1.151884e-05   1.192112e-05   1.252610e-05   1.308220e-06   1.504920e-05   1.447080e-06   1.485491e-05   1.532099e-05   1.654513e-06   1.741731e-06   1.810391e-06   4.099610e-05   2.478172e-05   2.992286e-05   3.385811e-05   3.465963e-05   4.206261e-05   4.275403e-05   4.978837e-05   6.737881e-05   2.357937e-06   2.474762e-06   1.052205e-04   1.001750e-04   7.893532e-05   2.999236e-06   2.864934e-06   1.602524e-04   1.354856e-04   3.368687e-06
Cu63  6.857455e-06   6.949206e-06   8.118403e-06   8.730031e-06   7.616440e-06   8.839900e-06   9.220209e-06   9.366790e-06   9.443497e-06   1.007097e-05   9.990219e-06   1.058251e-06   1.310394e-05   1.170579e-06   1.337085e-05   1.382621e-05   1.338376e-06   1.408929e-06   1.464470e-06   3.879919e-05   1.937831e-05   2.129306e-05   2.336769e-05   2.393313e-05   2.732697e-05   2.871422e-05   3.858609e-05   5.225032e-05   1.907393e-06   2.001896e-06   9.985901e-05   9.947467e-05   4.406314e-05   2.426156e-06   2.317515e-06   1.507108e-04   7.158426e-05   2.725014e-06
Cu65  2.980490e-06   3.042220e-06   3.634898e-06   3.758902e-06   3.369697e-06   3.711436e-06   3.963421e-06   4.097920e-06   4.215742e-06   4.419961e-06   4.532360e-06   4.865626e-07   5.191037e-06   5.382084e-07   4.859701e-06   5.150587e-06   6.153585e-07   6.477971e-07   6.733338e-07   1.088047e-05   8.781900e-06   1.096350e-05   1.219953e-05   1.294237e-05   1.486982e-05   1.562201e-05   1.426892e-05   1.912800e-05   8.769811e-07   9.204313e-07   2.471053e-05   2.378624e-05   2.812806e-05   1.115497e-06   1.065547e-06   3.609913e-05   3.989619e-05   1.252907e-06
Zn64  1.036297e-05   1.171916e-05   1.099147e-05   1.159373e-05   1.151405e-05   1.287313e-05   1.277693e-05   1.229016e-05   1.247394e-05   1.282839e-05   1.304906e-05   1.799765e-06   1.371855e-05   1.990800e-06   1.483257e-05   1.432380e-05   2.276174e-06   2.396162e-06   2.490621e-06   1.753037e-05   1.768818e-05   1.677928e-05   1.769187e-05   1.797348e-05   1.824554e-05   1.953505e-05   1.960624e-05   1.999349e-05   3.243900e-06   3.404619e-06   2.063958e-05   2.140749e-05   2.126905e-05   4.126157e-06   3.941393e-06   2.351332e-05   2.216791e-05   4.634425e-06
Zn66  6.503317e-06   6.246666e-06   7.487487e-06   7.739371e-06   6.946054e-06   7.544151e-06   8.296221e-06   8.783836e-06   8.911429e-06   9.497289e-06   9.158139e-06   1.046717e-06   9.985160e-06   1.157821e-06   9.870859e-06   1.032678e-05   1.323790e-06   1.393573e-06   1.448509e-06   1.613270e-05   1.678953e-05   1.709990e-05   1.912806e-05   1.987110e-05   2.195225e-05   2.230812e-05   2.123964e-05   2.381116e-05   1.886605e-06   1.980077e-06   2.934685e-05   2.868926e-05   3.644780e-05   2.399713e-06   2.292257e-06   4.086792e-05   4.502062e-05   2.695314e-06
Zn67  9.084893e-07   9.446981e-07   1.073491e-06   1.121816e-06   1.032196e-06   1.119997e-06   1.199187e-06   1.195204e-06   1.230051e-06   1.273022e-06   1.313544e-06   1.548130e-07   1.432600e-06   1.712456e-07   1.450536e-06   1.490489e-06   1.957929e-07   2.061142e-07   2.142394e-07   3.005626e-06   1.684658e-06   1.842144e-06   1.980747e-06   1.985630e-06   2.531686e-06   2.502107e-06   3.505738e-06   5.135556e-06   2.790353e-07   2.928601e-07   6.630664e-06   6.211582e-06   4.291296e-06   3.549257e-07   3.390326e-07   1.000780e-05   6.629249e-06   3.986461e-07
Zn68  4.199670e-06   4.346168e-06   4.763353e-06   4.928593e-06   4.683632e-06   5.017259e-06   5.208604e-06   5.145025e-06   5.248411e-06   5.387031e-06   5.401776e-06   7.174609e-07   5.871235e-06   7.936153e-07   6.213821e-06   6.287413e-06   9.073770e-07   9.552093e-07   9.928645e-07   1.056404e-05   8.432793e-06   9.097064e-06   1.001677e-05   1.029963e-05   1.184288e-05   1.188669e-05   1.297720e-05   1.681111e-05   1.293153e-06   1.357222e-06   2.413436e-05   2.349786e-05   2.188755e-05   1.644857e-06   1.571202e-06   3.751440e-05   3.491399e-05   1.847474e-06
Zn70  1.380542e-07   1.471197e-07   1.694462e-07   1.746275e-07   1.630705e-07   1.781712e-07   1.869713e-07   2.751019e-07   2.772940e-07   3.025591e-07   2.708014e-07   2.444582e-08   2.817006e-07   2.704060e-08   2.353111e-07   2.340663e-07   3.091676e-08   3.254654e-08   3.382955e-08   4.553173e-07   2.155315e-07   2.591963e-07   2.552094e-07   2.553568e-07   3.538798e-07   3.652799e-07   9.211814e-07   1.659363e-06   4.406117e-08   4.624419e-08   8.565380e-07   4.649164e-07   6.834046e-07   5.604468e-08   5.353507e-08   7.684332e-07   4.403165e-07   6.294837e-08
Ga69  4.054036e-07   4.167329e-07   4.863223e-07   5.065924e-07   4.605322e-07   5.079046e-07   5.339179e-07   5.689717e-07   5.799825e-07   6.096208e-07   5.804436e-07   6.806836e-08   6.465366e-07   7.529343e-08   6.280203e-07   6.589240e-07   8.608644e-08   9.062449e-08   9.419698e-08   1.346125e-06   1.051267e-06   1.238328e-06   1.213858e-06   1.330132e-06   1.446828e-06   1.676027e-06   1.968092e-06   2.783746e-06   1.226865e-07   1.287650e-07   3.682947e-06   3.447420e-06   2.998136e-06   1.560541e-07   1.490662e-07   5.713896e-06   4.944176e-06   1.752771e-07
Ga71  2.755888e-07   2.810594e-07   3.270145e-07   3.384967e-07   3.107947e-07   3.401592e-07   3.566002e-07   3.872049e-07   3.937736e-07   4.135311e-07   4.176118e-07   4.648553e-08   4.244768e-07   5.141970e-08   4.210725e-07   4.327933e-07   5.879051e-08   6.188965e-08   6.432939e-08   8.416033e-07   5.571658e-07   6.632126e-07   7.788263e-07   7.828891e-07   1.001636e-06   9.691839e-07   1.106927e-06   1.697926e-06   8.378558e-08   8.793675e-08   2.227220e-06   2.187817e-06   2.099840e-06   1.065731e-07   1.018009e-07   3.936113e-06   4.891145e-06   1.197010e-07
Ge70  4.865495e-07   4.728166e-07   5.456561e-07   5.672706e-07   5.249122e-07   5.680371e-07   5.972059e-07   5.552609e-07   5.662783e-07   5.797957e-07   5.810254e-07   7.843281e-08   6.358881e-07   8.675801e-08   6.681804e-07   7.047134e-07   9.919443e-08   1.044235e-07   1.085399e-07   1.233609e-06   1.629392e-06   1.546154e-06   1.596864e-06   1.730992e-06   1.728156e-06   1.944842e-06   1.664896e-06   1.874618e-06   1.413674e-07   1.483715e-07   3.383084e-06   3.413474e-06   3.244310e-06   1.798157e-07   1.717638e-07   5.908460e-06   5.532694e-06   2.019658e-07
Ge72  6.361680e-07   6.428635e-07   7.262949e-07   7.532941e-07   7.051598e-07   7.635683e-07   7.928384e-07   7.997524e-07   8.140876e-07   8.443447e-07   8.650898e-07   1.078716e-07   8.830113e-07   1.193215e-07   9.061472e-07   9.403190e-07   1.364258e-07   1.436175e-07   1.492790e-07   1.536199e-06   1.555982e-06   1.810458e-06   2.193840e-06   2.279144e-06   2.711906e-06   2.597259e-06   2.310081e-06   2.606933e-06   1.944278e-07   2.040608e-07   3.950819e-06   3.740967e-06   5.413626e-06   2.473072e-07   2.362331e-07   6.045080e-06   8.185942e-06   2.777710e-07
Ge73  1.805456e-07   1.857984e-07   2.158742e-07   2.246313e-07   2.063098e-07   2.263628e-07   2.381477e-07   2.378703e-07   2.430952e-07   2.522714e-07   2.609273e-07   3.092393e-08   2.730296e-07   3.420633e-08   2.814188e-07   2.931629e-07   3.910967e-08   4.117133e-08   4.279434e-08   6.152308e-07   3.295556e-07   3.529528e-07   3.790651e-07   3.854518e-07   4.769906e-07   4.764169e-07   7.484682e-07   1.078961e-06   5.573733e-08   5.849885e-08   1.804966e-06   1.607814e-06   9.418576e-07   7.089645e-08   6.772180e-08   2.677741e-06   1.283826e-06   7.962961e-08
Ge74  8.516493e-07   8.654732e-07   9.625515e-07   9.972511e-07   9.509184e-07   1.017934e-06   1.058789e-06   1.030556e-06   1.050011e-06   1.075987e-06   1.088330e-06   1.475370e-07   1.158674e-06   1.631972e-07   1.223818e-06   1.252132e-06   1.865909e-07   1.964270e-07   2.041704e-07   2.000461e-06   1.553591e-06   1.713394e-06   1.839717e-06   1.891803e-06   2.172732e-06   2.208653e-06   2.357276e-06   3.120161e-06   2.659209e-07   2.790960e-07   4.772570e-06   4.198651e-06   4.001064e-06   3.382446e-07   3.230984e-07   6.749633e-06   6.318363e-06   3.799102e-07
