# Cinquegrana, Heger & Karakas 2025
M      10.5   10.8   11.0   11.3   11.5   11.8   12.0   12.3   12.5   12.8   13.0   13.3   13.5   13.8   14.0   14.3   14.5   14.8   15.0   15.3   15.5   15.8   16.0   16.3   16.5   16.8   17.0   17.3   17.5   17.8   18.0   18.3   18.5   18.8   19.0   19.3   19.5   19.8   20.0
E      1.0   1.0   1.0   1.0   1.0   1.0   1.0   1.0   1.0   1.0   1.0   1.0   1.0   1.0   1.0   1.0   1.0   1.0   1.0   1.0   1.0   1.0   1.0   1.0   1.0   1.0   1.0   1.0   1.0   1.0   1.0   1.0   1.0   1.0   1.0   1.0   1.0   1.0   1.0
Mrem   1.574   1.525   1.543   1.562   1.645   1.544   11.861   1.624   1.648   12.576   12.813   13.046   1.468   1.500   1.525   1.552   1.593   14.486   14.717   14.970   1.573   1.492   1.669   1.511   16.174   1.700   1.619   1.603   17.112   17.375   17.575   17.814   18.056   18.320   18.503   18.699   18.982   19.078   19.430
H1    6.412409e+00   6.500195e+00   6.639230e+00   6.788589e+00   6.942245e+00   7.080656e+00   1.041498e-01   7.368624e+00   7.515191e+00   1.297143e-01   1.399855e-01   1.526356e-01   7.739716e+00   7.854092e+00   7.956055e+00   8.094713e+00   8.215834e+00   1.972170e-01   2.110916e-01   2.093011e-01   8.491520e+00   8.502270e+00   8.791301e+00   8.659452e+00   2.430297e-01   9.018311e+00   8.991192e+00   8.776033e+00   2.892196e-01   2.796141e-01   3.168212e-01   3.248567e-01   3.312445e-01   3.208970e-01   3.707215e-01   4.106683e-01   3.867333e-01   5.015008e-01   4.249276e-01
H2    5.257027e-08   5.562597e-08   5.769191e-08   5.992598e-08   6.194107e-08   6.488397e-08   4.779204e-08   6.832854e-08   7.182839e-08   5.229206e-08   5.387572e-08   5.540166e-08   7.732268e-08   7.973360e-08   8.162804e-08   8.120097e-08   8.372333e-08   6.496513e-08   6.658672e-08   6.825299e-08   8.930521e-08   9.458973e-08   9.405101e-08   9.601172e-08   7.641531e-08   9.958734e-08   1.035695e-07   1.041619e-07   8.362676e-08   8.533615e-08   8.715771e-08   8.888860e-08   9.072125e-08   9.248511e-08   9.430888e-08   9.612721e-08   9.820488e-08   9.999758e-08   1.015104e-07
He3   3.711527e-04   3.725882e-04   3.766699e-04   3.817766e-04   3.868821e-04   3.915841e-04   1.044267e-05   4.017591e-04   4.069134e-04   1.292606e-05   1.390296e-05   1.504179e-05   4.079216e-04   4.119251e-04   4.149117e-04   4.198598e-04   4.238308e-04   1.948210e-05   2.075957e-05   2.080716e-05   4.301276e-04   4.283868e-04   4.416118e-04   4.330020e-04   2.443309e-05   4.480708e-04   4.447683e-04   4.330360e-04   2.909071e-05   2.845766e-05   3.189330e-05   3.273033e-05   3.347556e-05   3.279155e-05   3.736406e-05   4.114785e-05   3.930501e-05   4.909831e-05   4.295125e-05
He4   2.453826e+00   2.586477e+00   2.672090e+00   2.755742e+00   2.821849e+00   2.950559e+00   3.499444e-02   3.104397e+00   3.200546e+00   4.362365e-02   4.708829e-02   5.133948e-02   3.968487e+00   4.060048e+00   4.163280e+00   4.247602e+00   4.333479e+00   6.643879e-02   7.111528e-02   7.055608e-02   4.830959e+00   4.966736e+00   4.977987e+00   5.174387e+00   8.211288e-02   5.320362e+00   5.462518e+00   5.391245e+00   9.772902e-02   9.445171e-02   1.070531e-01   1.098774e-01   1.120328e-01   1.085106e-01   1.253491e-01   1.386680e-01   1.305971e-01   1.694702e-01   1.435527e-01
Li6   4.409207e-12   4.430108e-12   4.566073e-12   4.708154e-12   4.827531e-12   4.855148e-12   3.908158e-12   5.256909e-12   5.181122e-12   4.120689e-12   4.195534e-12   4.255331e-12   5.190388e-12   5.279685e-12   5.383328e-12   5.672656e-12   5.759781e-12   4.678798e-12   4.747734e-12   4.813985e-12   5.789831e-12   5.780911e-12   6.105630e-12   5.951817e-12   5.136720e-12   6.282853e-12   6.182706e-12   6.056296e-12   5.422686e-12   5.474498e-12   5.520444e-12   5.584731e-12   5.686654e-12   5.757465e-12   5.812517e-12   5.878400e-12   5.967903e-12   5.985410e-12   6.051511e-12
Li7   2.102577e-08   3.937135e-08   4.324741e-08   4.593747e-08   4.542855e-08   5.993548e-08   3.481085e-10   5.565421e-08   6.260138e-08   3.712234e-10   3.789613e-10   3.847879e-10   1.054674e-07   1.054711e-07   1.074371e-07   1.071963e-07   9.873403e-08   4.221324e-10   4.279124e-10   4.335704e-10   1.164071e-07   1.432482e-07   1.143057e-07   1.416500e-07   4.624140e-10   1.206502e-07   1.552103e-07   1.611269e-07   4.858898e-10   4.902967e-10   4.944485e-10   4.999122e-10   5.080692e-10   5.135182e-10   5.183149e-10   5.239685e-10   5.312528e-10   5.335144e-10   5.392717e-10
Be9   4.331185e-12   4.513671e-12   4.665733e-12   4.798246e-12   4.890557e-12   4.985371e-12   2.371932e-12   5.337951e-12   5.240732e-12   2.846345e-12   3.012825e-12   3.175695e-12   5.212727e-12   5.268768e-12   5.377243e-12   6.125487e-12   6.837831e-12   3.886634e-12   4.018542e-12   4.085366e-12   6.179405e-12   5.619719e-12   6.125417e-12   6.084047e-12   4.535854e-12   6.250142e-12   5.968777e-12   5.886035e-12   4.836864e-12   4.880501e-12   4.953754e-12   5.008315e-12   5.064060e-12   5.112608e-12   5.169478e-12   5.220273e-12   5.260865e-12   5.314499e-12   5.365494e-12
B10   1.001314e-10   1.074381e-10   1.104879e-10   1.136581e-10   1.159063e-10   1.212136e-10   1.505404e-11   1.249714e-10   1.279471e-10   1.836068e-11   1.959577e-11   2.088420e-11   1.423561e-10   1.417951e-10   1.417609e-10   1.459834e-10   1.445456e-10   2.708369e-11   2.860008e-11   2.921862e-11   1.480514e-10   1.484546e-10   1.491725e-10   1.564311e-10   3.498569e-11   1.506206e-10   1.509587e-10   1.442774e-10   4.150777e-11   4.140739e-11   4.539839e-11   4.670728e-11   4.800652e-11   4.789958e-11   5.297155e-11   5.723891e-11   5.639735e-11   6.454335e-11   6.091435e-11
B11   2.248513e-08   2.491102e-08   3.004401e-08   3.496794e-08   3.460764e-08   3.552149e-08   6.678743e-11   5.315132e-08   3.096514e-08   8.134164e-11   8.674039e-11   9.236784e-11   1.651744e-07   1.854443e-07   2.171226e-07   2.444138e-07   1.907913e-07   1.197199e-10   1.263524e-10   1.292758e-10   2.750792e-07   3.142375e-07   3.052429e-07   4.376102e-07   1.549220e-10   3.507233e-07   2.723662e-07   2.835457e-07   1.836087e-10   1.834684e-10   2.006014e-10   2.064988e-10   2.122108e-10   2.121551e-10   2.337005e-10   2.516849e-10   2.486684e-10   2.813736e-10   2.679991e-10
C12   6.830535e-03   7.451591e-03   8.409936e-03   9.356175e-03   9.570446e-03   1.160199e-02   4.836749e-05   1.263078e-02   1.257125e-02   6.000024e-05   6.460438e-05   7.002456e-05   4.962684e-02   5.210037e-02   5.773127e-02   6.269544e-02   6.155192e-02   9.099669e-05   9.712847e-05   9.713783e-05   9.136913e-02   1.124722e-01   8.834493e-02   1.332944e-01   1.138879e-04   1.070631e-01   1.220816e-01   1.285934e-01   1.357865e-04   1.323435e-04   1.489762e-04   1.528271e-04   1.561651e-04   1.524124e-04   1.746830e-04   1.931652e-04   1.832861e-04   2.334011e-04   2.008633e-04
C13   9.896002e-05   1.010269e-04   1.035539e-04   1.063060e-04   1.089315e-04   1.116023e-04   6.912243e-07   1.169114e-04   1.196221e-04   9.078116e-07   1.006434e-06   1.151325e-06   1.280512e-04   1.302816e-04   1.333155e-04   1.343396e-04   1.360670e-04   1.498417e-06   1.653433e-06   1.540681e-06   1.430655e-04   1.482758e-04   1.491986e-04   1.511032e-04   1.672952e-06   1.549939e-04   1.568809e-04   1.542269e-04   2.018735e-06   1.795668e-06   2.226136e-06   2.251748e-06   2.250796e-06   2.016165e-06   2.608276e-06   3.080439e-06   2.579290e-06   4.468836e-06   2.965766e-06
N14   3.357637e-03   3.551650e-03   3.697959e-03   3.810949e-03   3.907245e-03   4.085949e-03   1.689473e-05   4.323285e-03   4.474767e-03   2.131933e-05   2.317097e-05   2.567196e-05   5.287371e-03   5.366844e-03   5.462930e-03   5.601206e-03   5.717756e-03   3.265425e-05   3.520945e-05   3.412481e-05   6.167150e-03   6.266104e-03   6.451236e-03   6.531486e-03   3.886889e-05   6.849567e-03   6.966256e-03   6.812868e-03   4.587807e-05   4.319994e-05   4.991109e-05   5.139804e-05   5.203428e-05   4.920021e-05   5.810300e-05   6.405559e-05   5.909294e-05   8.064975e-05   6.552424e-05
N15   1.392992e-06   1.689748e-06   1.805146e-06   1.874434e-06   1.878141e-06   2.416278e-06   3.245392e-08   2.259842e-06   2.533998e-06   4.001026e-08   4.294277e-08   4.625893e-08   6.576360e-06   7.124028e-06   7.741426e-06   8.362571e-06   8.972575e-06   6.006287e-08   6.384886e-08   6.437490e-08   1.307751e-05   1.435790e-05   1.143340e-05   1.776320e-05   7.609377e-08   1.364518e-05   1.674748e-05   1.797421e-05   9.057032e-08   8.908887e-08   9.927519e-08   1.019772e-07   1.044478e-07   1.028229e-07   1.163157e-07   1.275087e-07   1.227689e-07   1.501703e-07   1.337833e-07
O16   1.662150e-02   2.268535e-02   2.476938e-02   2.691328e-02   2.781692e-02   3.697547e-02   1.225041e-04   3.695661e-02   4.251383e-02   1.525814e-04   1.646571e-04   1.795582e-04   1.743084e-01   1.945344e-01   2.090826e-01   2.038285e-01   2.069486e-01   2.320500e-04   2.483841e-04   2.462514e-04   3.741838e-01   4.966837e-01   3.591754e-01   5.714332e-01   2.857574e-04   4.652518e-01   6.272335e-01   6.995518e-01   3.401457e-04   3.288893e-04   3.726722e-04   3.819753e-04   3.895182e-04   3.773988e-04   4.360547e-04   4.833344e-04   4.551400e-04   5.901161e-04   5.000342e-04
O17   2.673293e-05   2.600529e-05   2.517929e-05   2.528217e-05   2.551370e-05   2.548837e-05   6.699721e-08   2.467793e-05   2.440436e-05   7.975699e-08   8.402807e-08   9.118013e-08   2.148769e-05   2.101168e-05   2.095625e-05   2.182578e-05   2.143116e-05   1.067488e-07   1.139223e-07   1.098801e-07   2.137444e-05   1.961026e-05   1.889853e-05   1.993943e-05   1.224827e-07   1.778243e-05   1.859541e-05   1.755341e-05   1.416172e-07   1.341924e-07   1.538848e-07   1.582129e-07   1.599981e-07   1.508090e-07   1.778292e-07   1.957552e-07   1.818389e-07   2.431257e-07   2.006148e-07
O18   1.331584e-05   1.753030e-05   1.865840e-05   1.969343e-05   1.989157e-05   2.277847e-05   2.536827e-07   2.347747e-05   2.421686e-05   3.154867e-07   3.401641e-07   3.697180e-07   1.613711e-04   1.937787e-04   1.906495e-04   1.961193e-04   1.743294e-04   4.802104e-07   5.134276e-07   5.115073e-07   2.355530e-04   3.291002e-04   1.731026e-04   2.709995e-04   5.973133e-07   1.725591e-04   1.820838e-04   1.985929e-04   7.122228e-07   6.915921e-07   7.812971e-07   8.008425e-07   8.176861e-07   7.954124e-07   9.156373e-07   1.014481e-06   9.583686e-07   1.233683e-06   1.051812e-06
F19   1.616745e-06   7.957943e-07   8.423235e-07   8.335500e-07   8.477467e-07   1.122032e-06   1.110845e-08   8.329801e-07   1.166654e-06   1.384048e-08   1.493939e-08   1.629422e-08   8.694727e-07   9.205220e-07   1.006447e-06   1.909381e-06   2.636292e-06   2.106452e-08   2.254936e-08   2.235316e-08   4.729628e-06   1.833999e-06   1.322787e-06   4.044635e-06   2.593536e-08   1.448754e-06   1.249701e-06   1.403621e-06   3.087737e-08   2.985517e-08   3.383193e-08   3.467389e-08   3.535761e-08   3.426114e-08   3.958632e-08   4.388504e-08   4.132525e-08   5.358074e-08   4.540259e-08
Ne20  3.602209e-03   4.859450e-03   5.353023e-03   5.567794e-03   5.734606e-03   7.362224e-03   3.776333e-05   6.129324e-03   7.653240e-03   4.704005e-05   5.076669e-05   5.535336e-05   7.038892e-03   8.466612e-03   9.877733e-03   2.464264e-02   3.279796e-02   7.154003e-05   7.657327e-05   7.593206e-05   6.582701e-02   2.865083e-02   1.617951e-02   6.460087e-02   8.820278e-05   1.929565e-02   1.098211e-02   1.640475e-02   1.049676e-04   1.014750e-04   1.149845e-04   1.179208e-04   1.202383e-04   1.164774e-04   1.345615e-04   1.490269e-04   1.403420e-04   1.820138e-04   1.542122e-04
Ne21  1.706084e-05   1.687425e-05   1.815039e-05   1.907719e-05   1.963835e-05   2.405379e-05   1.004932e-07   2.426005e-05   2.286032e-05   1.248931e-07   1.345973e-07   1.463821e-07   3.772203e-05   4.041650e-05   4.339209e-05   6.478363e-05   8.328629e-05   1.869267e-07   1.995368e-07   1.977275e-07   9.780985e-05   6.418133e-05   6.611079e-05   1.044910e-04   2.282034e-07   7.719965e-05   5.661888e-05   6.385693e-05   2.694857e-07   2.599268e-07   2.944578e-07   3.021163e-07   3.078129e-07   2.972514e-07   3.436327e-07   3.798520e-07   3.573140e-07   4.643365e-07   3.926634e-07
Ne22  2.090778e-04   1.918019e-04   2.009017e-04   2.102385e-04   2.148721e-04   2.408235e-04   2.934264e-06   2.456593e-04   2.661588e-04   3.657109e-06   3.947909e-06   4.305002e-06   6.179187e-04   6.638347e-04   7.983583e-04   8.267076e-04   8.595595e-04   5.572195e-06   5.964931e-06   5.916237e-06   1.434344e-03   1.646515e-03   1.462208e-03   2.017578e-03   6.870302e-06   1.825218e-03   2.135426e-03   2.215758e-03   8.182374e-06   7.914580e-06   8.966451e-06   9.189715e-06   9.372392e-06   9.085368e-06   1.049378e-05   1.163288e-05   1.095731e-05   1.419832e-05   1.203749e-05
Na23  1.029948e-04   1.165762e-04   1.273142e-04   1.304045e-04   1.343815e-04   1.653328e-04   6.590248e-07   1.474952e-04   1.838293e-04   8.232688e-07   8.887479e-07   9.688463e-07   2.181605e-04   2.286621e-04   2.528968e-04   3.993142e-04   4.433304e-04   1.257150e-06   1.345883e-06   1.337976e-06   9.188036e-04   5.857650e-04   3.045742e-04   1.150588e-03   1.577918e-06   3.408382e-04   3.639183e-04   3.993537e-04   1.875023e-06   1.805997e-06   2.050821e-06   2.120685e-06   2.160206e-06   2.085827e-06   2.409143e-06   2.635465e-06   2.483437e-06   3.239244e-06   2.738454e-06
Mg24  1.037092e-03   1.540677e-03   1.585704e-03   1.671341e-03   1.669923e-03   1.841443e-03   9.029083e-06   2.086149e-03   2.274140e-03   1.124794e-05   1.213927e-05   1.323600e-05   2.506187e-03   3.041417e-03   2.734670e-03   4.438262e-03   7.610407e-03   1.710888e-05   1.831270e-05   1.816031e-05   1.157398e-02   5.946272e-03   7.272511e-03   8.921332e-03   2.109943e-05   8.499465e-03   8.189325e-03   1.320157e-02   2.511081e-05   2.427474e-05   2.750755e-05   2.821267e-05   2.876715e-05   2.786698e-05   3.219360e-05   3.565112e-05   3.357325e-05   4.354749e-05   3.689329e-05
Mg25  8.869366e-05   9.830077e-05   1.031895e-04   1.077906e-04   1.105044e-04   1.175937e-04   1.185673e-06   1.204705e-04   1.210458e-04   1.476667e-06   1.593515e-06   1.737707e-06   1.755056e-04   1.958184e-04   2.083726e-04   3.359113e-04   4.218690e-04   2.245527e-06   2.403583e-06   2.382939e-06   5.707865e-04   3.305007e-04   3.189633e-04   5.183856e-04   2.765256e-06   3.685681e-04   2.917901e-04   3.442712e-04   3.291488e-06   3.182542e-06   3.606180e-06   3.696212e-06   3.769193e-06   3.651882e-06   4.219470e-06   4.676971e-06   4.404050e-06   5.710212e-06   4.838415e-06
Mg26  1.069773e-04   1.175627e-04   1.224957e-04   1.256586e-04   1.287720e-04   1.420923e-04   1.367267e-06   1.333321e-04   1.506330e-04   1.703284e-06   1.838295e-06   2.004107e-06   1.843308e-04   2.011684e-04   2.186474e-04   3.231791e-04   3.944754e-04   2.589894e-06   2.771928e-06   2.749034e-06   6.235714e-04   3.539773e-04   3.027698e-04   5.355200e-04   3.194728e-06   3.476410e-04   3.150311e-04   3.778034e-04   3.800366e-06   3.673281e-06   4.161974e-06   4.269429e-06   4.352879e-06   4.215887e-06   4.869806e-06   5.390342e-06   5.076200e-06   6.584063e-06   5.577948e-06
Al27  8.716994e-05   1.107051e-04   1.126140e-04   1.158068e-04   1.178010e-04   1.308247e-04   1.027187e-06   1.441910e-04   1.601464e-04   1.279992e-06   1.381562e-06   1.506414e-06   2.377999e-04   3.028503e-04   2.676150e-04   2.723683e-04   3.969396e-04   1.948430e-06   2.085657e-06   2.068776e-06   5.888109e-04   4.921136e-04   6.980099e-04   5.958819e-04   2.406154e-06   8.388903e-04   8.955081e-04   1.306084e-03   2.864588e-06   2.769112e-06   3.138393e-06   3.220467e-06   3.283849e-06   3.181255e-06   3.675000e-06   4.067279e-06   3.830868e-06   4.970132e-06   4.210931e-06
Si28  1.752817e-03   2.619303e-03   2.913533e-03   3.134788e-03   3.123996e-03   3.094664e-03   1.199308e-05   3.804854e-03   2.811795e-03   1.494030e-05   1.612421e-05   1.758095e-05   3.249265e-02   3.085092e-02   2.905249e-02   2.154395e-02   1.392561e-02   2.272494e-05   2.432389e-05   2.412137e-05   1.606043e-02   5.216669e-02   4.256312e-02   4.930774e-02   2.802462e-05   5.383003e-02   7.145597e-02   7.262123e-02   3.335179e-05   3.224141e-05   3.653449e-05   3.747052e-05   3.820689e-05   3.701144e-05   4.275723e-05   4.734827e-05   4.458966e-05   5.783214e-05   4.899836e-05
Si29  4.780933e-05   5.539236e-05   5.709170e-05   5.949654e-05   5.975585e-05   6.204520e-05   6.307320e-07   6.871943e-05   6.693908e-05   7.857299e-07   8.479932e-07   9.246053e-07   1.828185e-04   2.093926e-04   1.618234e-04   1.245683e-04   1.371369e-04   1.195134e-06   1.279224e-06   1.268573e-06   1.481330e-04   2.063540e-04   5.486150e-04   1.987834e-04   1.473849e-06   6.636688e-04   5.818684e-04   7.261393e-04   1.754011e-06   1.695615e-06   1.921392e-06   1.970619e-06   2.009345e-06   1.946475e-06   2.248652e-06   2.490101e-06   2.345022e-06   3.041458e-06   2.576880e-06
Si30  3.729750e-05   4.574451e-05   4.697855e-05   4.933457e-05   4.938864e-05   4.942340e-05   4.300860e-07   6.039096e-05   5.656469e-05   5.357750e-07   5.782308e-07   6.304713e-07   1.292744e-04   1.868033e-04   1.341465e-04   7.935732e-05   1.282136e-04   8.149357e-07   8.722750e-07   8.650108e-07   1.267551e-04   1.761443e-04   5.334485e-04   1.397432e-04   1.004977e-06   6.484343e-04   6.223827e-04   8.892851e-04   1.196011e-06   1.156194e-06   1.310145e-06   1.343707e-06   1.370113e-06   1.327245e-06   1.533292e-06   1.697936e-06   1.599010e-06   2.073889e-06   1.757106e-06
P31   1.156211e-05   1.502917e-05   1.596266e-05   1.677793e-05   1.655979e-05   1.701925e-05   1.189094e-07   2.085484e-05   1.804437e-05   1.481322e-07   1.598710e-07   1.743145e-07   2.159993e-04   2.544160e-04   2.288653e-04   1.083757e-04   5.388850e-05   2.253213e-07   2.411752e-07   2.391691e-07   5.938863e-05   3.979074e-04   4.104951e-04   3.515225e-04   2.778784e-07   5.236364e-04   6.484188e-04   7.371791e-04   3.307005e-07   3.196892e-07   3.622584e-07   3.715441e-07   3.788454e-07   3.669909e-07   4.239634e-07   4.694785e-07   4.421263e-07   5.734356e-07   4.858427e-07
S32   8.015275e-04   1.201798e-03   1.333916e-03   1.429463e-03   1.439585e-03   1.412694e-03   6.175708e-06   1.712622e-03   1.240723e-03   7.693344e-06   8.302985e-06   9.053121e-06   2.583576e-02   2.239200e-02   2.081402e-02   1.414376e-02   6.884638e-03   1.170196e-05   1.252532e-05   1.242103e-05   8.125128e-03   4.303519e-02   1.788207e-02   3.554291e-02   1.443096e-05   2.284912e-02   4.205286e-02   4.191919e-02   1.717412e-05   1.660234e-05   1.881301e-05   1.929501e-05   1.967419e-05   1.905861e-05   2.201733e-05   2.438144e-05   2.296092e-05   2.977997e-05   2.523113e-05
S33   4.657452e-06   5.995705e-06   6.422592e-06   6.748991e-06   6.514137e-06   6.895403e-06   5.017029e-08   7.282258e-06   6.337815e-06   6.249929e-08   6.745191e-08   7.354587e-08   2.204317e-04   2.114733e-04   1.839287e-04   7.409537e-05   2.276451e-05   9.506459e-08   1.017534e-07   1.009062e-07   2.691114e-05   3.006719e-04   1.760702e-04   1.933929e-04   1.172346e-07   2.297409e-04   4.502077e-04   4.453379e-04   1.395197e-07   1.348746e-07   1.528338e-07   1.567495e-07   1.598299e-07   1.548290e-07   1.788652e-07   1.980708e-07   1.865307e-07   2.419276e-07   2.049735e-07
S34   2.298901e-05   2.590309e-05   2.771449e-05   2.927593e-05   2.891931e-05   2.894523e-05   2.896736e-07   3.136240e-05   2.886174e-05   3.608588e-07   3.894542e-07   4.246396e-07   5.560426e-04   4.871367e-04   4.497792e-04   2.006103e-04   8.199594e-05   5.488841e-07   5.875040e-07   5.826125e-07   9.193737e-05   7.127893e-04   4.482395e-04   5.074359e-04   6.768887e-07   5.332365e-04   1.090493e-03   6.400667e-04   8.055577e-07   7.787384e-07   8.824305e-07   9.050385e-07   9.228241e-07   8.939501e-07   1.032730e-06   1.143619e-06   1.076990e-06   1.396839e-06   1.183474e-06
S36   7.224811e-08   7.529879e-08   7.795904e-08   8.081254e-08   8.267831e-08   8.578196e-08   1.065783e-09   9.199850e-08   9.054435e-08   1.327692e-09   1.432902e-09   1.562358e-09   1.573465e-07   1.708125e-07   1.729597e-07   1.876647e-07   1.879329e-07   2.019485e-09   2.161577e-09   2.143580e-09   2.115620e-07   2.529216e-07   2.888253e-07   2.926800e-07   2.490447e-09   3.427641e-07   3.421172e-07   4.040750e-07   2.963853e-09   2.865178e-09   3.246688e-09   3.329868e-09   3.395306e-09   3.289071e-09   3.799678e-09   4.207668e-09   3.962520e-09   5.139329e-09   4.354305e-09
Cl35  4.847583e-06   5.491578e-06   5.746620e-06   5.995575e-06   5.945375e-06   6.148104e-06   6.514391e-08   6.635121e-06   6.151465e-06   8.115256e-08   8.758331e-08   9.549604e-08   2.169635e-04   2.429015e-04   2.471480e-04   9.591361e-05   1.657426e-05   1.234371e-07   1.321222e-07   1.310221e-07   1.937003e-05   4.897983e-04   1.749291e-04   3.611768e-04   1.522237e-07   2.556153e-04   5.070469e-04   5.945494e-04   1.811597e-07   1.751284e-07   1.984474e-07   2.035317e-07   2.075314e-07   2.010380e-07   2.322479e-07   2.571855e-07   2.422013e-07   3.141314e-07   2.661483e-07
Cl37  1.587283e-06   1.778051e-06   1.847370e-06   1.921783e-06   1.921022e-06   2.028303e-06   2.202801e-08   2.135681e-06   2.055948e-06   2.744124e-08   2.961575e-08   3.229139e-08   6.587669e-05   5.732831e-05   5.414254e-05   2.068577e-05   5.695952e-06   4.173948e-08   4.467630e-08   4.430432e-08   7.105924e-06   1.191760e-04   2.540979e-05   6.324789e-05   5.147349e-08   3.372279e-05   1.061920e-04   1.046936e-04   6.125803e-08   5.921857e-08   6.710376e-08   6.882297e-08   7.017546e-08   6.797976e-08   7.853318e-08   8.696566e-08   8.189886e-08   1.062216e-07   8.999640e-08
Ar36  1.703178e-04   2.493320e-04   2.741470e-04   2.941592e-04   2.932884e-04   2.927810e-04   1.382037e-06   3.476106e-04   2.557894e-04   1.721663e-06   1.858092e-06   2.025962e-06   7.366130e-03   6.152007e-03   5.823215e-03   2.967206e-03   1.327433e-03   2.618734e-06   2.802990e-06   2.779653e-06   1.563538e-03   1.380406e-02   3.008392e-03   8.385343e-03   3.229446e-06   3.923046e-03   1.117697e-02   1.092880e-02   3.843328e-06   3.715373e-06   4.210089e-06   4.317953e-06   4.402808e-06   4.265049e-06   4.927171e-06   5.456225e-06   5.138334e-06   6.664341e-06   5.646374e-06
Ar38  1.864338e-05   2.035783e-05   2.131434e-05   2.226581e-05   2.207152e-05   2.258269e-05   2.651943e-07   2.397340e-05   2.293762e-05   3.303639e-07   3.565428e-07   3.887548e-07   7.567683e-04   5.913977e-04   5.707949e-04   2.868223e-04   8.029462e-05   5.024999e-07   5.378561e-07   5.333780e-07   9.742821e-05   1.203735e-03   3.068279e-04   8.340055e-04   6.196872e-07   3.704525e-04   1.052496e-03   6.960753e-04   7.374829e-07   7.129300e-07   8.078594e-07   8.285570e-07   8.448395e-07   8.184055e-07   9.454577e-07   1.046976e-06   9.859770e-07   1.278797e-06   1.083463e-06
Ar40  3.080189e-08   3.177536e-08   3.305239e-08   3.430483e-08   3.516772e-08   3.546053e-08   4.359107e-10   3.960967e-08   3.741366e-08   5.430247e-10   5.860530e-10   6.389977e-10   5.986365e-08   6.484273e-08   6.698345e-08   7.631708e-08   1.003866e-07   8.259406e-10   8.840520e-10   8.766875e-10   9.828566e-08   8.434425e-08   1.115476e-07   1.027923e-07   1.018534e-09   1.273364e-07   1.047325e-07   1.287537e-07   1.212136e-09   1.171777e-09   1.327803e-09   1.361819e-09   1.388578e-09   1.345127e-09   1.553951e-09   1.720806e-09   1.620542e-09   2.101826e-09   1.780764e-09
K39   4.428021e-06   5.029919e-06   5.194812e-06   5.385499e-06   5.393478e-06   5.484273e-06   6.090251e-08   5.927570e-06   5.550377e-06   7.586887e-08   8.188092e-08   8.927847e-08   3.092425e-04   3.251600e-04   3.104088e-04   1.289263e-04   1.670099e-05   1.154003e-07   1.235199e-07   1.224915e-07   1.992275e-05   7.464182e-04   1.690003e-04   5.152908e-04   1.423127e-07   2.421714e-04   5.633951e-04   8.653500e-04   1.693647e-07   1.637261e-07   1.855269e-07   1.902801e-07   1.940194e-07   1.879488e-07   2.171266e-07   2.404406e-07   2.264320e-07   2.936789e-07   2.488199e-07
K40   7.782895e-09   9.134724e-09   9.671748e-09   1.010609e-08   1.019523e-08   1.176275e-08   9.746452e-11   1.185630e-08   1.260841e-08   1.214907e-10   1.311404e-10   1.430108e-10   3.982474e-07   5.774853e-07   4.310179e-07   2.631247e-07   3.955560e-08   1.850442e-10   1.980859e-10   1.964735e-10   6.568243e-08   7.999423e-07   1.167248e-06   7.756243e-07   2.284101e-10   1.535271e-06   1.706951e-06   3.234733e-06   2.719260e-10   2.629107e-10   2.979221e-10   3.055811e-10   3.116140e-10   3.019017e-10   3.487560e-10   3.862022e-10   3.637559e-10   4.717226e-10   3.997717e-10
K41   3.404881e-07   3.803803e-07   3.946936e-07   4.074697e-07   4.117391e-07   4.296578e-07   4.620584e-09   4.553763e-07   4.317336e-07   5.756060e-09   6.212185e-09   6.773427e-09   6.162232e-05   4.021850e-05   2.830148e-05   8.524408e-06   1.286209e-06   8.755252e-09   9.371277e-09   9.293253e-09   1.536937e-06   7.413568e-05   6.670582e-06   3.156090e-05   1.079705e-08   9.000529e-06   4.689342e-05   4.853698e-05   1.284945e-08   1.242166e-08   1.407565e-08   1.443627e-08   1.471997e-08   1.425940e-08   1.647308e-08   1.824187e-08   1.717906e-08   2.228099e-08   1.887760e-08
Ca40  1.452546e-04   2.167633e-04   2.374198e-04   2.572891e-04   2.503548e-04   2.564550e-04   1.030571e-06   2.994933e-04   2.168730e-04   1.283827e-06   1.385561e-06   1.510740e-06   4.678732e-03   2.802241e-03   2.282909e-03   1.851386e-03   1.119237e-03   1.952764e-06   2.090162e-06   2.072759e-06   1.300565e-03   7.692327e-03   1.170069e-03   5.526138e-03   2.408166e-06   1.447329e-03   3.266971e-03   3.257294e-03   2.865931e-06   2.770516e-06   3.139421e-06   3.219854e-06   3.283129e-06   3.180404e-06   3.674141e-06   4.068652e-06   3.831603e-06   4.969532e-06   4.210443e-06
Ca42  5.158845e-07   5.685977e-07   6.017156e-07   6.244954e-07   6.176225e-07   6.316970e-07   7.222312e-09   6.742228e-07   6.418416e-07   8.997143e-09   9.710101e-09   1.058736e-08   5.885451e-05   4.898406e-05   4.815407e-05   1.577589e-05   2.751008e-06   1.368510e-08   1.464799e-08   1.452603e-08   3.438499e-06   1.227733e-04   1.628019e-05   6.077109e-05   1.687659e-08   2.168081e-05   8.994332e-05   8.712797e-05   2.008464e-08   1.941596e-08   2.200127e-08   2.256495e-08   2.300839e-08   2.228849e-08   2.574863e-08   2.851339e-08   2.685213e-08   3.482681e-08   2.950707e-08
Ca43  1.223135e-07   1.312763e-07   1.407669e-07   1.409129e-07   1.478041e-07   1.389275e-07   1.542895e-09   1.524249e-07   1.488378e-07   1.922050e-09   2.074359e-09   2.261767e-09   6.998943e-07   8.209179e-07   6.237067e-07   4.074979e-07   2.813848e-07   2.923534e-09   3.129235e-09   3.103182e-09   3.335700e-07   9.873410e-07   7.622742e-07   7.530978e-07   3.605327e-09   9.330047e-07   1.719389e-06   2.079086e-06   4.290660e-09   4.147812e-09   4.700109e-09   4.820527e-09   4.915259e-09   4.761466e-09   5.500653e-09   6.091285e-09   5.736394e-09   7.440016e-09   6.303565e-09
Ca44  2.129835e-06   2.468964e-06   2.522251e-06   2.656135e-06   2.899451e-06   2.653630e-06   2.439372e-08   3.033945e-06   2.855789e-06   3.038831e-08   3.279636e-08   3.575935e-08   6.357621e-06   5.717742e-06   5.606679e-06   5.911898e-06   6.114337e-06   4.622212e-08   4.947434e-08   4.906242e-08   7.041239e-06   1.055107e-05   6.606925e-06   8.424044e-06   5.700152e-08   8.108713e-06   8.804147e-06   8.675179e-06   6.783688e-08   6.557839e-08   7.431042e-08   7.621427e-08   7.771201e-08   7.528050e-08   8.696731e-08   9.630541e-08   9.069445e-08   1.176293e-07   9.966164e-08
Ca46  3.501927e-09   3.525856e-09   3.702807e-09   3.920431e-09   4.023450e-09   3.843546e-09   4.890251e-11   4.791332e-09   3.952251e-09   6.091996e-11   6.574742e-11   7.168738e-11   6.354050e-09   6.812499e-09   7.254009e-09   8.705132e-09   1.470209e-08   9.266227e-11   9.918205e-11   9.835627e-11   1.016764e-08   6.081750e-09   1.052241e-08   7.029252e-09   1.142719e-10   1.170866e-08   7.206790e-09   7.835643e-09   1.359937e-10   1.314661e-10   1.489714e-10   1.527880e-10   1.557906e-10   1.509161e-10   1.743448e-10   1.930651e-10   1.818167e-10   2.358135e-10   1.997934e-10
Ca48  1.522087e-07   1.560614e-07   1.599578e-07   1.639906e-07   1.677727e-07   1.725321e-07   2.385635e-09   1.800520e-07   1.843372e-07   2.971887e-09   3.207388e-09   3.497160e-09   2.027167e-07   2.064092e-07   2.102921e-07   2.152267e-07   2.188603e-07   4.520388e-09   4.838445e-09   4.798161e-09   2.351787e-07   2.374088e-07   2.401872e-07   2.468358e-07   5.574582e-09   2.509848e-07   2.536018e-07   2.494184e-07   6.634248e-09   6.413375e-09   7.267341e-09   7.453532e-09   7.600007e-09   7.362212e-09   8.505148e-09   9.418386e-09   8.869651e-09   1.150380e-08   9.746616e-09
Sc45  4.776874e-08   5.077981e-08   5.306157e-08   5.447670e-08   5.523146e-08   5.674803e-08   7.051564e-10   6.074389e-08   5.987518e-08   8.784436e-10   9.480538e-10   1.033706e-09   5.538125e-07   5.577938e-07   4.781009e-07   2.113858e-07   1.187032e-07   1.336156e-09   1.430169e-09   1.418262e-09   1.375698e-07   1.087375e-06   4.509296e-07   5.108693e-07   1.647759e-09   5.625705e-07   1.110466e-06   1.383969e-06   1.960980e-09   1.895694e-09   2.148113e-09   2.203148e-09   2.246443e-09   2.176155e-09   2.513989e-09   2.783928e-09   2.621731e-09   3.400345e-09   2.880948e-09
Ti46  3.025267e-07   3.260550e-07   3.452226e-07   3.565927e-07   3.512640e-07   3.579971e-07   4.332578e-09   3.818556e-07   3.682728e-07   5.397279e-09   5.824974e-09   6.351232e-09   1.041253e-05   7.214419e-06   6.308695e-06   3.225722e-06   1.385500e-06   8.209528e-09   8.787156e-09   8.713995e-09   1.667568e-06   1.699896e-05   2.853398e-06   1.101659e-05   1.012406e-08   3.767752e-06   1.224745e-05   1.101274e-05   1.204853e-08   1.164740e-08   1.319830e-08   1.353644e-08   1.380246e-08   1.337060e-08   1.544630e-08   1.710484e-08   1.610828e-08   2.089219e-08   1.770094e-08
Ti47  3.039824e-07   3.293356e-07   3.463669e-07   3.460636e-07   3.637113e-07   3.435083e-07   3.991025e-09   3.751071e-07   3.640549e-07   4.971791e-09   5.365769e-09   5.850541e-09   8.098503e-07   7.764589e-07   6.757509e-07   6.498596e-07   5.870515e-07   7.562340e-09   8.094432e-09   8.027038e-09   7.085820e-07   9.588190e-07   9.713246e-07   9.144570e-07   9.325944e-09   1.032162e-06   1.450463e-06   1.693508e-06   1.109870e-08   1.072919e-08   1.215783e-08   1.246932e-08   1.271436e-08   1.231654e-08   1.422861e-08   1.575640e-08   1.483840e-08   1.924518e-08   1.630551e-08
Ti48  5.159067e-06   6.736172e-06   7.191076e-06   7.770072e-06   7.835105e-06   7.305793e-06   4.040081e-08   8.730197e-06   7.296097e-06   5.032902e-08   5.431723e-08   5.922454e-08   1.214550e-05   1.105808e-05   1.248623e-05   1.867305e-05   2.312808e-05   7.655294e-08   8.193926e-08   8.125703e-08   2.647467e-05   1.779251e-05   2.266667e-05   2.302439e-05   9.440575e-08   2.739321e-05   2.209405e-05   2.064143e-05   1.123512e-07   1.086107e-07   1.230727e-07   1.262258e-07   1.287064e-07   1.246793e-07   1.440350e-07   1.595007e-07   1.502079e-07   1.948173e-07   1.650593e-07
Ti49  3.148991e-07   3.181851e-07   3.435856e-07   3.603223e-07   3.396835e-07   3.582708e-07   3.026116e-09   3.860282e-07   3.487790e-07   3.769762e-09   4.068488e-09   4.436057e-09   9.482929e-07   8.492448e-07   7.652612e-07   8.581733e-07   9.834670e-07   5.733995e-09   6.137443e-09   6.086343e-09   1.101420e-06   1.185870e-06   1.105583e-06   1.231206e-06   7.071213e-09   1.298005e-06   1.780669e-06   1.825213e-06   8.415373e-09   8.135200e-09   9.218435e-09   9.454613e-09   9.640413e-09   9.338776e-09   1.078856e-08   1.194698e-08   1.125092e-08   1.459228e-08   1.236333e-08
Ti50  1.916396e-07   1.975017e-07   2.029707e-07   2.086845e-07   2.144013e-07   2.209437e-07   2.959877e-09   2.320267e-07   2.363827e-07   3.687246e-09   3.979434e-09   4.338956e-09   2.767534e-07   2.853226e-07   2.936563e-07   3.194550e-07   3.413853e-07   5.608484e-09   6.003101e-09   5.953119e-09   3.986557e-07   3.719599e-07   3.679874e-07   4.341104e-07   6.916432e-09   3.995502e-07   3.991783e-07   4.198686e-07   8.231169e-09   7.957129e-09   9.016653e-09   9.247661e-09   9.429394e-09   9.134359e-09   1.055241e-08   1.168547e-08   1.100465e-08   1.427287e-08   1.209271e-08
V50   1.178360e-09   1.396429e-09   1.504518e-09   1.524978e-09   1.458250e-09   1.543693e-09   1.595438e-11   1.701893e-09   1.680786e-09   1.987506e-11   2.145001e-11   2.338792e-11   1.445302e-08   1.529385e-08   7.596046e-09   4.995188e-09   4.385080e-09   3.023095e-11   3.235802e-11   3.208861e-11   5.428198e-09   9.941211e-09   3.349989e-08   1.015725e-08   3.728107e-11   4.330855e-08   5.085206e-08   6.885507e-08   4.436779e-11   4.289066e-11   4.860172e-11   4.984691e-11   5.082648e-11   4.923619e-11   5.687979e-11   6.298725e-11   5.931747e-11   7.693387e-11   6.518234e-11
V51   7.072217e-07   8.489642e-07   9.173680e-07   9.472995e-07   8.242771e-07   9.360072e-07   6.500663e-09   9.447829e-07   8.269160e-07   8.098155e-09   8.739875e-09   9.529481e-09   2.523311e-06   1.984184e-06   1.884366e-06   2.138214e-06   2.495372e-06   1.231769e-08   1.318438e-08   1.307460e-08   2.816656e-06   3.220363e-06   2.406173e-06   3.506969e-06   1.519029e-08   2.752162e-06   3.304136e-06   3.034677e-06   1.807779e-08   1.747593e-08   1.980292e-08   2.031028e-08   2.070941e-08   2.006144e-08   2.317585e-08   2.566435e-08   2.416909e-08   3.134694e-08   2.655875e-08
Cr50  1.040809e-06   1.224792e-06   1.307269e-06   1.357843e-06   1.314025e-06   1.334029e-06   1.324457e-08   1.446424e-06   1.293045e-06   1.649933e-08   1.780678e-08   1.941554e-08   8.658005e-06   5.130039e-06   4.711807e-06   5.477744e-06   5.142713e-06   2.509630e-08   2.686209e-08   2.663844e-08   6.133747e-06   1.262080e-05   3.961559e-06   1.233195e-05   3.094897e-08   4.623904e-06   6.270943e-06   5.734605e-06   3.683203e-08   3.560579e-08   4.034684e-08   4.138053e-08   4.219373e-08   4.087354e-08   4.721890e-08   5.228902e-08   4.924255e-08   6.386684e-08   5.411128e-08
Cr52  3.803035e-05   5.355861e-05   5.960213e-05   6.622800e-05   4.965315e-05   6.155498e-05   2.655968e-07   6.477815e-05   4.922936e-05   3.308653e-07   3.570840e-07   3.893448e-07   1.048197e-04   9.466812e-05   1.071658e-04   1.508442e-04   2.129228e-04   5.032625e-07   5.386724e-07   5.341875e-07   2.240434e-04   1.575650e-04   1.860835e-04   2.038106e-04   6.206277e-07   2.299632e-04   1.926705e-04   1.659285e-04   7.386022e-07   7.140120e-07   8.090855e-07   8.298144e-07   8.461217e-07   8.196476e-07   9.468927e-07   1.048565e-06   9.874734e-07   1.280738e-06   1.085107e-06
Cr53  3.378165e-06   4.411323e-06   4.866157e-06   5.211750e-06   4.289513e-06   4.976136e-06   3.069498e-08   5.163701e-06   4.317637e-06   3.823805e-08   4.126814e-08   4.499652e-08   9.167305e-06   8.551047e-06   8.729241e-06   1.201535e-05   1.632215e-05   5.816197e-08   6.225428e-08   6.173596e-08   1.752247e-05   1.314499e-05   1.413631e-05   1.571250e-05   7.172585e-08   1.679863e-05   1.521269e-05   1.323136e-05   8.536014e-08   8.251825e-08   9.350588e-08   9.590152e-08   9.778615e-08   9.472654e-08   1.094322e-07   1.211825e-07   1.141221e-07   1.480147e-07   1.254057e-07
Cr54  5.225733e-07   5.629862e-07   5.918042e-07   6.120141e-07   6.014854e-07   6.380718e-07   7.784039e-09   6.603162e-07   6.621449e-07   9.696911e-09   1.046532e-08   1.141081e-08   9.247468e-07   9.217726e-07   9.398884e-07   1.067805e-06   1.154816e-06   1.474948e-08   1.578727e-08   1.565582e-08   1.402131e-06   1.276786e-06   1.201685e-06   1.557078e-06   1.818919e-08   1.325435e-06   1.362951e-06   1.416391e-06   2.164675e-08   2.092607e-08   2.371246e-08   2.431998e-08   2.479791e-08   2.402201e-08   2.775128e-08   3.073106e-08   2.894061e-08   3.753553e-08   3.180204e-08
Mn55  2.148362e-05   2.863651e-05   2.957942e-05   3.031452e-05   2.648132e-05   3.094148e-05   2.322153e-07   3.092667e-05   2.662592e-05   2.892805e-07   3.122039e-07   3.404101e-07   4.859781e-05   4.615305e-05   4.748686e-05   5.994583e-05   7.707779e-05   4.400100e-07   4.709694e-07   4.670482e-07   9.138219e-05   6.530429e-05   7.006624e-05   7.829771e-05   5.426242e-07   7.783059e-05   7.351416e-05   6.540048e-05   6.457711e-07   6.242715e-07   7.073957e-07   7.255193e-07   7.397770e-07   7.166303e-07   8.278826e-07   9.167763e-07   8.633630e-07   1.119769e-06   9.487258e-07
Fe54  9.559205e-05   1.149669e-04   1.233584e-04   1.282747e-04   1.211785e-04   1.277027e-04   1.278519e-06   1.338744e-04   1.216855e-04   1.592706e-06   1.718917e-06   1.874212e-06   2.350272e-04   2.135285e-04   2.132597e-04   2.986000e-04   3.711011e-04   2.422585e-06   2.593040e-06   2.571450e-06   4.319849e-04   2.822767e-04   3.108658e-04   3.542709e-04   2.987553e-06   3.421389e-04   3.094948e-04   2.761032e-04   3.555454e-06   3.437082e-06   3.894744e-06   3.994528e-06   4.073027e-06   3.945587e-06   4.558114e-06   5.047541e-06   4.753460e-06   6.165166e-06   5.223447e-06
Fe56  3.100649e-03   5.259459e-03   5.592491e-03   6.023630e-03   4.885696e-03   5.582854e-03   2.081245e-05   6.117018e-03   4.151256e-03   2.592696e-05   2.798148e-05   3.050947e-05   6.739644e-03   6.955857e-03   7.436913e-03   1.163678e-02   1.691262e-02   3.943618e-05   4.221094e-05   4.185949e-05   2.031224e-02   9.338810e-03   1.410741e-02   1.307387e-02   4.863305e-05   1.607641e-02   1.218743e-02   1.114624e-02   5.787765e-05   5.595073e-05   6.340080e-05   6.502514e-05   6.630299e-05   6.422846e-05   7.419951e-05   8.216667e-05   7.737946e-05   1.003600e-04   8.503016e-05
Fe57  8.908666e-05   1.729484e-04   1.841124e-04   1.922029e-04   1.648371e-04   1.770380e-04   4.892702e-07   1.951603e-04   1.333766e-04   6.095048e-07   6.578036e-07   7.172330e-07   1.928168e-04   1.890972e-04   2.083976e-04   3.453368e-04   4.643525e-04   9.270870e-07   9.923175e-07   9.840555e-07   6.067273e-04   2.715958e-04   3.886419e-04   3.751422e-04   1.143292e-06   4.561485e-04   3.222943e-04   2.949561e-04   1.360619e-06   1.315320e-06   1.490460e-06   1.528646e-06   1.558686e-06   1.509917e-06   1.744322e-06   1.931618e-06   1.819078e-06   2.359317e-06   1.998935e-06
Fe58  5.247203e-06   7.703706e-06   1.135166e-05   1.310091e-05   8.028494e-06   1.052715e-05   6.622746e-08   9.483337e-06   9.333538e-06   8.250239e-08   8.904010e-08   9.708445e-08   1.145684e-05   1.258162e-05   1.329103e-05   1.859776e-05   2.224561e-05   1.254902e-07   1.343198e-07   1.332015e-07   3.097704e-05   2.472247e-05   2.291562e-05   3.624777e-05   1.547556e-07   2.774739e-05   2.726464e-05   3.333388e-05   1.841730e-07   1.780413e-07   2.017482e-07   2.069171e-07   2.109833e-07   2.043819e-07   2.361109e-07   2.614633e-07   2.462299e-07   3.193564e-07   2.705752e-07
Co59  7.500148e-06   1.265785e-05   1.656681e-05   1.823518e-05   1.133415e-05   1.288653e-05   6.200513e-08   1.335257e-05   9.969844e-06   7.724245e-08   8.336335e-08   9.089483e-08   1.637380e-05   1.594702e-05   1.834448e-05   2.166715e-05   2.895004e-05   1.174896e-07   1.257562e-07   1.247092e-07   3.695512e-05   2.468860e-05   3.164840e-05   2.862143e-05   1.448892e-07   3.191289e-05   3.535821e-05   3.989816e-05   1.724310e-07   1.666903e-07   1.888858e-07   1.937251e-07   1.975321e-07   1.913516e-07   2.210577e-07   2.447937e-07   2.305315e-07   2.989958e-07   2.533247e-07
Ni58  9.217296e-05   2.887311e-04   3.855224e-04   3.962234e-04   2.414288e-04   3.155375e-04   8.921431e-07   2.896754e-04   2.123957e-04   1.111381e-06   1.199450e-06   1.307814e-06   1.429249e-04   1.423941e-04   1.506610e-04   2.232600e-04   2.062478e-04   1.690465e-06   1.809408e-06   1.794343e-06   2.705578e-04   1.677580e-04   1.910800e-04   1.923189e-04   2.084697e-06   2.196252e-04   1.894353e-04   2.199870e-04   2.480975e-06   2.398376e-06   2.717729e-06   2.787358e-06   2.842134e-06   2.753207e-06   3.180625e-06   3.522144e-06   3.316936e-06   4.302016e-06   3.644890e-06
Ni60  7.985068e-05   1.298947e-04   1.371559e-04   1.530660e-04   1.379421e-04   1.341148e-04   3.554882e-07   1.589026e-04   1.082664e-04   4.428469e-07   4.779393e-07   5.211188e-07   1.584455e-04   1.734544e-04   1.722502e-04   2.986569e-04   4.356457e-04   6.735921e-07   7.209864e-07   7.149836e-07   5.282978e-04   2.388142e-04   3.642064e-04   3.280704e-04   8.306796e-07   4.302339e-04   3.219723e-04   3.243525e-04   9.885826e-07   9.556698e-07   1.082921e-06   1.110666e-06   1.132492e-06   1.097058e-06   1.267369e-06   1.403453e-06   1.321684e-06   1.714205e-06   1.452363e-06
Ni61  3.667113e-06   7.738918e-06   9.514406e-06   1.021895e-05   7.732917e-06   8.139980e-06   1.571074e-08   8.813031e-06   6.449240e-06   1.957154e-08   2.112244e-08   2.303076e-08   7.243147e-06   7.335430e-06   7.796135e-06   1.368058e-05   1.773174e-05   2.976929e-08   3.186387e-08   3.159858e-08   2.317669e-05   1.150563e-05   1.629521e-05   1.610608e-05   3.671174e-08   2.050136e-05   1.469700e-05   1.618437e-05   4.369024e-08   4.223566e-08   4.785951e-08   4.908568e-08   5.005030e-08   4.848429e-08   5.601116e-08   6.202535e-08   5.841162e-08   7.575899e-08   6.418692e-08
Ni62  1.461717e-05   4.792896e-05   5.832111e-05   5.331719e-05   4.323526e-05   4.717666e-05   5.091261e-08   5.041888e-05   3.437795e-05   6.342402e-08   6.844991e-08   7.463403e-08   2.581787e-05   2.523263e-05   2.687860e-05   5.076179e-05   5.940701e-05   9.647107e-08   1.032588e-07   1.023991e-07   7.895056e-05   3.679361e-05   5.127373e-05   4.805697e-05   1.189690e-07   6.312261e-05   4.605306e-05   4.977205e-05   1.415836e-07   1.368699e-07   1.550947e-07   1.590682e-07   1.621942e-07   1.571194e-07   1.815111e-07   2.010009e-07   1.892901e-07   2.455064e-07   2.080057e-07
Ni64  9.273445e-07   9.682307e-07   1.033924e-06   1.094387e-06   1.058380e-06   1.070805e-06   1.338460e-08   1.160215e-06   1.145856e-06   1.667377e-08   1.799504e-08   1.962081e-08   1.780837e-06   1.929617e-06   2.006454e-06   2.283529e-06   2.573663e-06   2.536163e-08   2.714609e-08   2.692008e-08   3.197910e-06   2.632820e-06   3.016159e-06   3.425366e-06   3.127619e-08   3.478629e-06   3.118554e-06   3.765443e-06   3.722144e-08   3.598223e-08   4.077341e-08   4.181803e-08   4.263983e-08   4.130568e-08   4.771812e-08   5.284185e-08   4.976317e-08   6.454208e-08   5.468338e-08
Cu63  1.132747e-06   1.625893e-06   2.742180e-06   3.047871e-06   1.627523e-06   1.841661e-06   1.082713e-08   1.775963e-06   1.688028e-06   1.348782e-08   1.455663e-08   1.587176e-08   2.184861e-06   2.426680e-06   2.610640e-06   3.059343e-06   3.977887e-06   2.051565e-08   2.195914e-08   2.177631e-08   5.058752e-06   3.473787e-06   4.218374e-06   4.666587e-06   2.530007e-08   5.204839e-06   4.687856e-06   5.953905e-06   3.010934e-08   2.910691e-08   3.298261e-08   3.382763e-08   3.449240e-08   3.341318e-08   3.860036e-08   4.274507e-08   4.025465e-08   5.220967e-08   4.423473e-08
Cu65  3.787609e-07   4.700414e-07   5.727609e-07   5.927881e-07   5.007856e-07   5.210165e-07   4.978097e-09   5.466497e-07   5.266221e-07   6.201429e-09   6.692847e-09   7.297514e-09   6.316311e-07   6.959013e-07   6.930920e-07   8.172118e-07   9.525895e-07   9.432681e-09   1.009637e-08   1.001231e-08   1.166443e-06   9.495333e-07   1.182164e-06   1.209463e-06   1.163246e-08   1.445833e-06   1.401558e-06   1.685066e-06   1.384367e-08   1.338277e-08   1.516474e-08   1.555326e-08   1.585891e-08   1.536271e-08   1.774767e-08   1.965332e-08   1.850828e-08   2.400496e-08   2.033824e-08
Zn64  2.265997e-06   2.026337e-06   4.799969e-06   7.106654e-06   2.442815e-06   2.201137e-06   1.841368e-08   2.558939e-06   2.394895e-06   2.293871e-08   2.475643e-08   2.699306e-08   2.998316e-06   5.765688e-06   4.385457e-06   5.059502e-06   8.161793e-06   3.489091e-08   3.734586e-08   3.703492e-08   8.531483e-06   4.755246e-06   6.991955e-06   6.746279e-06   4.302778e-08   9.410844e-06   7.771213e-06   9.912604e-06   5.120688e-08   4.950205e-08   5.609345e-08   5.753058e-08   5.866115e-08   5.682572e-08   6.564754e-08   7.269644e-08   6.846099e-08   8.879287e-08   7.522990e-08
Zn66  9.812675e-07   1.700686e-06   1.690152e-06   1.502117e-06   1.697671e-06   1.684938e-06   1.070913e-08   1.896191e-06   1.556962e-06   1.334082e-08   1.439798e-08   1.569877e-08   1.586118e-06   1.612808e-06   1.716128e-06   2.223784e-06   2.566931e-06   2.029205e-08   2.171981e-08   2.153897e-08   3.162477e-06   2.369917e-06   2.735251e-06   2.640977e-06   2.502433e-08   3.399435e-06   3.287903e-06   3.444029e-06   2.978118e-08   2.878968e-08   3.262314e-08   3.345895e-08   3.411648e-08   3.304901e-08   3.817966e-08   4.227920e-08   3.981592e-08   5.164065e-08   4.375262e-08
Zn67  1.073980e-07   1.169869e-07   1.605878e-07   1.728022e-07   1.281614e-07   1.310540e-07   1.583916e-09   1.355341e-07   1.393850e-07   1.973152e-09   2.129510e-09   2.321901e-09   1.551681e-07   1.674825e-07   1.670869e-07   1.880899e-07   2.157620e-07   3.001263e-09   3.212433e-09   3.185687e-09   2.583495e-07   2.136716e-07   2.102476e-07   2.644821e-07   3.701183e-09   2.293242e-07   2.226928e-07   2.472692e-07   4.404737e-09   4.258091e-09   4.825072e-09   4.948692e-09   5.045942e-09   4.888061e-09   5.646901e-09   6.253236e-09   5.888909e-09   7.637826e-09   6.471160e-09
Zn68  4.811373e-07   4.939075e-07   6.831430e-07   7.876739e-07   5.330949e-07   5.501633e-07   7.340454e-09   5.725921e-07   5.863496e-07   9.144319e-09   9.868939e-09   1.076055e-08   6.996605e-07   7.515426e-07   7.472181e-07   7.913204e-07   8.450606e-07   1.390896e-08   1.488761e-08   1.476365e-08   9.846339e-07   9.070092e-07   9.785614e-07   1.038396e-06   1.715265e-08   1.039910e-06   1.068573e-06   1.169841e-06   2.041318e-08   1.973357e-08   2.236117e-08   2.293407e-08   2.338476e-08   2.265308e-08   2.616983e-08   2.897981e-08   2.729138e-08   3.539651e-08   2.998975e-08
Zn70  1.630323e-08   1.709396e-08   1.762980e-08   1.829816e-08   1.867421e-08   1.887357e-08   2.501089e-10   2.133375e-08   1.952675e-08   3.115714e-10   3.362612e-10   3.666408e-10   2.139723e-08   2.183981e-08   2.223392e-08   2.460050e-08   3.082119e-08   4.739156e-10   5.072606e-10   5.030371e-10   2.704815e-08   2.473469e-08   2.596125e-08   2.574073e-08   5.844368e-10   2.722035e-08   2.672627e-08   2.653390e-08   6.955318e-10   6.723755e-10   7.619050e-10   7.814251e-10   7.967815e-10   7.718512e-10   8.916761e-10   9.874197e-10   9.298905e-10   1.206054e-09   1.021831e-09
Ga69  4.603413e-08   4.803186e-08   5.491855e-08   5.997188e-08   5.224009e-08   5.329540e-08   6.964179e-10   5.694989e-08   5.678744e-08   8.675577e-10   9.363053e-10   1.020896e-09   7.174776e-08   7.708742e-08   7.793588e-08   8.256211e-08   9.432625e-08   1.319598e-09   1.412446e-09   1.400686e-09   1.114292e-07   1.005030e-07   1.136431e-07   1.131848e-07   1.627340e-09   1.337811e-07   1.466532e-07   1.656219e-07   1.936679e-09   1.872202e-09   2.121493e-09   2.175846e-09   2.218605e-09   2.149188e-09   2.482835e-09   2.749429e-09   2.589241e-09   3.358207e-09   2.845246e-09
Ga71  3.115517e-08   3.211395e-08   3.412168e-08   3.511372e-08   3.470467e-08   3.562069e-08   4.756006e-10   3.772904e-08   3.820801e-08   5.924761e-10   6.394255e-10   6.971945e-10   4.546129e-08   4.748846e-08   4.851663e-08   5.246074e-08   5.767609e-08   9.011855e-10   9.645935e-10   9.565624e-10   6.769627e-08   6.269551e-08   6.430125e-08   7.318018e-08   1.111350e-09   7.100203e-08   7.059421e-08   8.088687e-08   1.322605e-09   1.278572e-09   1.448819e-09   1.485938e-09   1.515139e-09   1.467732e-09   1.695588e-09   1.877652e-09   1.768256e-09   2.293401e-09   1.943087e-09
Ge70  5.312672e-08   5.624631e-08   5.731928e-08   5.854827e-08   6.053072e-08   6.173653e-08   8.024583e-10   6.471876e-08   6.637397e-08   9.996567e-10   1.078872e-09   1.176343e-09   9.262955e-08   9.805092e-08   1.034703e-07   9.370712e-08   1.017379e-07   1.520527e-09   1.627513e-09   1.613962e-09   1.285992e-07   1.637009e-07   1.438507e-07   1.370895e-07   1.875128e-09   1.755120e-07   2.280673e-07   2.376861e-07   2.231569e-09   2.157273e-09   2.444523e-09   2.507152e-09   2.556422e-09   2.476434e-09   2.860885e-09   3.168072e-09   2.983493e-09   3.869546e-09   3.278479e-09
Ge72  7.204936e-08   7.352322e-08   8.021668e-08   8.334211e-08   7.929433e-08   8.139269e-08   1.103651e-09   8.523225e-08   8.725500e-08   1.374865e-09   1.483813e-09   1.617868e-09   1.049723e-07   1.098669e-07   1.124831e-07   1.153025e-07   1.229279e-07   2.091238e-09   2.238378e-09   2.219742e-09   1.390235e-07   1.382066e-07   1.501830e-07   1.467176e-07   2.578932e-09   1.670618e-07   1.719983e-07   1.833606e-07   3.069159e-09   2.966978e-09   3.362043e-09   3.448179e-09   3.515941e-09   3.405932e-09   3.934681e-09   4.357167e-09   4.103309e-09   5.321930e-09   4.509013e-09
Ge73  2.073626e-08   2.123793e-08   2.206661e-08   2.275235e-08   2.293886e-08   2.354194e-08   3.163875e-10   2.460565e-08   2.557724e-08   3.941375e-10   4.253700e-10   4.638001e-10   2.930526e-08   3.044465e-08   3.126893e-08   3.406155e-08   3.770254e-08   5.995026e-10   6.416840e-10   6.363414e-10   4.268241e-08   3.738914e-08   3.867351e-08   4.298028e-08   7.393119e-10   4.162817e-08   4.029147e-08   4.312220e-08   8.798469e-10   8.505542e-10   9.638089e-10   9.885019e-10   1.007928e-09   9.763908e-10   1.127969e-09   1.249085e-09   1.176310e-09   1.525657e-09   1.292615e-09
Ge74  9.725578e-08   9.984632e-08   1.023725e-07   1.049931e-07   1.074619e-07   1.102715e-07   1.509474e-09   1.152194e-07   1.179805e-07   1.880417e-09   2.029426e-09   2.212775e-09   1.360685e-07   1.404730e-07   1.432301e-07   1.494533e-07   1.543503e-07   2.860207e-09   3.061453e-09   3.035963e-09   1.721671e-07   1.656235e-07   1.739824e-07   1.798068e-07   3.527232e-09   1.857031e-07   1.837260e-07   1.903558e-07   4.197720e-09   4.057965e-09   4.598300e-09   4.716109e-09   4.808789e-09   4.658328e-09   5.381503e-09   5.959341e-09   5.612137e-09   7.278857e-09   6.167023e-09
