# Cinquegrana, Heger & Karakas 2025
M      10.5   10.8   11.0   11.3   11.5   11.8   12.0   12.3   12.5   12.8   13.0   13.3   13.5   13.8   14.0   14.3   14.5   14.8   15.0   15.3   15.5   15.8   16.0   16.3   16.5   16.8   17.0   17.3   17.5   17.8   18.0   18.3   18.5   18.8   19.0   19.3   19.5   19.8
E      1.0   1.0   1.0   1.0   1.0   1.0   1.0   1.0   1.0   1.0   1.0   1.0   1.0   1.0   1.0   1.0   1.0   1.0   1.0   1.0   1.0   1.0   1.0   1.0   1.0   1.0   1.0   1.0   1.0   1.0   1.0   1.0   1.0   1.0   1.0   1.0   1.0   1.0
Mrem   1.562   1.563   1.523   1.541   11.181   1.575   1.654   1.615   1.633   1.686   1.689   1.626   1.631   1.656   13.271   1.416   1.427   1.451   1.472   1.518   1.560   1.593   15.055   15.259   15.494   15.711   1.544   1.506   16.379   1.704   1.680   1.633   1.589   17.441   17.218   17.593   17.632   18.136
H1    6.352041e+00   6.484275e+00   6.569218e+00   6.713345e+00   2.347533e-01   6.999717e+00   7.143580e+00   7.247049e+00   7.381977e+00   7.534206e+00   7.659796e+00   7.793661e+00   7.911792e+00   8.028329e+00   5.358853e-01   7.921881e+00   8.020844e+00   8.141736e+00   8.214594e+00   8.369638e+00   8.497203e+00   8.597628e+00   6.931736e-01   7.268099e-01   7.378976e-01   7.614278e-01   8.867053e+00   7.573499e+00   8.208851e-01   9.272551e+00   9.324948e+00   7.867274e+00   9.310558e+00   9.577923e-01   1.302358e+00   1.212149e+00   1.365706e+00   1.179940e+00
H2    6.393910e-08   6.671151e-08   6.930335e-08   7.283995e-08   5.768904e-08   7.852094e-08   8.117794e-08   8.394336e-08   8.621801e-08   8.902226e-08   9.224907e-08   9.632558e-08   9.922057e-08   1.014889e-07   7.809598e-08   1.000033e-07   1.023089e-07   1.047768e-07   1.078620e-07   1.136088e-07   1.161716e-07   1.186085e-07   9.576468e-08   9.807406e-08   1.004573e-07   1.025744e-07   1.264892e-07   1.259873e-07   1.099588e-07   1.381938e-07   1.410400e-07   1.338357e-07   1.423065e-07   1.219582e-07   1.247304e-07   1.274176e-07   1.297528e-07   1.317131e-07
He3   3.861098e-04   3.992622e-04   4.017615e-04   4.077413e-04   2.299450e-05   4.183724e-04   4.239736e-04   4.272075e-04   4.324829e-04   4.388950e-04   4.438702e-04   4.487131e-04   4.531563e-04   4.583919e-04   4.663582e-05   4.471722e-04   4.505487e-04   4.554243e-04   4.577974e-04   4.646784e-04   4.701922e-04   4.737010e-04   6.149217e-05   6.428289e-05   6.569026e-05   6.791522e-05   4.813034e-04   4.097220e-04   7.393586e-05   4.995253e-04   5.012508e-04   4.237750e-04   4.988679e-04   8.738065e-05   1.129993e-04   1.073080e-04   1.191743e-04   1.067325e-04
He4   2.513418e+00   2.608830e+00   2.729712e+00   2.820078e+00   8.239385e-02   2.993635e+00   3.065995e+00   3.157543e+00   3.252688e+00   3.346601e+00   3.446902e+00   3.604173e+00   3.717734e+00   3.805814e+00   1.888824e-01   4.412819e+00   4.517333e+00   4.608352e+00   4.715700e+00   4.779593e+00   4.863099e+00   4.955848e+00   2.456332e-01   2.575619e-01   2.620057e-01   2.708636e-01   5.510646e+00   4.750802e+00   2.927232e-01   5.783809e+00   5.898905e+00   5.092777e+00   6.037031e+00   3.433969e-01   4.682976e-01   4.346568e-01   4.905671e-01   4.243042e-01
Li6   1.372595e-11   1.430912e-11   1.488815e-11   1.582489e-11   1.330002e-11   1.665777e-11   1.712038e-11   1.738284e-11   1.779029e-11   1.820441e-11   1.851584e-11   1.846189e-11   1.872541e-11   1.916764e-11   1.589007e-11   1.861866e-11   1.885160e-11   1.924833e-11   1.952513e-11   1.997594e-11   2.032752e-11   2.061794e-11   1.798068e-11   1.825703e-11   1.849372e-11   1.873386e-11   2.153223e-11   1.853228e-11   1.949114e-11   2.280298e-11   2.294059e-11   1.950102e-11   2.330412e-11   2.072667e-11   2.102663e-11   2.125703e-11   2.154332e-11   2.180459e-11
Li7   1.704925e-08   2.351285e-08   4.611106e-08   5.065708e-08   5.858000e-10   5.653122e-08   5.507511e-08   6.236909e-08   6.563561e-08   6.282075e-08   6.695734e-08   8.678889e-08   9.235393e-08   9.708298e-08   6.971317e-10   1.466740e-07   1.423220e-07   1.467211e-07   1.545367e-07   1.513934e-07   1.496340e-07   1.484402e-07   7.826294e-10   7.933445e-10   8.042715e-10   8.146209e-10   1.467901e-07   2.383951e-07   8.464658e-10   1.653578e-07   1.709247e-07   2.265222e-07   1.529976e-07   8.997225e-10   9.053152e-10   9.169019e-10   9.295683e-10   9.422430e-10
Be9   9.470638e-12   1.056546e-11   1.349638e-11   1.531464e-11   1.187161e-11   1.608141e-11   1.644882e-11   1.664052e-11   1.708049e-11   1.746041e-11   1.771738e-11   1.759216e-11   1.776681e-11   1.814714e-11   1.437182e-11   1.769312e-11   1.817325e-11   1.829800e-11   1.855839e-11   1.868076e-11   1.895580e-11   1.918771e-11   1.610394e-11   1.629538e-11   1.649620e-11   1.668237e-11   2.033585e-11   1.760878e-11   1.725876e-11   2.080241e-11   2.086427e-11   1.796064e-11   2.181931e-11   1.820607e-11   1.838019e-11   1.858067e-11   1.874043e-11   1.895182e-11
B10   2.718408e-10   3.084865e-10   3.745863e-10   3.887533e-10   8.950075e-11   4.080719e-10   4.150100e-10   4.241944e-10   4.335232e-10   4.411722e-10   4.505013e-10   4.692728e-10   4.803534e-10   4.886638e-10   1.347574e-10   5.068066e-10   4.992399e-10   5.106858e-10   5.179044e-10   4.881710e-10   4.888830e-10   4.933617e-10   1.887839e-10   1.963175e-10   2.042948e-10   2.125074e-10   5.074000e-10   3.994033e-10   2.370398e-10   5.224198e-10   5.312970e-10   4.228265e-10   5.261439e-10   2.850454e-10   3.058975e-10   3.111419e-10   3.247568e-10   3.295631e-10
B11   2.457133e-08   3.197927e-08   3.042557e-08   3.622134e-08   3.934927e-10   4.628428e-08   4.557864e-08   4.462291e-08   5.848777e-08   6.074426e-08   5.837904e-08   4.022147e-08   3.990515e-08   4.431518e-08   5.744268e-10   2.848687e-07   3.083330e-07   3.416729e-07   4.533927e-07   2.729358e-07   2.978203e-07   3.246935e-07   8.063455e-10   8.370656e-10   8.717911e-10   9.060562e-10   4.313776e-07   2.496868e-07   1.007152e-09   4.839838e-07   4.661728e-07   2.803507e-07   4.741420e-07   1.188434e-09   1.237334e-09   1.262762e-09   1.299027e-09   1.325162e-09
C12   9.846049e-03   1.122944e-02   1.173402e-02   1.273702e-02   3.217155e-04   1.403892e-02   1.437303e-02   1.535496e-02   1.652004e-02   1.722836e-02   1.778600e-02   2.066932e-02   2.273025e-02   2.372942e-02   6.816729e-04   7.585906e-02   8.234454e-02   8.686825e-02   9.936961e-02   8.446530e-02   8.622662e-02   9.063880e-02   9.080237e-04   9.509543e-04   9.709163e-04   1.004420e-03   1.387737e-01   1.243486e-01   1.092930e-03   1.369687e-01   1.452504e-01   1.318045e-01   1.769137e-01   1.292181e-03   1.720052e-03   1.619154e-03   1.816192e-03   1.594597e-03
C13   3.248408e-04   3.197810e-04   3.264407e-04   3.349044e-04   6.336979e-06   3.511064e-04   3.594481e-04   3.660051e-04   3.745417e-04   3.834796e-04   3.917348e-04   4.001182e-04   4.080799e-04   4.158523e-04   2.293496e-05   4.179865e-04   4.247892e-04   4.325263e-04   4.397739e-04   4.479529e-04   4.561856e-04   4.628893e-04   2.887330e-05   3.047908e-05   3.026474e-05   3.107050e-05   4.854383e-04   4.184462e-04   3.247201e-05   5.140967e-04   5.183981e-04   4.412080e-04   5.192655e-04   3.620782e-05   5.940036e-05   5.228494e-05   6.217895e-05   4.662692e-05
N14   9.353863e-03   9.682394e-03   1.019040e-02   1.054396e-02   1.224713e-04   1.128690e-02   1.158644e-02   1.200517e-02   1.241014e-02   1.277845e-02   1.318992e-02   1.381567e-02   1.427415e-02   1.461310e-02   3.369417e-04   1.589849e-02   1.611812e-02   1.653535e-02   1.680263e-02   1.686973e-02   1.713382e-02   1.752613e-02   4.151297e-04   4.363095e-04   4.410598e-04   4.564207e-04   1.912129e-02   1.646515e-02   4.856251e-04   2.050888e-02   2.095329e-02   1.775045e-02   2.110544e-02   5.601671e-04   8.030190e-04   7.207473e-04   8.228483e-04   6.924555e-04
N15   3.471612e-06   3.948919e-06   3.779939e-06   3.979743e-06   2.074619e-07   4.225802e-06   4.305880e-06   4.466673e-06   4.593982e-06   4.730529e-06   4.977320e-06   5.587127e-06   5.931170e-06   6.116812e-06   3.940301e-07   1.591803e-05   1.920272e-05   1.924546e-05   1.710421e-05   1.305727e-05   1.403018e-05   1.421686e-05   5.312492e-07   5.551067e-07   5.701382e-07   5.907815e-07   2.615410e-05   1.829697e-05   6.479351e-07   2.124004e-05   2.325205e-05   2.132193e-05   3.285941e-05   7.717707e-07   9.653117e-07   9.281267e-07   1.020170e-06   9.360945e-07
O16   2.933915e-02   3.293857e-02   3.790289e-02   4.111703e-02   8.338421e-04   4.520754e-02   4.608359e-02   4.892190e-02   5.048874e-02   5.218835e-02   5.549048e-02   7.168747e-02   7.974208e-02   8.124514e-02   1.901530e-03   2.726236e-01   2.914574e-01   3.037606e-01   3.200399e-01   3.301407e-01   3.438094e-01   3.580995e-01   2.455059e-03   2.574312e-03   2.611597e-03   2.692430e-03   6.746388e-01   6.661679e-01   2.900998e-03   6.391290e-01   7.225351e-01   7.497637e-01   1.042056e+00   3.379857e-03   4.591512e-03   4.277909e-03   4.818057e-03   4.160600e-03
O17   4.341633e-05   4.328448e-05   4.218257e-05   4.180110e-05   3.959448e-07   4.110537e-05   4.106866e-05   3.980430e-05   3.875159e-05   3.915609e-05   3.872782e-05   3.777228e-05   3.710624e-05   3.696343e-05   9.074433e-07   3.729991e-05   3.954912e-05   3.822278e-05   3.691313e-05   3.349390e-05   3.244311e-05   3.205528e-05   1.101100e-06   1.151457e-06   1.173831e-06   1.211463e-06   3.404785e-05   2.482808e-05   1.274714e-06   3.097926e-05   3.216006e-05   2.661472e-05   3.599530e-05   1.466347e-06   2.060378e-06   1.863507e-06   2.103814e-06   1.786963e-06
O18   5.241294e-05   5.200468e-05   5.636772e-05   6.011490e-05   1.714454e-06   6.521157e-05   6.583706e-05   6.917049e-05   7.199512e-05   7.324608e-05   7.595759e-05   8.786338e-05   9.213884e-05   8.979191e-05   3.783093e-06   7.728539e-04   9.216936e-04   9.472167e-04   1.078446e-03   1.061626e-03   1.174554e-03   1.196128e-03   4.978573e-06   5.217900e-06   5.304288e-06   5.478432e-06   1.242311e-03   9.910238e-04   5.931679e-06   7.188403e-04   8.580037e-04   7.641439e-04   8.261362e-04   6.952758e-06   9.361425e-06   8.770149e-06   9.865656e-06   8.571990e-06
F19   3.963771e-06   4.167894e-06   2.121000e-06   2.174570e-06   7.572957e-08   2.249499e-06   2.320662e-06   2.436776e-06   2.376452e-06   2.407513e-06   2.573820e-06   3.237002e-06   3.283592e-06   3.357574e-06   1.728796e-07   6.473138e-06   6.663515e-06   6.928800e-06   5.078723e-06   2.781602e-06   2.958371e-06   3.008044e-06   2.229652e-07   2.338114e-07   2.371292e-07   2.444178e-07   1.008489e-05   3.453272e-06   2.633026e-07   3.758215e-06   3.743167e-06   3.659373e-06   1.053221e-05   3.066667e-07   4.165787e-07   3.881801e-07   4.371813e-07   3.774569e-07
Ne20  8.221239e-03   8.779318e-03   9.853839e-03   1.057600e-02   2.571723e-04   1.135488e-02   1.172519e-02   1.242971e-02   1.242626e-02   1.268325e-02   1.368942e-02   1.817706e-02   1.929850e-02   1.955595e-02   5.876403e-04   6.051999e-02   6.183862e-02   6.246935e-02   4.736362e-02   1.489393e-02   1.780929e-02   1.952453e-02   7.610546e-04   7.979890e-04   8.105325e-04   8.367392e-04   1.292197e-01   3.331906e-02   9.025769e-04   3.125241e-02   2.941667e-02   3.394953e-02   1.515796e-01   1.054415e-03   1.434712e-03   1.334465e-03   1.504119e-03   1.299852e-03
Ne21  3.604465e-05   3.979367e-05   3.861999e-05   4.195880e-05   6.746408e-07   4.805059e-05   5.101106e-05   5.348906e-05   5.793017e-05   6.121361e-05   6.573156e-05   6.580764e-05   6.434086e-05   6.919870e-05   1.575959e-06   1.396619e-04   1.517843e-04   1.549670e-04   1.490472e-04   9.689841e-05   1.139379e-04   1.223116e-04   2.069483e-06   2.164572e-06   2.214068e-06   2.300236e-06   2.152460e-04   1.023941e-04   2.474730e-06   1.823864e-04   1.755735e-04   1.055408e-04   2.039941e-04   2.886594e-06   3.960529e-06   3.640539e-06   4.116701e-06   3.551278e-06
Ne22  6.426595e-04   6.783030e-04   6.128974e-04   6.416668e-04   2.001019e-05   6.872924e-04   7.029984e-04   7.332870e-04   7.580504e-04   7.758205e-04   8.052801e-04   9.456451e-04   1.010876e-03   1.051004e-03   4.559878e-05   2.653652e-03   2.983800e-03   3.009840e-03   3.408209e-03   3.423599e-03   3.396194e-03   3.526252e-03   5.893782e-05   6.180448e-05   6.269180e-05   6.462907e-05   5.952844e-03   5.431241e-03   6.966569e-05   6.298781e-03   6.437360e-03   6.112615e-03   7.789541e-03   8.118830e-05   1.102056e-04   1.027487e-04   1.157098e-04   9.995722e-05
Na23  2.424935e-04   2.567382e-04   2.742745e-04   2.857028e-04   4.411946e-06   3.062967e-04   3.187939e-04   3.297676e-04   3.428256e-04   3.549792e-04   3.834535e-04   5.320267e-04   4.961398e-04   5.400122e-04   1.026124e-05   1.467352e-03   1.490547e-03   1.525278e-03   1.356469e-03   6.207731e-04   6.377483e-04   6.703238e-04   1.353686e-05   1.419715e-05   1.454968e-05   1.515638e-05   2.373419e-03   9.618095e-04   1.649892e-05   9.121165e-04   9.123916e-04   9.673028e-04   1.558671e-03   1.972591e-05   2.724405e-05   2.500347e-05   2.837827e-05   2.463561e-05
Mg24  2.033425e-03   2.218897e-03   2.644596e-03   2.853169e-03   6.147771e-05   3.024157e-03   3.040505e-03   3.310181e-03   3.196218e-03   3.235963e-03   3.393066e-03   3.966465e-03   4.980852e-03   4.501074e-03   1.404939e-04   1.106782e-02   1.149074e-02   1.102239e-02   8.039691e-03   7.485778e-03   9.049563e-03   8.876688e-03   1.819844e-04   1.908171e-04   1.938279e-04   2.001062e-04   2.749903e-02   1.895016e-02   2.158696e-04   1.102712e-02   1.520204e-02   2.618107e-02   5.506519e-02   2.522330e-04   3.432430e-04   3.192322e-04   3.598384e-04   3.109805e-04
Mg25  2.467862e-04   2.657309e-04   2.852164e-04   3.040672e-04   8.074051e-06   3.238116e-04   3.309942e-04   3.485421e-04   3.509873e-04   3.603985e-04   3.782086e-04   4.161759e-04   4.561357e-04   4.534538e-04   1.840955e-05   1.220163e-03   1.264087e-03   1.292878e-03   1.042894e-03   5.480343e-04   6.446467e-04   7.008761e-04   2.376928e-05   2.492370e-05   2.528531e-05   2.606923e-05   2.637500e-03   8.957989e-04   2.808977e-05   1.147160e-03   1.142603e-03   1.001480e-03   3.950059e-03   3.272708e-05   4.446693e-05   4.142408e-05   4.665578e-05   4.028861e-05
Mg26  3.107389e-04   3.307381e-04   3.500859e-04   3.677387e-04   9.313984e-06   3.921755e-04   4.018959e-04   4.293973e-04   4.262077e-04   4.366691e-04   4.568299e-04   5.206578e-04   5.831498e-04   5.780893e-04   2.132210e-05   1.244633e-03   1.286435e-03   1.317301e-03   1.090242e-03   7.106689e-04   8.154175e-04   8.858694e-04   2.768457e-05   2.902651e-05   2.951222e-05   3.049905e-05   2.890983e-03   1.172110e-03   3.292571e-05   1.339530e-03   1.380755e-03   1.355778e-03   4.444884e-03   3.854159e-05   5.249947e-05   4.876787e-05   5.499826e-05   4.755759e-05
Al27  2.191160e-04   2.326590e-04   2.584838e-04   2.691395e-04   6.988412e-06   2.852686e-04   2.904278e-04   3.118635e-04   3.028588e-04   3.098780e-04   3.249121e-04   3.758036e-04   4.373788e-04   4.106812e-04   1.597718e-05   8.636300e-04   9.004614e-04   8.710182e-04   7.316276e-04   9.194001e-04   1.136685e-03   1.135862e-03   2.071019e-05   2.171630e-05   2.206424e-05   2.278465e-05   2.034230e-03   2.138524e-03   2.458988e-05   1.440587e-03   1.978889e-03   2.799478e-03   3.905025e-03   2.876084e-05   3.915671e-05   3.640694e-05   4.104947e-05   3.548376e-05
Si28  3.000927e-03   3.468511e-03   4.458285e-03   4.838145e-03   8.165942e-05   5.253710e-03   5.134763e-03   5.035822e-03   5.608873e-03   5.645485e-03   5.503825e-03   4.706406e-03   4.867449e-03   5.058733e-03   1.866145e-04   1.921164e-02   2.156110e-02   2.161448e-02   3.897494e-02   5.296602e-02   4.763206e-02   4.958117e-02   2.417247e-04   2.534568e-04   2.574557e-04   2.657948e-04   2.374998e-02   7.462258e-02   2.867320e-04   7.133880e-02   7.869211e-02   7.806071e-02   3.223528e-02   3.350298e-04   4.559077e-04   4.240188e-04   4.779522e-04   4.130597e-04
Si29  1.297733e-04   1.372090e-04   1.500316e-04   1.561674e-04   4.294577e-06   1.656181e-04   1.668864e-04   1.725327e-04   1.752518e-04   1.795040e-04   1.821761e-04   1.828111e-04   2.053025e-04   1.973931e-04   9.814303e-06   2.735861e-04   2.913553e-04   2.836050e-04   3.086737e-04   7.704494e-04   9.478708e-04   9.824198e-04   1.271262e-05   1.332962e-05   1.353993e-05   1.397849e-05   5.758063e-04   1.196491e-03   1.507961e-05   1.324654e-03   1.656272e-03   1.717385e-03   1.306203e-03   1.761964e-05   2.397676e-05   2.229969e-05   2.513611e-05   2.172333e-05
Si30  9.726639e-05   1.064283e-04   1.239754e-04   1.301172e-04   2.928425e-06   1.392267e-04   1.394520e-04   1.406230e-04   1.454141e-04   1.497109e-04   1.510671e-04   1.435034e-04   1.565621e-04   1.544385e-04   6.692234e-06   1.967815e-04   2.175389e-04   1.924946e-04   2.130414e-04   7.430185e-04   1.007570e-03   1.012137e-03   8.668502e-06   9.089227e-06   9.232612e-06   9.531641e-06   5.089918e-04   1.568867e-03   1.028244e-05   1.417204e-03   1.931761e-03   2.078592e-03   9.787650e-04   1.201436e-05   1.634906e-05   1.520556e-05   1.713960e-05   1.481251e-05
P31   2.770045e-05   3.053627e-05   3.619276e-05   3.827014e-05   8.096163e-07   4.074372e-05   4.058611e-05   4.077821e-05   4.331068e-05   4.429716e-05   4.436251e-05   4.184076e-05   4.395148e-05   4.460837e-05   1.850231e-06   1.015622e-04   1.089837e-04   1.084435e-04   2.862870e-04   6.169876e-04   6.856947e-04   7.133955e-04   2.396687e-06   2.513011e-06   2.552681e-06   2.635384e-06   1.680901e-04   1.108741e-03   2.843008e-06   1.058307e-03   1.245264e-03   1.237683e-03   2.743307e-04   3.321967e-06   4.520579e-06   4.204336e-06   4.739144e-06   4.095721e-06
S32   1.461970e-03   1.687826e-03   2.132412e-03   2.294770e-03   4.204964e-05   2.461462e-03   2.414658e-03   2.358554e-03   2.635427e-03   2.615448e-03   2.558629e-03   2.192857e-03   2.216925e-03   2.359922e-03   9.609512e-05   1.213770e-02   1.338666e-02   1.349292e-02   2.777682e-02   3.435383e-02   2.535977e-02   2.412912e-02   1.244735e-04   1.305148e-04   1.325740e-04   1.368681e-04   1.122467e-02   5.134167e-02   1.476495e-04   3.273078e-02   3.552033e-02   4.178071e-02   1.319641e-02   1.725199e-04   2.347646e-04   2.183438e-04   2.461161e-04   2.127005e-04
S33   1.085177e-05   1.166841e-05   1.358332e-05   1.428363e-05   3.416032e-07   1.501318e-05   1.503054e-05   1.509830e-05   1.611618e-05   1.642342e-05   1.641345e-05   1.557349e-05   1.579058e-05   1.628305e-05   7.806585e-07   4.658682e-05   4.837498e-05   5.193526e-05   1.345783e-04   3.880230e-04   2.915320e-04   2.762116e-04   1.011199e-06   1.060278e-06   1.077007e-06   1.111891e-06   4.910631e-05   5.557262e-04   1.199478e-06   3.808597e-04   4.136969e-04   4.793273e-04   5.472091e-05   1.401521e-06   1.907186e-06   1.773786e-06   1.999405e-06   1.727942e-06
S34   6.303101e-05   6.729584e-05   7.546794e-05   7.951890e-05   1.972352e-06   8.549413e-05   8.472184e-05   8.431109e-05   9.079668e-05   9.512287e-05   9.450308e-05   8.717275e-05   8.768435e-05   9.043751e-05   4.507373e-06   2.418020e-04   2.284611e-04   2.912256e-04   5.551692e-04   1.389544e-03   9.340645e-04   8.783935e-04   5.838470e-06   6.121839e-06   6.218426e-06   6.419844e-06   2.330214e-04   1.290250e-03   6.925548e-06   1.523917e-03   1.483192e-03   1.052029e-03   2.653196e-04   8.092101e-06   1.101171e-05   1.024149e-05   1.154416e-05   9.976785e-06
S36   2.189399e-07   2.298727e-07   2.381389e-07   2.486584e-07   7.256788e-09   2.658268e-07   2.706599e-07   2.747107e-07   2.875974e-07   2.972197e-07   3.029582e-07   3.076547e-07   3.212446e-07   3.271274e-07   1.658378e-08   5.471347e-07   5.733690e-07   5.948325e-07   6.758945e-07   7.132821e-07   1.057460e-06   1.173763e-06   2.148122e-08   2.252381e-08   2.287918e-08   2.362025e-08   1.083015e-06   1.810688e-06   2.548086e-08   1.638040e-06   2.039147e-06   2.590151e-06   1.610976e-06   2.977291e-08   4.051489e-08   3.768105e-08   4.247391e-08   3.670715e-08
Cl35  1.314403e-05   1.379901e-05   1.508344e-05   1.564983e-05   4.435569e-07   1.634308e-05   1.661593e-05   1.679891e-05   1.752676e-05   1.794869e-05   1.826517e-05   1.776512e-05   1.806836e-05   1.846473e-05   1.013651e-06   5.334943e-05   5.304892e-05   5.957454e-05   2.608130e-04   4.638293e-04   4.881962e-04   5.699368e-04   1.312998e-06   1.376724e-06   1.398445e-06   1.443741e-06   4.167848e-05   1.203350e-03   1.557468e-06   8.296663e-04   8.702073e-04   1.036610e-03   4.363500e-05   1.819811e-06   2.476393e-06   2.303180e-06   2.596134e-06   2.243652e-06
Cl37  4.446878e-06   4.658693e-06   4.993497e-06   5.194270e-06   1.499860e-07   5.464558e-06   5.589307e-06   5.680466e-06   5.925013e-06   6.071267e-06   6.222128e-06   6.377860e-06   6.579060e-06   6.755647e-06   3.427598e-07   1.878381e-05   1.909069e-05   2.071176e-05   4.629002e-05   8.646254e-05   5.861643e-05   5.107246e-05   4.439820e-07   4.655307e-07   4.728755e-07   4.881922e-07   2.202677e-05   1.572630e-04   5.266481e-07   6.551385e-05   7.400526e-05   1.112647e-04   2.646776e-05   6.153577e-07   8.373770e-07   7.788060e-07   8.778667e-07   7.586771e-07
Ar36  3.161726e-04   3.613942e-04   4.476867e-04   4.769291e-04   9.410122e-06   5.084755e-04   4.977405e-04   4.900957e-04   5.407175e-04   5.345206e-04   5.249890e-04   4.645198e-04   4.657723e-04   4.987367e-04   2.150474e-05   2.546341e-03   2.771926e-03   2.693132e-03   5.925039e-03   8.318639e-03   5.214788e-03   4.424849e-03   2.785543e-05   2.920739e-05   2.966821e-05   3.062917e-05   2.187323e-03   1.422040e-02   3.304190e-05   5.627357e-03   6.273312e-03   8.995624e-03   2.508894e-03   3.860754e-05   5.253702e-05   4.886228e-05   5.507735e-05   4.759939e-05
Ar38  5.302339e-05   5.544298e-05   6.024299e-05   6.273978e-05   1.805676e-06   6.538370e-05   6.640548e-05   6.732054e-05   7.031206e-05   7.304706e-05   7.452609e-05   7.093274e-05   7.259710e-05   7.355208e-05   4.126471e-06   4.059372e-04   3.679107e-04   4.737584e-04   1.004599e-03   1.501480e-03   8.885339e-04   7.448922e-04   5.345081e-06   5.604505e-06   5.692929e-06   5.877326e-06   2.167382e-04   1.658369e-03   6.340295e-06   1.096072e-03   1.075110e-03   1.067950e-03   1.806164e-04   7.408266e-06   1.008115e-05   9.376014e-06   1.056860e-05   9.133683e-06
Ar40  9.799702e-08   1.057940e-07   1.076949e-07   1.140625e-07   2.968127e-09   1.232249e-07   1.249175e-07   1.255218e-07   1.342324e-07   1.399364e-07   1.402124e-07   1.316909e-07   1.379269e-07   1.402455e-07   6.782659e-09   2.513026e-07   2.633563e-07   2.759425e-07   2.802317e-07   3.093207e-07   4.638799e-07   4.992427e-07   8.785430e-09   9.211805e-09   9.357117e-09   9.660173e-09   5.690126e-07   5.553932e-07   1.042105e-08   7.169147e-07   8.564482e-07   8.456172e-07   9.777914e-07   1.217626e-08   1.656947e-08   1.541045e-08   1.737059e-08   1.501209e-08
K39   1.207797e-05   1.261660e-05   1.371881e-05   1.414028e-05   4.146778e-07   1.471884e-05   1.510663e-05   1.524491e-05   1.588559e-05   1.624271e-05   1.657645e-05   1.619461e-05   1.655443e-05   1.688432e-05   9.476539e-07   7.892593e-05   7.560472e-05   8.473157e-05   3.972117e-04   5.935568e-04   6.220616e-04   6.200922e-04   1.227511e-06   1.287088e-06   1.307395e-06   1.349742e-06   4.290077e-05   1.747371e-03   1.456064e-06   7.022584e-04   8.261381e-04   1.353344e-03   4.187380e-05   1.701326e-06   2.315160e-06   2.153224e-06   2.427105e-06   2.097572e-06
K40   2.225212e-08   2.367561e-08   2.661298e-08   2.818093e-08   6.630276e-10   3.020644e-08   3.083224e-08   3.247562e-08   3.344247e-08   3.427482e-08   3.616088e-08   4.220026e-08   4.599979e-08   4.684932e-08   1.518341e-09   1.482904e-07   1.542246e-07   1.687074e-07   1.003005e-06   3.229662e-06   6.076075e-06   6.297205e-06   1.969095e-09   2.064902e-09   2.097735e-09   2.165915e-09   2.888655e-07   1.325973e-05   2.337272e-09   6.599672e-06   9.699867e-06   1.676719e-05   4.300986e-07   2.732110e-09   3.717445e-09   3.457925e-09   3.897817e-09   3.369185e-09
K41   9.221690e-07   9.639149e-07   1.037045e-06   1.074228e-06   3.146099e-08   1.119893e-06   1.166459e-06   1.171373e-06   1.216380e-06   1.239931e-06   1.290130e-06   1.274958e-06   1.308548e-06   1.341419e-06   7.189711e-08   5.244549e-06   5.140907e-06   5.515489e-06   2.937958e-05   6.203743e-05   2.328766e-05   1.640721e-05   9.312944e-08   9.764948e-08   9.919014e-08   1.024029e-07   3.717944e-06   1.310290e-04   1.104694e-07   1.708809e-05   2.151405e-05   5.489424e-05   3.656463e-06   1.290771e-07   1.756478e-07   1.633620e-07   1.841409e-07   1.591397e-07
Ca40  2.438466e-04   2.843217e-04   3.623040e-04   3.851598e-04   7.017035e-06   4.121745e-04   3.963124e-04   3.920172e-04   4.341311e-04   4.249822e-04   4.135558e-04   3.670312e-04   3.610538e-04   3.951779e-04   1.603587e-05   2.406398e-03   2.585571e-03   2.357146e-03   5.436509e-03   3.639849e-03   1.569586e-03   1.302191e-03   2.077151e-05   2.177966e-05   2.212328e-05   2.283987e-05   1.836818e-03   7.702308e-03   2.463901e-05   1.670298e-03   1.849448e-03   3.116265e-03   2.109636e-03   2.878925e-05   3.917633e-05   3.643611e-05   4.107062e-05   3.549439e-05
Ca42  1.450842e-06   1.523524e-06   1.670357e-06   1.740668e-06   4.917584e-08   1.801673e-06   1.848989e-06   1.866887e-06   1.950053e-06   2.023883e-06   2.081425e-06   1.974174e-06   2.035861e-06   2.052540e-06   1.123805e-07   1.658086e-05   1.461215e-05   1.811733e-05   5.251154e-05   1.012892e-04   6.445762e-05   5.137866e-05   1.455681e-07   1.526333e-07   1.550414e-07   1.600633e-07   7.791467e-06   1.852737e-04   1.726718e-07   6.306821e-05   6.854152e-05   1.051198e-04   6.067594e-06   2.017570e-07   2.745503e-07   2.553467e-07   2.878257e-07   2.487471e-07
Ca43  3.180442e-07   3.409336e-07   3.474337e-07   3.569976e-07   1.050538e-08   3.774940e-07   4.181655e-07   3.867043e-07   3.997749e-07   4.128690e-07   4.398410e-07   4.303021e-07   4.527301e-07   4.478591e-07   2.400772e-08   7.484534e-07   7.616577e-07   7.708532e-07   1.179462e-06   3.105962e-06   3.669822e-06   3.157864e-06   3.109757e-08   3.260689e-08   3.312134e-08   3.419416e-08   1.033300e-06   6.839441e-06   3.688770e-08   3.743861e-06   4.678166e-06   6.690861e-06   1.216506e-06   4.310114e-08   5.865190e-08   5.454945e-08   6.148790e-08   5.313957e-08
Ca44  5.117925e-06   5.408805e-06   5.797746e-06   5.958522e-06   1.660939e-07   6.320392e-06   6.508129e-06   6.391313e-06   6.703247e-06   6.930995e-06   6.948503e-06   7.032148e-06   7.141592e-06   7.323966e-06   3.795707e-07   1.088746e-05   1.152962e-05   1.096972e-05   1.205017e-05   1.273587e-05   1.282619e-05   1.243615e-05   4.916638e-07   5.155267e-07   5.236604e-07   5.406220e-07   1.416188e-05   1.645532e-05   5.832079e-07   1.594574e-05   1.691349e-05   1.501314e-05   1.736055e-05   6.814445e-07   9.273077e-07   8.624465e-07   9.721459e-07   8.401558e-07
Ca46  1.134119e-08   1.246768e-08   1.262284e-08   1.378496e-08   3.329712e-10   1.546650e-08   1.565061e-08   1.535045e-08   1.729726e-08   1.839798e-08   1.785061e-08   1.336097e-08   1.394719e-08   1.396557e-08   7.609318e-10   2.045244e-08   2.148731e-08   2.222726e-08   2.071576e-08   3.103584e-08   4.405006e-08   5.104697e-08   9.856467e-10   1.033485e-09   1.049791e-09   1.083794e-09   5.839637e-08   2.682260e-08   1.169167e-09   8.026887e-08   7.363636e-08   3.475024e-08   1.118347e-07   1.366103e-09   1.858990e-09   1.728961e-09   1.948877e-09   1.684275e-09
Ca48  4.546388e-07   4.664925e-07   4.771311e-07   4.893131e-07   1.624350e-08   5.130533e-07   5.241863e-07   5.343480e-07   5.462481e-07   5.589222e-07   5.706935e-07   5.866599e-07   5.989474e-07   6.095429e-07   3.712090e-08   6.478074e-07   6.593053e-07   6.709687e-07   6.803762e-07   6.833568e-07   6.947316e-07   7.054592e-07   4.808328e-08   5.041700e-08   5.121245e-08   5.287124e-08   7.734752e-07   6.513187e-07   5.703602e-08   7.914883e-07   8.014627e-07   6.853437e-07   8.378273e-07   6.664327e-08   9.068798e-08   8.434474e-08   9.507302e-08   8.216477e-08
Sc45  1.396482e-07   1.472285e-07   1.511401e-07   1.566605e-07   4.801324e-09   1.655226e-07   1.734466e-07   1.720711e-07   1.783459e-07   1.833278e-07   1.882321e-07   1.876875e-07   1.953437e-07   1.973108e-07   1.097236e-08   3.823304e-07   3.907678e-07   3.778590e-07   6.689684e-07   1.919696e-06   2.042822e-06   1.681449e-06   1.421267e-08   1.490248e-08   1.513760e-08   1.562791e-08   5.059634e-07   3.298883e-06   1.685896e-08   2.125720e-06   2.599563e-06   2.873927e-06   7.154377e-07   1.969871e-08   2.680595e-08   2.493099e-08   2.810210e-08   2.428663e-08
Ti46  8.557269e-07   9.057598e-07   9.702878e-07   1.006723e-06   2.950000e-08   1.043057e-06   1.081141e-06   1.081747e-06   1.120985e-06   1.157835e-06   1.191079e-06   1.142413e-06   1.174239e-06   1.185201e-06   6.741569e-08   9.621832e-06   8.563610e-06   8.244004e-06   1.966092e-05   1.589388e-05   9.670796e-06   8.208368e-06   8.732459e-08   9.156289e-08   9.300751e-08   9.602007e-08   4.473476e-06   2.855762e-05   1.035838e-07   1.159351e-05   1.158638e-05   1.337962e-05   3.201893e-06   1.210316e-07   1.646995e-07   1.531794e-07   1.726632e-07   1.492204e-07
Ti47  8.048891e-07   8.801406e-07   8.817939e-07   8.996397e-07   2.717440e-08   9.693702e-07   1.007229e-06   9.672352e-07   9.992723e-07   1.025953e-06   1.041969e-06   1.064057e-06   1.084912e-06   1.094935e-06   6.210106e-08   1.530031e-06   1.554843e-06   1.509160e-06   2.216116e-06   2.997420e-06   2.893894e-06   2.670212e-06   8.044046e-08   8.434464e-08   8.567538e-08   8.845045e-08   1.791700e-06   5.132068e-06   9.541787e-08   3.420706e-06   3.732899e-06   4.208378e-06   2.031097e-06   1.114902e-07   1.517156e-07   1.411037e-07   1.590515e-07   1.374568e-07
Ti48  9.505552e-06   1.054458e-05   1.240391e-05   1.288696e-05   2.750842e-07   1.398553e-05   1.357946e-05   1.339142e-05   1.448178e-05   1.469943e-05   1.422410e-05   1.394002e-05   1.392930e-05   1.447789e-05   6.286439e-07   2.667014e-05   2.911099e-05   2.751865e-05   2.721690e-05   2.215180e-05   2.291155e-05   2.375021e-05   8.142921e-07   8.538138e-07   8.672847e-07   8.953765e-07   4.102917e-05   2.027406e-05   9.659071e-07   3.394353e-05   3.435540e-05   2.363839e-05   5.050235e-05   1.128606e-06   1.535804e-06   1.428381e-06   1.610065e-06   1.391464e-06
Ti49  6.277810e-07   7.458993e-07   7.597428e-07   7.966264e-07   2.060445e-08   8.443987e-07   8.654578e-07   8.835438e-07   8.840263e-07   8.798811e-07   8.891065e-07   8.775681e-07   8.935770e-07   9.230392e-07   4.708690e-08   1.710473e-06   1.833515e-06   1.731278e-06   2.088536e-06   2.333149e-06   2.133010e-06   2.080280e-06   6.099239e-08   6.395266e-08   6.496167e-08   6.706580e-08   2.487568e-06   3.133832e-06   7.234872e-08   2.897927e-06   2.976175e-06   2.660617e-06   2.987128e-06   8.453527e-08   1.150354e-07   1.069891e-07   1.205977e-07   1.042239e-07
Ti50  5.735838e-07   5.914471e-07   6.081167e-07   6.264179e-07   2.015344e-08   6.603669e-07   6.742048e-07   6.878567e-07   7.060049e-07   7.241217e-07   7.404800e-07   7.665687e-07   7.890540e-07   8.029664e-07   4.605622e-08   1.027766e-06   1.060008e-06   1.087726e-06   1.084005e-06   1.022271e-06   1.086324e-06   1.118612e-06   5.965734e-08   6.255280e-08   6.353973e-08   6.559780e-08   1.609550e-06   1.217766e-06   7.076508e-08   1.441147e-06   1.531531e-06   1.384954e-06   2.145170e-06   8.268488e-08   1.125174e-07   1.046472e-07   1.179579e-07   1.019425e-07
V50   3.337111e-09   3.570713e-09   4.077628e-09   4.274495e-09   1.086315e-10   4.423353e-09   4.437546e-09   4.664425e-09   4.746361e-09   4.733304e-09   4.804994e-09   4.822162e-09   5.158818e-09   5.137244e-09   2.482531e-10   1.744088e-08   1.762983e-08   1.491524e-08   2.580941e-08   1.295714e-07   1.664508e-07   1.541950e-07   3.215660e-10   3.371732e-10   3.424929e-10   3.535864e-10   1.777567e-08   2.650284e-07   3.814392e-10   2.461901e-07   2.799166e-07   2.762081e-07   2.703345e-08   4.456895e-10   6.064930e-10   5.640714e-10   6.358188e-10   5.494925e-10
V51   1.404677e-06   1.599104e-06   1.833304e-06   1.917642e-06   4.426222e-08   2.012886e-06   1.961828e-06   2.040794e-06   2.098771e-06   2.034403e-06   2.018655e-06   2.009640e-06   1.969934e-06   2.082864e-06   1.011515e-07   4.477515e-06   4.746587e-06   4.430546e-06   5.712192e-06   4.418936e-06   3.816177e-06   3.744468e-06   1.310231e-07   1.373823e-07   1.395498e-07   1.440699e-07   6.002842e-06   6.541557e-06   1.554186e-07   4.934677e-06   4.986589e-06   4.627350e-06   6.717475e-06   1.815976e-07   2.471175e-07   2.298327e-07   2.590664e-07   2.238924e-07
Cr50  2.739172e-06   2.993935e-06   3.414834e-06   3.627040e-06   9.018067e-08   3.790503e-06   3.797928e-06   3.899111e-06   4.078716e-06   4.042649e-06   4.025343e-06   3.740999e-06   3.795899e-06   3.967758e-06   2.060879e-07   2.202161e-05   2.344011e-05   1.711465e-05   2.832792e-05   1.019328e-05   7.716595e-06   7.440604e-06   2.669488e-07   2.799052e-07   2.843214e-07   2.935307e-07   1.654215e-05   1.701701e-05   3.166527e-07   1.010435e-05   1.004797e-05   8.037452e-06   1.769975e-05   3.699903e-07   5.034817e-07   4.682653e-07   5.278266e-07   4.561626e-07
Cr52  6.114352e-05   6.980130e-05   9.150673e-05   9.711898e-05   1.808416e-06   1.047850e-04   9.275043e-05   9.858508e-05   1.080322e-04   1.012373e-04   9.443348e-05   9.223864e-05   8.612790e-05   9.603200e-05   4.132733e-06   2.107615e-04   2.331741e-04   2.239475e-04   2.054863e-04   1.616715e-04   1.630934e-04   1.665842e-04   5.353193e-06   5.613011e-06   5.701570e-06   5.886246e-06   3.696697e-04   1.277980e-04   6.349918e-06   2.437654e-04   2.409324e-04   1.708268e-04   4.228715e-04   7.419510e-06   1.009645e-05   9.390244e-06   1.058464e-05   9.147545e-06
Cr53  6.708853e-06   7.609290e-06   9.250497e-06   9.927421e-06   2.089984e-07   1.047295e-05   9.710165e-06   1.026852e-05   1.088958e-05   1.040944e-05   9.987422e-06   9.656309e-06   9.440086e-06   1.016030e-05   4.776193e-07   2.310791e-05   2.615516e-05   2.328166e-05   2.202983e-05   1.683159e-05   1.699064e-05   1.724950e-05   6.186677e-07   6.486947e-07   6.589295e-07   6.802725e-07   3.621163e-05   1.483802e-05   7.338590e-07   2.335178e-05   2.377725e-05   1.699074e-05   4.161477e-05   8.574716e-07   1.166845e-06   1.085229e-06   1.223265e-06   1.057180e-06
Cr54  1.538186e-06   1.598509e-06   1.688024e-06   1.756681e-06   5.300057e-08   1.842721e-06   1.864278e-06   1.920920e-06   1.977830e-06   2.007838e-06   2.049898e-06   2.122808e-06   2.192853e-06   2.234027e-06   1.211210e-07   3.487713e-06   3.716196e-06   3.614859e-06   3.585816e-06   3.137352e-06   3.267104e-06   3.352174e-06   1.568900e-07   1.645046e-07   1.671001e-07   1.725125e-07   5.367921e-06   3.898768e-06   1.861017e-07   4.349843e-06   4.622545e-06   4.245635e-06   6.994818e-06   2.174490e-07   2.959040e-07   2.752067e-07   3.102118e-07   2.680938e-07
Mn55  4.887874e-05   5.462199e-05   6.382748e-05   6.665896e-05   1.581126e-06   7.028297e-05   6.600961e-05   6.936449e-05   7.352308e-05   7.140246e-05   6.951891e-05   7.076580e-05   6.771576e-05   7.309562e-05   3.613311e-06   1.336904e-04   1.472214e-04   1.360152e-04   1.274183e-04   1.037041e-04   1.056259e-04   1.051700e-04   4.680378e-06   4.907540e-06   4.984969e-06   5.146434e-06   1.872603e-04   9.542031e-05   5.551829e-06   1.353523e-04   1.369997e-04   1.054520e-04   2.196935e-04   6.486990e-06   8.827477e-06   8.210033e-06   9.254312e-06   7.997837e-06
Fe54  2.614174e-04   2.809730e-04   3.192674e-04   3.407269e-04   8.705281e-06   3.573032e-04   3.488722e-04   3.627082e-04   3.798417e-04   3.734707e-04   3.676504e-04   3.548090e-04   3.579838e-04   3.764392e-04   1.989399e-05   9.019558e-04   1.089917e-03   8.465285e-04   7.879433e-04   5.647334e-04   5.686608e-04   5.717272e-04   2.576899e-05   2.701969e-05   2.744599e-05   2.833498e-05   1.159134e-03   4.774857e-04   3.056698e-05   7.279893e-04   7.456189e-04   5.089166e-04   1.377362e-03   3.571574e-05   4.860188e-05   4.520238e-05   5.095193e-05   4.403409e-05
Fe56  5.078227e-03   6.028780e-03   8.383702e-03   8.814285e-03   1.417094e-04   9.347339e-03   8.330258e-03   9.020729e-03   9.651173e-03   9.359169e-03   8.845087e-03   7.958013e-03   7.873852e-03   8.490561e-03   3.238454e-04   1.735485e-02   1.894170e-02   1.744086e-02   1.524325e-02   1.161850e-02   1.230013e-02   1.252343e-02   4.194819e-04   4.398414e-04   4.467810e-04   4.612524e-04   2.937086e-02   9.051884e-03   4.975863e-04   1.875611e-02   1.899586e-02   1.164001e-02   3.852782e-02   5.814006e-04   7.911683e-04   7.358295e-04   8.294237e-04   7.168113e-04
Fe57  1.446192e-04   1.692911e-04   2.600921e-04   2.707975e-04   3.331381e-06   2.748674e-04   2.410180e-04   2.660007e-04   2.851290e-04   2.713799e-04   2.667579e-04   2.449168e-04   2.392506e-04   2.553300e-04   7.613131e-06   5.601759e-04   6.171800e-04   5.422455e-04   4.522462e-04   3.456853e-04   3.676644e-04   3.809353e-04   9.861406e-06   1.034003e-05   1.050317e-05   1.084337e-05   9.095829e-04   3.015053e-04   1.169753e-05   5.857852e-04   5.965535e-04   3.739749e-04   1.247086e-03   1.366788e-05   1.859921e-05   1.729828e-05   1.949854e-05   1.685119e-05
Fe58  1.576770e-05   1.616619e-05   1.945079e-05   2.216726e-05   4.509347e-07   2.074293e-05   2.101131e-05   2.414134e-05   2.363758e-05   2.301510e-05   2.582040e-05   2.768751e-05   3.213847e-05   2.920815e-05   1.030511e-06   6.624473e-05   7.018930e-05   7.219305e-05   6.972626e-05   5.482373e-05   6.268762e-05   6.713744e-05   1.334837e-06   1.399623e-06   1.421706e-06   1.467755e-06   1.463100e-04   9.806986e-05   1.583374e-06   1.058798e-04   1.186064e-04   1.187554e-04   2.142568e-04   1.850080e-06   2.517583e-06   2.341489e-06   2.639316e-06   2.280971e-06
Co59  1.560769e-05   1.757619e-05   2.428437e-05   2.488418e-05   4.221854e-07   2.658406e-05   2.303821e-05   2.601289e-05   2.691433e-05   2.543702e-05   2.608587e-05   2.619263e-05   2.838055e-05   2.708946e-05   9.648109e-07   5.432370e-05   5.832472e-05   5.435168e-05   5.527753e-05   5.204504e-05   5.315345e-05   5.343351e-05   1.249734e-06   1.310390e-06   1.331065e-06   1.374179e-06   1.000983e-04   7.118704e-05   1.482426e-06   8.366783e-05   9.175574e-05   7.668188e-05   1.370759e-04   1.732128e-06   2.357075e-06   2.192208e-06   2.471047e-06   2.135548e-06
Ni58  2.703423e-04   2.572007e-04   4.833911e-04   5.133059e-04   6.074494e-06   4.189517e-04   3.689250e-04   5.221991e-04   4.718721e-04   3.637899e-04   4.787382e-04   4.305062e-04   4.993709e-04   4.113034e-04   1.388191e-05   6.475332e-04   7.387550e-04   5.700724e-04   4.897775e-04   3.989599e-04   3.916449e-04   4.038163e-04   1.798145e-05   1.885418e-05   1.915165e-05   1.977198e-05   8.734625e-04   3.375902e-04   2.132946e-05   6.212797e-04   5.849080e-04   3.686735e-04   1.118913e-03   2.492223e-05   3.391410e-05   3.154195e-05   3.555395e-05   3.072672e-05
Ni60  1.028262e-04   1.288869e-04   1.837338e-04   1.897873e-04   2.420476e-06   2.077883e-04   1.910339e-04   1.969695e-04   2.108278e-04   2.107619e-04   2.028972e-04   1.738034e-04   1.753034e-04   1.856862e-04   5.531460e-06   4.074275e-04   4.482343e-04   3.905924e-04   3.597531e-04   2.898243e-04   3.059495e-04   3.170281e-04   7.164985e-06   7.512738e-06   7.631269e-06   7.878450e-06   7.382037e-04   2.880922e-04   8.499051e-06   5.096472e-04   5.132061e-04   3.358959e-04   9.757998e-04   9.930648e-06   1.351360e-05   1.256838e-05   1.416702e-05   1.224354e-05
Ni61  5.772988e-06   6.631300e-06   1.109876e-05   1.182055e-05   1.069725e-07   1.124534e-05   1.005107e-05   1.159358e-05   1.217317e-05   1.112926e-05   1.185847e-05   1.133983e-05   1.237054e-05   1.152743e-05   2.444619e-07   2.636114e-05   2.877152e-05   2.547228e-05   2.146935e-05   1.809804e-05   2.263559e-05   2.393679e-05   3.166553e-07   3.320242e-07   3.372626e-07   3.481867e-07   5.057462e-05   2.970453e-05   3.756141e-07   4.078136e-05   4.478773e-05   4.110015e-05   7.676864e-05   4.388833e-07   5.972311e-07   5.554573e-07   6.261090e-07   5.411010e-07
Ni62  2.875450e-05   2.918372e-05   6.531155e-05   6.686539e-05   3.466577e-07   5.765729e-05   4.912077e-05   6.659036e-05   6.467005e-05   4.885988e-05   6.511499e-05   5.638552e-05   6.210264e-05   5.335571e-05   7.922092e-07   1.086518e-04   1.243246e-04   9.242464e-05   7.317432e-05   6.002279e-05   6.502464e-05   6.938929e-05   1.026161e-06   1.075966e-06   1.092942e-06   1.128342e-06   1.759470e-04   6.946452e-05   1.217224e-06   1.364925e-04   1.348484e-04   8.959650e-05   2.470317e-04   1.422256e-06   1.935402e-06   1.800029e-06   2.028984e-06   1.753505e-06
Ni64  2.925092e-06   3.124682e-06   3.265840e-06   3.422221e-06   9.113411e-08   3.640476e-06   3.694727e-06   3.786540e-06   3.919046e-06   4.030037e-06   4.107508e-06   4.102788e-06   4.354004e-06   4.410472e-06   2.082668e-07   8.361931e-06   8.871889e-06   9.454245e-06   9.333266e-06   8.931819e-06   1.085201e-05   1.166150e-05   2.697712e-07   2.828645e-07   2.873274e-07   2.966340e-07   2.292018e-05   1.498878e-05   3.200005e-07   2.065230e-05   2.351154e-05   2.031271e-05   4.632069e-05   3.739020e-07   5.088048e-07   4.732161e-07   5.334070e-07   4.609854e-07
Cu63  2.636326e-06   2.782420e-06   3.527947e-06   3.778955e-06   7.372062e-08   3.644354e-06   3.547086e-06   4.227577e-06   3.925965e-06   3.753159e-06   4.134351e-06   4.297148e-06   5.729399e-06   4.584563e-06   1.684721e-07   9.729595e-06   1.055088e-05   1.067314e-05   1.031444e-05   7.919791e-06   9.273511e-06   1.021007e-05   2.182245e-07   2.288160e-07   2.324262e-07   2.399546e-07   2.694314e-05   1.270081e-05   2.588563e-07   1.709443e-05   1.857518e-05   1.523437e-05   4.508759e-05   3.024585e-07   4.115847e-07   3.827961e-07   4.314861e-07   3.729024e-07
Cu65  1.094126e-06   1.159138e-06   1.297753e-06   1.377972e-06   3.389526e-08   1.392782e-06   1.414831e-06   1.474463e-06   1.523751e-06   1.527983e-06   1.615559e-06   1.555089e-06   1.685374e-06   1.622938e-06   7.746008e-08   2.609740e-06   2.794297e-06   2.835171e-06   2.816954e-06   3.034242e-06   3.645080e-06   3.889230e-06   1.003352e-07   1.052050e-07   1.068649e-07   1.103263e-07   6.146986e-06   5.604748e-06   1.190169e-07   7.253302e-06   8.513266e-06   7.508662e-06   1.070349e-05   1.390643e-07   1.892384e-07   1.760019e-07   1.983886e-07   1.714530e-07
Zn64  3.812934e-06   5.174419e-06   4.373473e-06   4.534732e-06   1.253765e-07   5.106088e-06   6.410907e-06   6.066855e-06   5.006830e-06   5.164675e-06   6.148341e-06   5.161362e-06   7.548810e-06   5.362514e-06   2.865201e-07   6.833150e-06   7.457185e-06   6.980336e-06   9.822797e-06   7.126557e-06   8.098244e-06   8.473584e-06   3.711339e-07   3.891469e-07   3.952867e-07   4.080902e-07   1.506780e-05   8.125933e-06   4.402363e-07   1.011714e-05   1.141964e-05   8.181768e-06   1.288857e-05   5.143905e-07   6.999811e-07   6.510204e-07   7.338273e-07   6.341942e-07
Zn66  2.530548e-06   2.656452e-06   3.440614e-06   3.514734e-06   7.291715e-08   3.484028e-06   3.367409e-06   3.728555e-06   3.798002e-06   3.545896e-06   3.941185e-06   3.747901e-06   3.752544e-06   3.807306e-06   1.666360e-07   5.695062e-06   6.194065e-06   5.536063e-06   5.284813e-06   5.657032e-06   6.273765e-06   6.619109e-06   2.158461e-07   2.263222e-07   2.298930e-07   2.373393e-07   1.038794e-05   8.996337e-06   2.560350e-07   1.259309e-05   1.338694e-05   1.049356e-05   1.606263e-05   2.991621e-07   4.070989e-07   3.786241e-07   4.267834e-07   3.688382e-07
Zn67  3.269996e-07   3.431921e-07   3.619700e-07   3.791422e-07   1.078469e-08   3.912861e-07   4.024434e-07   4.148377e-07   4.189281e-07   4.255027e-07   4.409769e-07   4.341045e-07   4.995871e-07   4.591483e-07   2.464602e-08   6.651906e-07   7.058515e-07   7.410628e-07   7.025845e-07   5.955652e-07   6.741165e-07   7.159769e-07   3.192437e-08   3.347382e-08   3.400195e-08   3.510329e-08   1.640349e-06   8.866315e-07   3.786845e-08   1.086703e-06   1.134457e-06   1.149457e-06   3.219320e-06   4.424708e-08   6.021130e-08   5.599978e-08   6.312270e-08   5.455241e-08
Zn68  1.461332e-06   1.529403e-06   1.565307e-06   1.621372e-06   4.998026e-08   1.701270e-06   1.738300e-06   1.780252e-06   1.800944e-06   1.837369e-06   1.877920e-06   1.920151e-06   2.161200e-06   2.022386e-06   1.142188e-07   2.694317e-06   2.817894e-06   2.940068e-06   2.938970e-06   2.823316e-06   3.149807e-06   3.284081e-06   1.479493e-07   1.551301e-07   1.575776e-07   1.626816e-07   5.951402e-06   4.160814e-06   1.754964e-07   5.155386e-06   5.723307e-06   5.307862e-06   1.171419e-05   2.050573e-07   2.790414e-07   2.595237e-07   2.925339e-07   2.528161e-07
Zn70  4.962778e-08   5.172173e-08   6.584952e-08   7.186000e-08   1.702961e-09   7.617280e-08   7.728106e-08   7.160190e-08   8.305553e-08   8.646064e-08   8.271837e-08   6.237205e-08   6.453474e-08   6.583348e-08   3.891740e-09   7.271123e-08   7.649622e-08   7.909525e-08   7.409889e-08   7.576539e-08   8.741296e-08   9.130119e-08   5.041030e-09   5.285697e-09   5.369091e-09   5.542999e-09   1.234085e-07   7.324976e-08   5.979632e-09   1.179205e-07   1.232386e-07   8.195895e-08   2.530984e-07   6.986853e-09   9.507689e-09   8.842667e-09   9.967415e-09   8.614120e-09
Ga69  1.426941e-07   1.499371e-07   1.627410e-07   1.711843e-07   4.741825e-09   1.804166e-07   1.836407e-07   1.829338e-07   1.936715e-07   1.990008e-07   2.001718e-07   1.901898e-07   2.011254e-07   2.020071e-07   1.083639e-08   3.006101e-07   3.218642e-07   3.309691e-07   3.213960e-07   3.432057e-07   3.887762e-07   4.188885e-07   1.403654e-08   1.471780e-08   1.495001e-08   1.543425e-08   8.091133e-07   7.304286e-07   1.665004e-08   8.592517e-07   9.529890e-07   8.636274e-07   1.528162e-06   1.945460e-08   2.647377e-08   2.462204e-08   2.775385e-08   2.398566e-08
Ga71  9.630173e-08   1.011224e-07   1.070831e-07   1.118774e-07   3.238307e-09   1.165399e-07   1.192451e-07   1.188134e-07   1.263839e-07   1.295605e-07   1.324755e-07   1.281852e-07   1.356224e-07   1.362215e-07   7.400431e-09   1.929143e-07   2.029859e-07   2.092577e-07   2.012571e-07   1.888064e-07   2.205783e-07   2.332177e-07   9.585892e-09   1.005114e-08   1.020972e-08   1.054042e-08   5.038132e-07   3.925407e-07   1.137071e-08   3.975661e-07   5.003746e-07   5.383037e-07   1.151545e-06   1.328602e-08   1.807957e-08   1.681499e-08   1.895378e-08   1.638039e-08
Ge70  1.636999e-07   1.712861e-07   1.732274e-07   1.781671e-07   5.463840e-09   1.867047e-07   1.903974e-07   1.953663e-07   1.995756e-07   2.029079e-07   2.084639e-07   2.197947e-07   2.244421e-07   2.305744e-07   1.248639e-08   3.259131e-07   3.431092e-07   3.527080e-07   3.642093e-07   4.642629e-07   4.990633e-07   5.218376e-07   1.617382e-08   1.695882e-08   1.722638e-08   1.778435e-08   8.303174e-07   1.007722e-06   1.918526e-08   1.145308e-06   1.243301e-06   1.019776e-06   1.493580e-06   2.241686e-08   3.050480e-08   2.837112e-08   3.197980e-08   2.763785e-08
Ge72  2.202482e-07   2.298592e-07   2.345836e-07   2.425913e-07   7.514622e-09   2.535402e-07   2.592708e-07   2.632862e-07   2.723341e-07   2.784099e-07   2.858503e-07   2.867671e-07   3.023529e-07   3.015319e-07   1.717300e-08   3.899532e-07   4.070957e-07   4.233051e-07   4.221616e-07   4.549888e-07   5.352167e-07   5.675928e-07   2.224445e-08   2.332409e-08   2.369208e-08   2.445948e-08   8.519237e-07   7.610090e-07   2.638620e-08   1.033939e-06   1.176413e-06   1.006458e-06   1.651053e-06   3.083074e-08   4.195439e-08   3.901986e-08   4.398301e-08   3.801135e-08
Ge73  6.394887e-08   6.718620e-08   6.859523e-08   7.090514e-08   2.154244e-09   7.487325e-08   7.600595e-08   7.767703e-08   7.942211e-08   8.125755e-08   8.291318e-08   8.338322e-08   8.692334e-08   8.860304e-08   4.923046e-09   1.231766e-07   1.303027e-07   1.376903e-07   1.288018e-07   1.135537e-07   1.285700e-07   1.356766e-07   6.376897e-09   6.686400e-09   6.791894e-09   7.011887e-09   3.076726e-07   1.456469e-07   7.564228e-09   2.095005e-07   2.163540e-07   1.794007e-07   6.495747e-07   8.838360e-09   1.202722e-08   1.118596e-08   1.260877e-08   1.089685e-08
Ge74  2.971834e-07   3.082571e-07   3.133523e-07   3.224079e-07   1.027782e-08   3.388989e-07   3.450762e-07   3.530487e-07   3.590956e-07   3.668393e-07   3.733692e-07   3.838840e-07   3.950929e-07   4.019769e-07   2.348769e-08   4.888044e-07   5.071295e-07   5.250266e-07   5.171455e-07   5.156837e-07   5.666264e-07   5.882564e-07   3.042396e-08   3.190059e-08   3.240390e-08   3.345347e-08   9.100423e-07   6.447692e-07   3.608867e-08   8.374896e-07   9.039488e-07   7.886537e-07   1.767851e-06   4.216752e-08   5.738144e-08   5.336785e-08   6.015601e-08   5.198851e-08
