# Cinquegrana, Heger & Karakas 2025
M      10.5   10.8   11.0   11.3   11.5   11.8   12.0   12.3   12.5   12.8   13.0   13.3   13.5   13.8   14.0   14.3   14.5   14.8   15.0   15.3   15.5   15.8   16.0   16.3   16.5   16.8   17.0   17.3   17.5   17.8   18.0   18.3   18.5   18.8   19.0   19.3   19.5   19.8   20.0
E      1.0   1.0   1.0   1.0   1.0   1.0   1.0   1.0   1.0   1.0   1.0   1.0   1.0   1.0   1.0   1.0   1.0   1.0   1.0   1.0   1.0   1.0   1.0   1.0   1.0   1.0   1.0   1.0   1.0   1.0   1.0   1.0   1.0   1.0   1.0   1.0   1.0   1.0   1.0
Mrem   1.298   1.280   1.455   1.286   1.268   1.413   1.369   1.413   1.529   1.527   1.590   1.685   1.754   9.813   9.936   1.439   1.455   1.465   1.480   1.490   1.515   1.536   1.555   1.587   10.985   10.977   10.251   10.866   1.582   10.681   1.532   10.656   10.747   10.288   1.558   1.580   9.436   1.567   9.833
H1    5.201403e+00   5.408333e+00   5.518531e+00   5.696541e+00   5.844546e+00   5.905393e+00   6.055612e+00   6.183720e+00   6.274268e+00   6.352961e+00   6.460115e+00   6.574787e+00   6.691941e+00   2.367180e+00   2.432739e+00   6.815565e+00   6.904162e+00   7.012343e+00   7.099538e+00   7.179884e+00   7.272083e+00   7.374573e+00   7.459844e+00   7.542304e+00   3.200884e+00   3.341484e+00   3.881361e+00   3.669289e+00   7.754562e+00   4.040921e+00   6.725334e+00   4.330210e+00   4.408053e+00   4.782152e+00   8.054019e+00   7.040642e+00   5.631030e+00   8.355020e+00   5.696474e+00
H2    5.690043e-08   5.945731e-08   6.229018e-08   6.405017e-08   6.669647e-08   6.986585e-08   7.141157e-08   7.451227e-08   7.790326e-08   8.242840e-08   8.836183e-08   9.246017e-08   9.604920e-08   7.842258e-08   8.114932e-08   1.007166e-07   1.034607e-07   1.071229e-07   1.108353e-07   1.131374e-07   1.154008e-07   1.183588e-07   1.216930e-07   1.253065e-07   1.075627e-07   1.103266e-07   1.131537e-07   1.160827e-07   1.409585e-07   1.224271e-07   1.305198e-07   1.285975e-07   1.319288e-07   1.349055e-07   1.579115e-07   1.494620e-07   1.443533e-07   1.683895e-07   1.510742e-07
He3   3.613661e-04   3.731383e-04   3.789746e-04   3.945340e-04   4.024925e-04   3.969637e-04   4.141581e-04   4.246984e-04   4.341589e-04   4.480441e-04   4.635552e-04   4.738785e-04   4.831275e-04   1.861391e-04   1.906704e-04   4.844960e-04   4.892690e-04   4.946636e-04   4.997038e-04   5.031392e-04   5.087489e-04   5.144250e-04   5.193931e-04   5.236143e-04   2.489430e-04   2.593075e-04   2.990040e-04   2.833946e-04   5.431972e-04   3.102192e-04   4.633649e-04   3.305735e-04   3.367419e-04   3.631506e-04   5.653889e-04   4.848849e-04   4.235530e-04   5.769392e-04   4.255622e-04
He4   3.506793e+00   3.544110e+00   3.511441e+00   3.726199e+00   3.827634e+00   3.853424e+00   3.990325e+00   4.054345e+00   4.088795e+00   4.170968e+00   4.211782e+00   4.290506e+00   4.389281e+00   1.363999e+00   1.418573e+00   5.094667e+00   5.213371e+00   5.322165e+00   5.446421e+00   5.563301e+00   5.670905e+00   5.777536e+00   5.885693e+00   5.988389e+00   2.026748e+00   2.130339e+00   2.515497e+00   2.381997e+00   6.586469e+00   2.659400e+00   5.755464e+00   2.867867e+00   2.940589e+00   3.238528e+00   7.123379e+00   6.152246e+00   3.908911e+00   7.378052e+00   3.941240e+00
Li6   1.692289e-10   1.733788e-10   1.793060e-10   1.809014e-10   1.852043e-10   1.912473e-10   1.923651e-10   1.956813e-10   2.012558e-10   2.065326e-10   2.162838e-10   2.233156e-10   2.283939e-10   1.921017e-10   1.945518e-10   2.268893e-10   2.311843e-10   2.358373e-10   2.376903e-10   2.424507e-10   2.474896e-10   2.514104e-10   2.551933e-10   2.585866e-10   2.298504e-10   2.335226e-10   2.373391e-10   2.382899e-10   2.743897e-10   2.491479e-10   2.370912e-10   2.554053e-10   2.569490e-10   2.608975e-10   2.937829e-10   2.550288e-10   2.716546e-10   3.045612e-10   2.793867e-10
Li7   1.205197e-08   1.796869e-08   1.851192e-08   1.788839e-08   2.736764e-08   2.151237e-08   2.413334e-08   2.015531e-08   2.293289e-08   5.600210e-08   6.744690e-08   6.921858e-08   6.362455e-08   4.274370e-09   4.337689e-09   1.532829e-07   1.712157e-07   1.716646e-07   1.837314e-07   1.745747e-07   1.747005e-07   1.787542e-07   1.680850e-07   1.636527e-07   5.099000e-09   5.172829e-09   5.246764e-09   5.312913e-09   1.933232e-07   5.476973e-09   2.516978e-07   5.620558e-09   5.701090e-09   5.774666e-09   2.581201e-07   3.075064e-07   5.986091e-09   2.914146e-07   6.159224e-09
Be9   1.162569e-10   1.215608e-10   1.273008e-10   1.481296e-10   1.515621e-10   1.348911e-10   1.585539e-10   1.631326e-10   1.682613e-10   1.734523e-10   1.814096e-10   1.865618e-10   1.915071e-10   1.481329e-10   1.534657e-10   1.904384e-10   1.923957e-10   1.949762e-10   1.976844e-10   1.994208e-10   2.023125e-10   2.054827e-10   2.091343e-10   2.116485e-10   1.852327e-10   1.876889e-10   1.901665e-10   1.925968e-10   2.275938e-10   1.973995e-10   1.905815e-10   2.021678e-10   2.045993e-10   2.070650e-10   2.375421e-10   2.016355e-10   2.141696e-10   2.412626e-10   2.190309e-10
B10   2.785862e-09   2.911251e-09   3.001735e-09   3.417442e-09   3.545003e-09   3.049497e-09   3.653000e-09   3.752667e-09   3.867254e-09   4.291485e-09   4.582333e-09   4.703720e-09   4.617163e-09   2.083684e-09   2.159047e-09   5.165259e-09   5.370134e-09   5.226154e-09   5.310346e-09   5.313423e-09   5.439293e-09   5.533739e-09   5.457687e-09   5.439100e-09   3.027252e-09   3.138974e-09   3.412878e-09   3.389800e-09   5.703138e-09   3.629303e-09   4.440280e-09   3.831696e-09   3.930428e-09   4.095164e-09   6.102650e-09   4.772342e-09   4.502734e-09   6.171852e-09   4.586084e-09
B11   2.438393e-08   3.159485e-08   3.639640e-08   3.261960e-08   4.611982e-08   4.726972e-08   4.139029e-08   4.017410e-08   4.447255e-08   5.176383e-08   6.861432e-08   7.123621e-08   1.000325e-07   7.350263e-09   7.641836e-09   3.149006e-07   2.547925e-07   1.683298e-07   1.776565e-07   2.026685e-07   2.582767e-07   3.210346e-07   4.001306e-07   3.800139e-07   1.087921e-08   1.125459e-08   1.197760e-08   1.206276e-08   6.229102e-07   1.280467e-08   1.709421e-07   1.343622e-08   1.377427e-08   1.416897e-08   6.839987e-07   3.095927e-07   1.515507e-08   4.575863e-07   1.550617e-08
C12   5.179898e-02   5.528170e-02   5.548855e-02   5.823634e-02   5.977098e-02   6.569371e-02   6.478851e-02   6.832157e-02   6.960802e-02   6.849138e-02   7.270876e-02   7.517887e-02   7.930564e-02   2.581721e-02   2.651621e-02   1.121060e-01   1.134552e-01   1.122677e-01   1.153648e-01   1.232907e-01   1.292945e-01   1.329327e-01   1.385076e-01   1.398094e-01   3.519738e-02   3.668830e-02   4.252911e-02   4.009330e-02   1.960785e-01   4.398634e-02   1.617007e-01   4.686262e-02   4.759839e-02   5.143089e-02   2.577359e-01   2.032227e-01   6.014620e-02   2.526863e-01   6.022805e-02
C13   2.750041e-03   2.857524e-03   2.913420e-03   2.979910e-03   3.063350e-03   3.153043e-03   3.192782e-03   3.286624e-03   3.367338e-03   3.469089e-03   3.576806e-03   3.674008e-03   3.754272e-03   1.344523e-03   1.381484e-03   3.858222e-03   3.915158e-03   3.964159e-03   4.016160e-03   4.031816e-03   4.064231e-03   4.113579e-03   4.134171e-03   4.131051e-03   1.732757e-03   1.784785e-03   2.105826e-03   1.890895e-03   3.958424e-03   2.058487e-03   3.392621e-03   2.165798e-03   2.140877e-03   2.296726e-03   3.932426e-03   3.255600e-03   2.708245e-03   3.833174e-03   2.693725e-03
N14   8.277265e-02   8.266597e-02   8.122426e-02   8.697182e-02   9.016308e-02   9.049424e-02   9.433561e-02   9.444861e-02   9.393394e-02   9.544779e-02   9.346133e-02   9.458489e-02   9.528138e-02   2.459067e-02   2.605862e-02   1.150810e-01   1.190420e-01   1.218128e-01   1.251544e-01   1.271110e-01   1.296743e-01   1.329540e-01   1.350157e-01   1.372006e-01   4.131150e-02   4.386569e-02   5.230588e-02   5.020554e-02   1.483022e-01   5.704384e-02   1.333126e-01   6.255079e-02   6.477364e-02   7.220092e-02   1.599267e-01   1.425998e-01   8.922442e-02   1.697144e-01   9.171970e-02
N15   2.426386e-05   2.527845e-05   2.951604e-05   2.708864e-05   2.940648e-05   3.951468e-05   3.318364e-05   4.005306e-05   4.333631e-05   3.207498e-05   3.373191e-05   3.498166e-05   4.890808e-05   1.272252e-05   1.308629e-05   7.784140e-05   4.535868e-05   4.705424e-05   4.826257e-05   5.316332e-05   5.576770e-05   5.905218e-05   1.021671e-04   1.175684e-04   1.756577e-05   1.833831e-05   2.107052e-05   2.011097e-05   3.026945e-04   2.203379e-05   8.303839e-05   2.353030e-05   2.404577e-05   2.593586e-05   1.257126e-04   7.765880e-05   3.026986e-05   9.387680e-05   3.049814e-05
O16   1.830703e-01   1.920611e-01   1.953036e-01   2.011262e-01   2.052974e-01   2.158528e-01   2.174986e-01   2.241030e-01   2.280346e-01   2.324484e-01   2.415657e-01   2.479875e-01   2.557698e-01   8.205761e-02   8.411141e-02   3.549151e-01   3.628761e-01   3.789440e-01   3.949697e-01   4.122939e-01   4.246638e-01   4.323541e-01   4.500426e-01   4.672315e-01   1.086148e-01   1.132158e-01   1.316442e-01   1.240125e-01   7.189225e-01   1.362410e-01   7.133671e-01   1.454895e-01   1.479009e-01   1.604548e-01   1.168217e+00   9.430245e-01   1.884222e-01   1.282305e+00   1.893106e-01
O17   2.636857e-04   2.691898e-04   2.683319e-04   2.638132e-04   2.652023e-04   2.617217e-04   2.530396e-04   2.457903e-04   2.351188e-04   2.206052e-04   2.091032e-04   2.051624e-04   2.028065e-04   6.113283e-05   6.141356e-05   2.007076e-04   1.945131e-04   1.952733e-04   1.948593e-04   1.957329e-04   1.964021e-04   1.997524e-04   2.021593e-04   2.073846e-04   7.222043e-05   7.461537e-05   8.622116e-05   8.242194e-05   2.259104e-04   8.926537e-05   1.785086e-04   9.670308e-05   9.876460e-05   1.062214e-04   2.576811e-04   1.867253e-04   1.245568e-04   2.189151e-04   1.273913e-04
O18   5.753464e-04   7.572037e-04   5.927555e-04   7.665320e-04   5.421773e-04   1.785616e-03   1.139265e-03   1.631555e-03   1.578616e-03   5.665737e-04   6.265715e-04   6.358417e-04   1.619627e-03   1.488789e-04   1.527142e-04   3.972695e-03   3.745943e-03   4.557075e-03   4.725761e-03   6.462667e-03   7.080489e-03   7.102959e-03   8.204993e-03   9.006129e-03   1.963651e-04   2.039006e-04   2.367882e-04   2.214734e-04   1.318461e-02   2.423900e-04   1.154165e-02   2.579494e-04   2.609005e-04   2.812098e-04   1.728605e-02   1.433553e-02   3.288474e-04   1.861381e-02   3.299929e-04
F19   1.528916e-05   1.588978e-05   1.674686e-05   1.669487e-05   1.708594e-05   2.374674e-05   1.880877e-05   2.317978e-05   2.601706e-05   1.888347e-05   1.935993e-05   1.972950e-05   2.069661e-05   7.249889e-06   7.418924e-06   2.247971e-05   2.133486e-05   2.133059e-05   2.164157e-05   2.266865e-05   2.349996e-05   2.410374e-05   2.663464e-05   2.780771e-05   9.379779e-06   9.739678e-06   1.133949e-05   1.065666e-05   4.025851e-05   1.163828e-05   2.480489e-05   1.238894e-05   1.257898e-05   1.357774e-05   4.277832e-05   2.833469e-05   1.588768e-05   4.329436e-05   1.595820e-05
Ne20  6.223640e-02   6.401437e-02   6.510139e-02   6.737720e-02   6.919896e-02   7.080606e-02   7.194266e-02   7.449538e-02   7.573775e-02   7.766438e-02   7.912370e-02   8.075693e-02   8.242900e-02   2.665499e-02   2.751163e-02   1.016648e-01   9.546984e-02   9.162912e-02   9.304724e-02   9.689878e-02   1.028198e-01   1.072039e-01   1.225782e-01   1.278128e-01   3.732669e-02   3.906881e-02   4.567030e-02   4.320226e-02   1.678278e-01   4.783232e-02   9.876349e-02   5.138352e-02   5.245628e-02   5.724936e-02   2.521912e-01   1.176473e-01   6.808416e-02   2.816909e-01   6.878180e-02
Ne21  2.062635e-04   2.057177e-04   2.137040e-04   2.174427e-04   2.265220e-04   2.549848e-04   2.423082e-04   2.652076e-04   2.751586e-04   2.569680e-04   2.627480e-04   2.737640e-04   2.944704e-04   7.483102e-05   7.856303e-05   5.059842e-04   3.713240e-04   3.431925e-04   3.489932e-04   3.705917e-04   4.101091e-04   4.456010e-04   6.848284e-04   7.260848e-04   1.201703e-04   1.270305e-04   1.516312e-04   1.439951e-04   1.680947e-03   1.624506e-04   3.910394e-04   1.763122e-04   1.818444e-04   2.021399e-04   1.378638e-03   5.247187e-04   2.479939e-04   8.548507e-04   2.508110e-04
Ne22  4.727622e-03   5.228034e-03   5.062027e-03   5.390222e-03   5.451363e-03   6.644946e-03   6.204605e-03   6.599935e-03   6.693507e-03   6.003479e-03   6.526647e-03   6.781733e-03   8.102175e-03   1.904220e-03   1.950222e-03   1.587884e-02   1.640598e-02   1.620579e-02   1.709444e-02   1.989197e-02   2.105933e-02   2.149542e-02   2.206590e-02   2.279495e-02   2.492367e-03   2.594786e-03   3.021467e-03   2.839723e-03   3.460966e-02   3.113025e-03   3.189172e-02   3.314252e-03   3.368294e-03   3.653852e-03   5.141010e-02   4.062997e-02   4.283057e-03   5.104854e-02   4.288614e-03
Na23  2.008241e-03   2.024710e-03   2.011810e-03   2.124474e-03   2.206849e-03   2.310355e-03   2.327820e-03   2.400807e-03   2.392441e-03   2.399465e-03   2.377868e-03   2.420450e-03   2.519037e-03   6.345488e-04   6.708707e-04   3.801928e-03   3.536798e-03   3.299444e-03   3.391691e-03   3.682867e-03   4.004672e-03   4.223879e-03   4.795722e-03   4.973194e-03   1.071726e-03   1.136462e-03   1.341128e-03   1.288100e-03   7.361600e-03   1.459231e-03   4.191034e-03   1.599212e-03   1.648672e-03   1.823290e-03   1.499386e-02   5.598596e-03   2.235548e-03   1.089530e-02   2.298050e-03
Mg24  1.492336e-02   1.534077e-02   1.560623e-02   1.613772e-02   1.659851e-02   1.687764e-02   1.727817e-02   1.783292e-02   1.807906e-02   1.869124e-02   1.894606e-02   1.932332e-02   1.964954e-02   6.372932e-03   6.578034e-03   2.316025e-02   2.247094e-02   2.259881e-02   2.343050e-02   2.353526e-02   2.439657e-02   2.504494e-02   2.764041e-02   2.894794e-02   8.927854e-03   9.344836e-03   1.092457e-02   1.033435e-02   3.506572e-02   1.144266e-02   3.052436e-02   1.229265e-02   1.254972e-02   1.369735e-02   4.757128e-02   3.242699e-02   1.629166e-02   6.938579e-02   1.645857e-02
Mg25  1.848835e-03   1.932320e-03   2.053185e-03   2.032623e-03   2.109574e-03   2.444247e-03   2.231192e-03   2.536187e-03   2.633445e-03   2.706470e-03   2.819962e-03   2.918527e-03   3.002820e-03   8.157999e-04   8.381897e-04   5.741688e-03   4.510509e-03   3.654327e-03   3.693986e-03   4.105112e-03   4.925013e-03   5.480782e-03   7.881055e-03   8.556121e-03   1.098997e-03   1.146820e-03   1.333448e-03   1.258901e-03   1.522540e-02   1.385522e-03   5.119933e-03   1.482461e-03   1.508539e-03   1.637493e-03   2.534264e-02   7.932628e-03   1.927286e-03   2.933097e-02   1.942907e-03
Mg26  2.420965e-03   2.494159e-03   2.575136e-03   2.626530e-03   2.732291e-03   3.092869e-03   2.892384e-03   3.216420e-03   3.314796e-03   3.392725e-03   3.504077e-03   3.631734e-03   3.686541e-03   9.875043e-04   1.023255e-03   6.316114e-03   5.426215e-03   4.861160e-03   4.939914e-03   5.198079e-03   5.904201e-03   6.392841e-03   8.516489e-03   9.212948e-03   1.428202e-03   1.498458e-03   1.759087e-03   1.666587e-03   1.459860e-02   1.853766e-03   6.567824e-03   1.997484e-03   2.044215e-03   2.240180e-03   2.359966e-02   9.131885e-03   2.684800e-03   3.223915e-02   2.716524e-03
Al27  1.710091e-03   1.755475e-03   1.794013e-03   1.840835e-03   1.892081e-03   1.946205e-03   1.980154e-03   2.056799e-03   2.083390e-03   2.161876e-03   2.172656e-03   2.214911e-03   2.295636e-03   7.244649e-04   7.478316e-04   2.910145e-03   2.734181e-03   2.808967e-03   2.991231e-03   2.898620e-03   3.017808e-03   3.109459e-03   3.568281e-03   3.783048e-03   1.015729e-03   1.063268e-03   1.243229e-03   1.176129e-03   5.078562e-03   1.302552e-03   4.856519e-03   1.399518e-03   1.428954e-03   1.559962e-03   8.646369e-03   5.412405e-03   1.856283e-03   1.124242e-02   1.875374e-03
Si28  2.284550e-02   2.511814e-02   2.140713e-02   2.576014e-02   2.814180e-02   2.548568e-02   2.719151e-02   2.568639e-02   2.510390e-02   2.592015e-02   2.682418e-02   2.732758e-02   2.703162e-02   8.465015e-03   8.737445e-03   4.309452e-02   5.415645e-02   5.772332e-02   5.906107e-02   5.990226e-02   5.978488e-02   5.899344e-02   4.846381e-02   4.791834e-02   1.185863e-02   1.241250e-02   1.451080e-02   1.372683e-02   6.420580e-02   1.519896e-02   9.895618e-02   1.632797e-02   1.666943e-02   1.819378e-02   6.824236e-02   1.179752e-01   2.163971e-02   6.812556e-02   2.186140e-02
Si29  1.070031e-03   1.086517e-03   1.132551e-03   1.141024e-03   1.181053e-03   1.258718e-03   1.287866e-03   1.326467e-03   1.331746e-03   1.398702e-03   1.422763e-03   1.453023e-03   1.486070e-03   4.451864e-04   4.595138e-04   1.952235e-03   1.860556e-03   2.585112e-03   3.054968e-03   2.347271e-03   2.241362e-03   2.256553e-03   2.476208e-03   2.645204e-03   6.236610e-04   6.527895e-04   7.631422e-04   7.219118e-04   3.664902e-03   7.993331e-04   7.429553e-03   8.587093e-04   8.766672e-04   9.568348e-04   4.600367e-03   7.957365e-03   1.138060e-03   6.837825e-03   1.149719e-03
Si30  7.332990e-04   7.419622e-04   8.442175e-04   7.795101e-04   8.024287e-04   9.345879e-04   9.207887e-04   1.043469e-03   1.023437e-03   1.090658e-03   1.132391e-03   1.163247e-03   1.162347e-03   3.035654e-04   3.133345e-04   1.487308e-03   1.307375e-03   2.212156e-03   2.736010e-03   1.838469e-03   1.654519e-03   1.653967e-03   2.051693e-03   2.522385e-03   4.252576e-04   4.451189e-04   5.203640e-04   4.922500e-04   3.705001e-03   5.450399e-04   7.385087e-03   5.855258e-04   5.977700e-04   6.524319e-04   5.475701e-03   8.426442e-03   7.759997e-04   5.196611e-03   7.839497e-04
P31   2.390881e-04   2.342266e-04   2.228079e-04   2.398310e-04   2.530870e-04   2.684303e-04   2.983872e-04   2.725466e-04   2.717782e-04   2.829071e-04   2.957267e-04   3.025954e-04   3.047808e-04   8.392913e-05   8.663086e-05   4.983732e-04   6.935188e-04   1.201061e-03   1.373993e-03   1.004542e-03   8.610271e-04   8.178710e-04   6.538134e-04   6.979656e-04   1.175834e-04   1.230757e-04   1.438829e-04   1.361095e-04   1.105689e-03   1.507080e-04   3.516783e-03   1.619037e-04   1.652904e-04   1.804072e-04   1.466563e-03   4.269191e-03   2.145802e-04   1.622289e-03   2.167784e-04
S32   1.209651e-02   1.349209e-02   1.088765e-02   1.366144e-02   1.527309e-02   1.266106e-02   1.382427e-02   1.294842e-02   1.270694e-02   1.302394e-02   1.344961e-02   1.369676e-02   1.363778e-02   4.358968e-03   4.499253e-03   2.257523e-02   3.023639e-02   3.303851e-02   3.245404e-02   3.252659e-02   3.021978e-02   2.828386e-02   2.274096e-02   2.225748e-02   6.106474e-03   6.391680e-03   7.472181e-03   7.068480e-03   2.960947e-02   7.826538e-03   5.326914e-02   8.407910e-03   8.583742e-03   9.368690e-03   2.931318e-02   6.063669e-02   1.114313e-02   2.801398e-02   1.125729e-02
S33   1.018377e-04   1.051594e-04   8.840832e-05   1.073831e-04   1.220702e-04   1.021250e-04   1.182170e-04   1.033584e-04   1.033292e-04   1.053205e-04   1.082928e-04   1.105153e-04   1.107832e-04   3.541143e-05   3.655107e-05   1.573711e-04   2.723252e-04   3.616795e-04   3.552323e-04   3.416762e-04   2.960735e-04   2.677090e-04   1.804186e-04   1.774226e-04   4.960785e-05   5.192482e-05   6.070261e-05   5.742302e-05   2.309609e-04   6.358135e-05   6.385975e-04   6.830432e-05   6.973275e-05   7.610953e-05   2.202960e-04   7.315447e-04   9.052478e-05   2.219098e-04   9.145218e-05
S34   7.093089e-04   8.704336e-04   5.454127e-04   8.844359e-04   8.925162e-04   7.147738e-04   1.017858e-03   6.684664e-04   6.567579e-04   6.751384e-04   7.096004e-04   7.270701e-04   7.130515e-04   2.044588e-04   2.110389e-04   1.197971e-03   3.114679e-03   4.451737e-03   4.297890e-03   4.951257e-03   4.262355e-03   3.732523e-03   1.612199e-03   1.496777e-03   2.864261e-04   2.998038e-04   3.504851e-04   3.315494e-04   2.270835e-03   3.671063e-04   9.165397e-03   3.943757e-04   4.026232e-04   4.394414e-04   1.945278e-03   1.318034e-02   5.226721e-04   1.809038e-03   5.280267e-04
S36   1.835856e-06   1.862335e-06   2.030384e-06   1.955501e-06   2.028609e-06   2.627888e-06   2.371179e-06   2.577339e-06   2.610181e-06   2.693409e-06   2.894626e-06   3.006070e-06   3.028642e-06   7.522563e-07   7.764662e-07   5.805875e-06   5.512472e-06   1.032696e-05   1.955709e-05   6.507138e-06   7.227659e-06   8.302175e-06   7.994534e-06   8.688631e-06   1.053835e-06   1.103055e-06   1.289524e-06   1.219855e-06   1.529510e-05   1.350678e-06   1.305209e-04   1.451009e-06   1.481354e-06   1.616818e-06   2.201067e-05   1.223869e-04   1.923044e-06   2.599423e-05   1.942745e-06
Cl35  1.488935e-04   1.387750e-04   1.128725e-04   1.396234e-04   1.473662e-04   1.277302e-04   1.493691e-04   1.297960e-04   1.305547e-04   1.329115e-04   1.355232e-04   1.383408e-04   1.396478e-04   4.598019e-05   4.745998e-05   1.941369e-04   5.041441e-04   7.758149e-04   8.810534e-04   6.417538e-04   5.849436e-04   5.261220e-04   2.072158e-04   1.979949e-04   6.441360e-05   6.742207e-05   7.881964e-05   7.456124e-05   2.452947e-04   8.255754e-05   2.831450e-03   8.869009e-05   9.054485e-05   9.882480e-05   2.364207e-04   3.123108e-03   1.175423e-04   2.380059e-04   1.187465e-04
Cl37  4.082886e-05   4.330772e-05   3.909843e-05   4.458103e-05   4.796853e-05   4.470679e-05   4.666626e-05   4.601788e-05   4.651313e-05   4.708678e-05   4.868966e-05   5.004976e-05   5.104015e-05   1.554792e-05   1.604830e-05   8.178607e-05   1.029321e-04   1.144548e-04   1.254832e-04   1.080108e-04   1.063717e-04   1.047500e-04   9.684198e-05   9.687349e-05   2.178106e-05   2.279835e-05   2.665237e-05   2.521242e-05   1.539028e-04   2.791632e-05   3.362176e-04   2.999001e-05   3.061718e-05   3.341699e-05   2.316944e-04   3.300742e-04   3.974620e-05   2.482541e-04   4.015339e-05
Ar36  2.618995e-03   2.881124e-03   2.409231e-03   2.918894e-03   3.263948e-03   2.718089e-03   2.885579e-03   2.824013e-03   2.795130e-03   2.861825e-03   2.929570e-03   2.980100e-03   2.997900e-03   9.754762e-04   1.006870e-03   4.611126e-03   5.879605e-03   5.977572e-03   5.625464e-03   5.773063e-03   5.370057e-03   5.015445e-03   4.427712e-03   4.384107e-03   1.366543e-03   1.430369e-03   1.672170e-03   1.581827e-03   5.478652e-03   1.751470e-03   8.170648e-03   1.881573e-03   1.920921e-03   2.096582e-03   5.534847e-03   8.323294e-03   2.493676e-03   5.423349e-03   2.519224e-03
Ar38  7.892881e-04   1.085178e-03   4.732188e-04   1.052793e-03   1.001236e-03   5.956978e-04   8.629596e-04   5.577650e-04   5.539836e-04   5.663550e-04   5.823448e-04   6.003766e-04   5.964259e-04   1.871807e-04   1.932048e-04   1.457866e-03   3.938778e-03   4.347188e-03   3.997353e-03   4.623687e-03   4.036892e-03   3.392204e-03   1.451590e-03   1.157161e-03   2.622213e-04   2.744685e-04   3.208668e-04   3.035313e-04   1.951390e-03   3.360835e-04   8.103055e-03   3.610485e-04   3.685990e-04   4.023058e-04   1.320717e-03   1.024822e-02   4.785029e-04   1.298518e-03   4.834051e-04
Ar40  7.592102e-07   7.817514e-07   8.547426e-07   8.202175e-07   8.714375e-07   1.221377e-06   9.969558e-07   1.208973e-06   1.266081e-06   1.294806e-06   1.430668e-06   1.513873e-06   1.474163e-06   3.076583e-07   3.175582e-07   3.448855e-06   2.651789e-06   3.738697e-06   6.262129e-06   2.453829e-06   2.915293e-06   3.420603e-06   4.988016e-06   5.588821e-06   4.309838e-07   4.511122e-07   5.273718e-07   4.988777e-07   1.017359e-05   5.523780e-07   3.293232e-05   5.934076e-07   6.058164e-07   6.612154e-07   1.476343e-05   2.869422e-05   7.864477e-07   2.037486e-05   7.945017e-07
K39   1.637585e-04   1.458511e-04   1.054948e-04   1.415477e-04   1.468777e-04   1.174001e-04   1.356982e-04   1.211262e-04   1.220845e-04   1.241724e-04   1.265096e-04   1.295014e-04   1.308339e-04   4.298651e-05   4.436994e-05   2.108453e-04   5.533376e-04   7.574944e-04   8.275323e-04   5.639493e-04   5.054815e-04   4.456526e-04   1.963900e-04   1.860790e-04   6.021975e-05   6.303234e-05   7.368784e-05   6.970669e-05   2.421189e-04   7.718238e-05   2.367081e-03   8.291565e-05   8.464964e-05   9.239050e-05   2.401136e-04   2.230962e-03   1.098893e-04   2.528497e-04   1.110151e-04
K40   6.998998e-07   2.690574e-07   1.915830e-07   2.495383e-07   2.426293e-07   2.418972e-07   5.476614e-07   2.448720e-07   2.473129e-07   2.427676e-07   2.577987e-07   2.677146e-07   2.762082e-07   6.896426e-08   7.119776e-08   5.720267e-07   4.883902e-06   1.558934e-05   2.487878e-05   6.555674e-06   6.065970e-06   5.989513e-06   7.938422e-07   8.058507e-07   9.674639e-08   1.012736e-07   1.183942e-07   1.120130e-07   1.396987e-06   1.240430e-07   1.108131e-04   1.332771e-07   1.360735e-07   1.485206e-07   2.437721e-06   9.174223e-05   1.766744e-07   2.624434e-06   1.785122e-07
K41   1.085241e-05   1.016571e-05   8.082328e-06   9.974270e-06   1.305042e-05   9.031888e-06   9.896470e-06   9.374144e-06   9.452322e-06   9.575158e-06   9.803608e-06   1.003317e-05   1.019815e-05   3.261323e-06   3.366283e-06   1.544168e-05   3.714389e-05   4.740862e-05   4.093445e-05   3.236714e-05   2.470639e-05   2.092735e-05   1.589672e-05   1.583423e-05   4.568784e-06   4.782172e-06   5.590588e-06   5.288545e-06   2.062418e-05   5.855714e-06   8.450714e-05   6.290688e-06   6.422244e-06   7.009532e-06   2.416500e-05   6.584293e-05   8.337144e-06   2.576265e-05   8.422556e-06
Ca40  1.919300e-03   2.109316e-03   1.801151e-03   2.111992e-03   2.438172e-03   2.027845e-03   2.084483e-03   2.113436e-03   2.091521e-03   2.147529e-03   2.191890e-03   2.225515e-03   2.246638e-03   7.274028e-04   7.508128e-04   3.603732e-03   4.316854e-03   4.061283e-03   3.647166e-03   3.619053e-03   3.388803e-03   3.246768e-03   3.216386e-03   3.243716e-03   1.019018e-03   1.066611e-03   1.246920e-03   1.179552e-03   4.005446e-03   1.306053e-03   4.458550e-03   1.403070e-03   1.432412e-03   1.563400e-03   4.169312e-03   4.084845e-03   1.859509e-03   4.073055e-03   1.878559e-03
Ca42  2.693085e-05   3.528220e-05   1.287919e-05   3.323889e-05   3.465438e-05   1.564704e-05   2.421645e-05   1.519150e-05   1.512217e-05   1.541029e-05   1.588420e-05   1.641521e-05   1.627403e-05   5.097687e-06   5.261746e-06   4.949233e-05   1.569039e-04   1.607444e-04   1.308178e-04   1.745082e-04   1.475066e-04   1.078513e-04   4.019091e-05   3.194617e-05   7.141344e-06   7.474884e-06   8.738499e-06   8.266383e-06   5.805988e-05   9.152909e-06   2.800706e-04   9.832807e-06   1.003844e-05   1.095641e-05   4.041179e-05   3.132011e-04   1.303157e-05   4.053703e-05   1.316507e-05
Ca43  3.090430e-06   2.836590e-06   2.693739e-06   2.923873e-06   3.003098e-06   2.968761e-06   3.617322e-06   3.090050e-06   3.137069e-06   3.192767e-06   3.259553e-06   3.335370e-06   3.396794e-06   1.089014e-06   1.124061e-06   4.281166e-06   8.783868e-06   2.112211e-05   2.288746e-05   1.474888e-05   1.135854e-05   9.916201e-06   5.034808e-06   5.132581e-06   1.525598e-06   1.596852e-06   1.866796e-06   1.765939e-06   7.030576e-06   1.955326e-06   6.992349e-05   2.100572e-06   2.144501e-06   2.340607e-06   8.542487e-06   6.545286e-05   2.783920e-06   9.192959e-06   2.812441e-06
Ca44  4.090488e-05   4.189952e-05   4.244142e-05   4.398775e-05   4.546789e-05   4.617556e-05   4.813997e-05   4.833181e-05   4.894052e-05   4.956849e-05   5.037788e-05   5.156082e-05   5.255191e-05   1.721770e-05   1.777182e-05   6.007758e-05   6.108413e-05   7.728846e-05   8.133219e-05   7.064205e-05   6.690609e-05   6.779813e-05   6.797688e-05   6.929601e-05   2.412025e-05   2.524680e-05   2.951472e-05   2.792013e-05   8.031548e-05   3.091442e-05   1.340136e-04   3.321081e-05   3.390533e-05   3.700584e-05   9.139457e-05   1.376913e-04   4.401478e-05   9.351000e-05   4.446570e-05
Ca46  8.121253e-08   8.333048e-08   9.809095e-08   8.768842e-08   9.129717e-08   1.664852e-07   1.109792e-07   1.554677e-07   1.702324e-07   1.874778e-07   2.175365e-07   2.373031e-07   2.283077e-07   3.451661e-08   3.562746e-08   6.318179e-07   3.564767e-07   5.468789e-07   8.426406e-07   3.277404e-07   3.802765e-07   4.469912e-07   1.045367e-06   1.267730e-06   4.835428e-08   5.061269e-08   5.916867e-08   5.597195e-08   2.061189e-06   6.197465e-08   3.906616e-06   6.657826e-08   6.797060e-08   7.418623e-08   2.844435e-06   4.285504e-06   8.823717e-08   4.282814e-06   8.914114e-08
Ca48  3.932203e-06   4.043667e-06   4.079538e-06   4.255760e-06   4.368660e-06   4.416781e-06   4.539313e-06   4.630218e-06   4.687102e-06   4.759750e-06   4.831381e-06   4.919885e-06   5.019340e-06   1.683840e-06   1.738031e-06   5.459302e-06   5.530758e-06   5.614093e-06   5.713289e-06   5.816106e-06   5.921681e-06   6.024928e-06   6.162836e-06   6.260362e-06   2.358890e-06   2.469063e-06   2.886453e-06   2.730507e-06   6.764640e-06   3.023339e-06   5.781338e-06   3.247919e-06   3.315842e-06   3.619062e-06   7.335337e-06   6.182001e-06   4.304516e-06   7.654149e-06   4.348615e-06
Sc45  1.308854e-06   1.234400e-06   1.235488e-06   1.291302e-06   1.360893e-06   1.411430e-06   1.835508e-06   1.457476e-06   1.483999e-06   1.521691e-06   1.572209e-06   1.614962e-06   1.649620e-06   4.977169e-07   5.137350e-07   2.465205e-06   2.817427e-06   1.022514e-05   1.080574e-05   6.400793e-06   3.661852e-06   3.473177e-06   3.100610e-06   3.313457e-06   6.972511e-07   7.298166e-07   8.531906e-07   8.070952e-07   4.960438e-06   8.936519e-07   2.999489e-05   9.600343e-07   9.801112e-07   1.069738e-06   6.178081e-06   3.140224e-05   1.272348e-06   8.041850e-06   1.285383e-06
Ti46  9.646481e-06   1.088948e-05   7.613771e-06   1.075511e-05   1.580749e-05   8.700776e-06   1.046223e-05   8.885236e-06   8.860517e-06   9.021790e-06   9.263558e-06   9.545965e-06   9.470793e-06   3.058042e-06   3.156459e-06   2.803939e-05   3.433243e-05   3.684401e-05   3.014331e-05   3.465690e-05   2.551551e-05   2.198967e-05   1.686332e-05   1.567696e-05   4.284007e-06   4.484094e-06   5.242121e-06   4.958904e-06   2.444602e-05   5.490721e-06   4.917664e-05   5.898583e-06   6.021939e-06   6.572620e-06   1.996067e-05   5.727093e-05   7.817481e-06   1.993785e-05   7.897569e-06
Ti47  6.896791e-06   6.976484e-06   6.948454e-06   7.304357e-06   7.768121e-06   7.576291e-06   8.185834e-06   7.906195e-06   7.996715e-06   8.113401e-06   8.251341e-06   8.426587e-06   8.573906e-06   2.816965e-06   2.907623e-06   1.001705e-05   1.245023e-05   1.948696e-05   1.887284e-05   1.662584e-05   1.330934e-05   1.243290e-05   1.123097e-05   1.147108e-05   3.946283e-06   4.130596e-06   4.828865e-06   4.567975e-06   1.344337e-05   5.057867e-06   3.546605e-05   5.433576e-06   5.547207e-06   6.054476e-06   1.467246e-05   3.931321e-05   7.201200e-06   1.541012e-05   7.274974e-06
Ti48  6.805067e-05   7.031764e-05   7.141303e-05   7.374540e-05   7.639357e-05   7.870108e-05   7.993353e-05   8.200002e-05   8.260547e-05   8.391542e-05   8.531480e-05   8.728451e-05   8.869098e-05   2.851590e-05   2.943363e-05   1.043177e-04   1.017560e-04   1.065117e-04   1.074080e-04   1.094618e-04   1.102565e-04   1.124136e-04   1.181675e-04   1.208596e-04   3.994789e-05   4.181368e-05   4.888220e-05   4.624123e-05   1.426801e-04   5.120036e-05   1.188985e-04   5.500364e-05   5.615391e-05   6.128895e-05   1.543018e-04   1.292167e-04   7.289714e-05   1.506863e-04   7.364396e-05
Ti49  5.170333e-06   5.308427e-06   5.300786e-06   5.606144e-06   5.891018e-06   5.972364e-06   6.184499e-06   6.212659e-06   6.206737e-06   6.317069e-06   6.461337e-06   6.557556e-06   6.658623e-06   2.135908e-06   2.204648e-06   8.443694e-06   8.792426e-06   1.300163e-05   1.265970e-05   1.205027e-05   1.013966e-05   9.760708e-06   9.578195e-06   9.796152e-06   2.992191e-06   3.131943e-06   3.661392e-06   3.463577e-06   1.238719e-05   3.835028e-06   2.381633e-05   4.119902e-06   4.206060e-06   4.590687e-06   1.526986e-05   2.799380e-05   5.460167e-06   1.590959e-05   5.516106e-06
Ti50  4.903427e-06   5.049294e-06   5.154318e-06   5.312115e-06   5.469667e-06   5.720615e-06   5.772916e-06   5.981535e-06   6.061795e-06   6.144604e-06   6.298886e-06   6.446976e-06   6.566756e-06   2.089155e-06   2.156391e-06   8.252381e-06   7.889705e-06   9.277031e-06   9.960547e-06   8.852462e-06   8.707560e-06   8.987708e-06   9.989527e-06   1.036326e-05   2.926695e-06   3.063388e-06   3.581248e-06   3.387763e-06   1.440902e-05   3.751083e-06   1.849539e-05   4.029721e-06   4.113994e-06   4.490202e-06   1.987118e-05   2.416559e-05   5.340650e-06   2.178600e-05   5.395364e-06
V50   3.874994e-08   3.170438e-08   2.990361e-08   3.255549e-08   4.440690e-08   3.759903e-08   8.841605e-08   3.696926e-08   3.600718e-08   3.749366e-08   3.995918e-08   3.982705e-08   3.868068e-08   1.126100e-08   1.162342e-08   6.695990e-08   1.468147e-07   1.863263e-06   1.664157e-06   1.112545e-06   3.405469e-07   2.137861e-07   7.246905e-08   7.851896e-08   1.577552e-08   1.651233e-08   1.930371e-08   1.826078e-08   1.099032e-07   2.021916e-08   4.253008e-06   2.172108e-08   2.217532e-08   2.420317e-08   1.290287e-07   5.455213e-06   2.878727e-08   1.293538e-07   2.908219e-08
V51   1.137441e-05   1.178327e-05   1.152582e-05   1.229622e-05   1.422813e-05   1.307953e-05   1.333673e-05   1.352499e-05   1.342343e-05   1.375446e-05   1.408703e-05   1.425638e-05   1.435385e-05   4.588330e-06   4.735996e-06   1.940021e-05   2.047646e-05   2.217414e-05   2.087894e-05   2.121977e-05   2.022389e-05   2.012527e-05   2.058090e-05   2.101520e-05   6.427786e-06   6.727999e-06   7.865354e-06   7.440412e-06   2.559466e-05   8.238357e-06   2.740689e-05   8.850320e-06   9.035404e-06   9.861655e-06   2.823278e-05   3.198413e-05   1.172946e-05   2.807084e-05   1.184963e-05
Cr50  2.514291e-05   2.746102e-05   2.460936e-05   2.783779e-05   3.764708e-05   3.098673e-05   3.096216e-05   3.149405e-05   2.935060e-05   3.052902e-05   3.257924e-05   3.287004e-05   3.122057e-05   9.348348e-06   9.649206e-06   7.388506e-05   5.375127e-05   4.392546e-05   4.223005e-05   4.707901e-05   5.005103e-05   5.202208e-05   6.244011e-05   6.588287e-05   1.309609e-05   1.370775e-05   1.602502e-05   1.515923e-05   9.103283e-05   1.678498e-05   4.313478e-05   1.803180e-05   1.840890e-05   2.009232e-05   1.023027e-04   4.901893e-05   2.389782e-05   9.418055e-05   2.414265e-05
Cr52  4.489325e-04   4.660905e-04   4.680365e-04   4.892699e-04   5.135991e-04   5.312062e-04   5.332711e-04   5.477092e-04   5.434175e-04   5.601722e-04   5.706028e-04   5.759337e-04   5.843578e-04   1.874648e-04   1.934980e-04   7.184180e-04   6.835539e-04   6.807327e-04   6.833684e-04   7.056940e-04   7.392176e-04   7.641052e-04   8.169381e-04   8.316430e-04   2.626193e-04   2.748850e-04   3.213538e-04   3.039920e-04   9.953962e-04   3.365935e-04   6.987824e-04   3.615964e-04   3.691584e-04   4.029164e-04   1.101718e-03   7.376771e-04   4.792291e-04   1.062294e-03   4.841387e-04
Cr53  5.300076e-05   5.539303e-05   5.483703e-05   5.793897e-05   6.302661e-05   6.417240e-05   6.417756e-05   6.603315e-05   6.415278e-05   6.659672e-05   6.841807e-05   6.877693e-05   6.895466e-05   2.166528e-05   2.236253e-05   9.480616e-05   8.510769e-05   8.324887e-05   8.350309e-05   8.680549e-05   9.179132e-05   9.523131e-05   1.043925e-04   1.068624e-04   3.035087e-05   3.176842e-05   3.713881e-05   3.513230e-05   1.325097e-04   3.890006e-05   8.754245e-05   4.178964e-05   4.266358e-05   4.656498e-05   1.504704e-04   9.270859e-05   5.538443e-05   1.424526e-04   5.595184e-05
Cr54  1.311528e-05   1.357308e-05   1.367168e-05   1.424127e-05   1.500607e-05   1.544503e-05   1.554392e-05   1.605817e-05   1.618874e-05   1.646861e-05   1.696135e-05   1.725890e-05   1.748179e-05   5.494169e-06   5.670988e-06   2.336183e-05   2.223399e-05   2.322975e-05   2.374477e-05   2.371028e-05   2.448567e-05   2.538994e-05   2.783309e-05   2.858307e-05   7.696774e-06   8.056256e-06   9.418151e-06   8.909315e-06   3.941505e-05   9.864793e-06   3.406797e-05   1.059757e-05   1.081919e-05   1.180856e-05   5.360428e-05   4.060481e-05   1.404512e-05   5.627279e-05   1.418901e-05
Mn55  3.941723e-04   4.093220e-04   4.099071e-04   4.295807e-04   4.771629e-04   4.641378e-04   4.680386e-04   4.812820e-04   4.766361e-04   4.889097e-04   5.009741e-04   5.054620e-04   5.108905e-04   1.639033e-04   1.691782e-04   6.430264e-04   6.017341e-04   5.949724e-04   6.026257e-04   6.236845e-04   6.467634e-04   6.700071e-04   7.117447e-04   7.255411e-04   2.296120e-04   2.403361e-04   2.809645e-04   2.657848e-04   8.562846e-04   2.942888e-04   6.226762e-04   3.161492e-04   3.227608e-04   3.522759e-04   9.697737e-04   6.602114e-04   4.189973e-04   9.407015e-04   4.232898e-04
Fe54  2.242178e-03   2.362748e-03   2.313789e-03   2.455390e-03   2.768994e-03   2.765531e-03   2.746271e-03   2.853380e-03   2.717907e-03   2.820970e-03   2.956881e-03   2.962958e-03   2.934086e-03   9.024107e-04   9.314530e-04   4.604880e-03   3.722240e-03   3.510275e-03   3.557378e-03   3.745755e-03   4.010334e-03   4.232481e-03   4.865978e-03   5.083929e-03   1.264186e-03   1.323231e-03   1.546920e-03   1.463344e-03   6.569350e-03   1.620281e-03   3.558849e-03   1.740638e-03   1.777040e-03   1.939543e-03   7.625039e-03   3.861293e-03   2.306894e-03   6.802272e-03   2.330528e-03
Fe56  3.523005e-02   3.654405e-02   3.684431e-02   3.835937e-02   3.992005e-02   4.183627e-02   4.166361e-02   4.371014e-02   4.331439e-02   4.509088e-02   4.607214e-02   4.641458e-02   4.618074e-02   1.468994e-02   1.516271e-02   5.808110e-02   5.301233e-02   5.230370e-02   5.309097e-02   5.483785e-02   5.728493e-02   5.929320e-02   6.484444e-02   6.796523e-02   2.057912e-02   2.154028e-02   2.518162e-02   2.382113e-02   7.902702e-02   2.637583e-02   5.331044e-02   2.833508e-02   2.892764e-02   3.157295e-02   8.679438e-02   5.701318e-02   3.755290e-02   8.928885e-02   3.793762e-02
Fe57  8.629361e-04   9.055902e-04   9.132621e-04   9.400715e-04   9.936620e-04   1.092456e-03   1.048653e-03   1.138212e-03   1.117810e-03   1.185947e-03   1.214464e-03   1.214853e-03   1.177388e-03   3.453391e-04   3.564531e-04   1.733137e-03   1.448350e-03   1.392498e-03   1.429361e-03   1.488728e-03   1.598099e-03   1.667951e-03   1.943704e-03   2.089186e-03   4.837851e-04   5.063805e-04   5.919832e-04   5.600000e-04   2.680964e-03   6.200571e-04   1.599522e-03   6.661162e-04   6.800466e-04   7.422340e-04   3.075278e-03   1.784761e-03   8.828138e-04   3.164897e-03   8.918581e-04
Fe58  1.142204e-04   1.188159e-04   1.250626e-04   1.241516e-04   1.297813e-04   1.556738e-04   1.456300e-04   1.598290e-04   1.646791e-04   1.683469e-04   1.818750e-04   1.830714e-04   1.830804e-04   4.674499e-05   4.824939e-05   3.530374e-04   3.117052e-04   3.334595e-04   3.651378e-04   3.484616e-04   3.739845e-04   4.018128e-04   4.866322e-04   5.106293e-04   6.548500e-05   6.854351e-05   8.013066e-05   7.580143e-05   9.502323e-04   8.393074e-05   7.411927e-04   9.016529e-05   9.205090e-05   1.004686e-04   1.452158e-03   9.954432e-04   1.194974e-04   1.493849e-03   1.207216e-04
Co59  1.081871e-04   1.128174e-04   1.158118e-04   1.181029e-04   1.257314e-04   1.392848e-04   1.341061e-04   1.428179e-04   1.448469e-04   1.544145e-04   1.701778e-04   1.588159e-04   1.573625e-04   4.376476e-05   4.517325e-05   2.579535e-04   2.306722e-04   2.510581e-04   2.541835e-04   2.617959e-04   2.655842e-04   2.765131e-04   3.329253e-04   3.573868e-04   6.131001e-05   6.417352e-05   7.502193e-05   7.096871e-05   5.725249e-04   7.857974e-05   3.760554e-04   8.441681e-05   8.618219e-05   9.406320e-05   7.453910e-04   4.973539e-04   1.118789e-04   7.778498e-04   1.130250e-04
Ni58  1.616620e-03   1.719792e-03   1.690591e-03   1.757663e-03   1.889457e-03   2.136521e-03   1.986891e-03   2.208055e-03   2.146092e-03   2.578679e-03   2.620009e-03   2.388071e-03   2.252518e-03   6.296968e-04   6.499624e-04   3.532360e-03   2.742520e-03   2.535020e-03   2.628087e-03   2.719616e-03   3.006426e-03   3.087717e-03   3.801190e-03   4.209618e-03   8.821416e-04   9.233424e-04   1.079432e-03   1.021113e-03   5.237336e-03   1.130622e-03   2.577549e-03   1.214607e-03   1.240008e-03   1.353401e-03   5.711105e-03   2.850338e-03   1.609737e-03   6.100138e-03   1.626228e-03
Ni60  6.267044e-04   6.659344e-04   6.486639e-04   6.955028e-04   7.030399e-04   7.572503e-04   7.407725e-04   7.805313e-04   7.781793e-04   8.132347e-04   8.847238e-04   8.503916e-04   8.296657e-04   2.509124e-04   2.589875e-04   1.160734e-03   1.171827e-03   1.117533e-03   1.108730e-03   1.233651e-03   1.274382e-03   1.293284e-03   1.371845e-03   1.443692e-03   3.515029e-04   3.679200e-04   4.301162e-04   4.068783e-04   1.892604e-03   4.505138e-04   1.297058e-03   4.839790e-04   4.941003e-04   5.392837e-04   2.139639e-03   1.565377e-03   6.414246e-04   2.234629e-03   6.479958e-04
Ni61  2.975060e-05   3.040578e-05   3.240652e-05   3.122799e-05   3.339764e-05   4.117361e-05   3.679788e-05   4.156924e-05   4.175352e-05   4.704855e-05   5.295258e-05   4.870159e-05   4.620402e-05   1.108903e-05   1.144591e-05   8.794212e-05   7.426155e-05   9.571990e-05   1.094675e-04   8.604962e-05   9.045252e-05   9.591072e-05   1.154036e-04   1.262396e-04   1.553461e-05   1.626016e-05   1.900891e-05   1.798191e-05   2.419152e-04   1.991038e-05   2.672447e-04   2.138937e-05   2.183668e-05   2.383355e-05   3.656668e-04   3.155470e-04   2.834765e-05   3.804613e-04   2.863806e-05
Ni62  1.058285e-04   1.185033e-04   1.195465e-04   1.176013e-04   1.339823e-04   1.772116e-04   1.482754e-04   1.781658e-04   1.752634e-04   2.223433e-04   2.244287e-04   2.074242e-04   1.788552e-04   3.593538e-05   3.709189e-05   3.719356e-04   2.796266e-04   3.078249e-04   3.577737e-04   3.308951e-04   3.551524e-04   3.631402e-04   4.265988e-04   4.851177e-04   5.034184e-05   5.269308e-05   6.160074e-05   5.827263e-05   7.325686e-04   6.452207e-05   7.957684e-04   6.931490e-05   7.076447e-05   7.723558e-05   1.023616e-03   1.064404e-03   9.186408e-05   1.040727e-03   9.280521e-05
Ni64  2.303818e-05   2.414395e-05   2.772939e-05   2.536758e-05   2.723765e-05   3.721063e-05   3.032649e-05   3.810457e-05   3.895074e-05   3.911201e-05   4.259235e-05   4.457329e-05   4.578639e-05   9.447184e-06   9.751223e-06   1.086309e-04   8.200762e-05   8.448560e-05   9.121129e-05   8.026032e-05   8.972653e-05   9.990509e-05   1.532210e-04   1.623783e-04   1.323455e-05   1.385268e-05   1.619444e-05   1.531950e-05   3.326180e-04   1.696244e-05   1.903067e-04   1.822245e-05   1.860353e-05   2.030474e-05   6.345338e-04   2.749148e-04   2.415048e-05   8.452422e-04   2.439790e-05
Cu63  1.868265e-05   1.965054e-05   2.121145e-05   2.065036e-05   2.182620e-05   2.667903e-05   2.364496e-05   2.699278e-05   2.756887e-05   2.957563e-05   3.331113e-05   3.027519e-05   3.183313e-05   7.642059e-06   7.888004e-06   6.888465e-05   5.706693e-05   4.899314e-05   5.043852e-05   5.511270e-05   6.534063e-05   7.306329e-05   9.391385e-05   9.784511e-05   1.070575e-05   1.120577e-05   1.310008e-05   1.239232e-05   2.128084e-04   1.372134e-05   8.428972e-05   1.474059e-05   1.504885e-05   1.642501e-05   4.562088e-04   1.394164e-04   1.953592e-05   5.678321e-04   1.973606e-05
Cu65  8.466265e-06   8.777811e-06   9.585427e-06   9.213709e-06   9.790322e-06   1.205584e-05   1.083649e-05   1.221888e-05   1.251116e-05   1.293144e-05   1.450824e-05   1.457357e-05   1.477077e-05   3.513665e-06   3.626745e-06   2.970111e-05   2.343354e-05   3.034760e-05   3.288120e-05   2.843239e-05   2.725167e-05   2.912477e-05   4.200395e-05   4.548364e-05   4.922289e-06   5.152187e-06   6.023155e-06   5.697741e-06   8.833353e-05   6.308794e-06   6.627760e-05   6.777424e-06   6.919159e-06   7.551887e-06   1.361933e-04   1.005017e-04   8.982222e-06   1.480796e-04   9.074243e-06
Zn64  3.047819e-05   3.137997e-05   3.171656e-05   3.317940e-05   3.408100e-05   3.446669e-05   3.531372e-05   3.611859e-05   3.652737e-05   4.042730e-05   6.390462e-05   3.846737e-05   3.907753e-05   1.299683e-05   1.341511e-05   4.341979e-05   4.421349e-05   4.503318e-05   4.556297e-05   4.754905e-05   4.797632e-05   4.844193e-05   4.900696e-05   4.973272e-05   1.820725e-05   1.905763e-05   2.227928e-05   2.107559e-05   5.536102e-05   2.333584e-05   4.798146e-05   2.506928e-05   2.559355e-05   2.793397e-05   6.199331e-05   5.368025e-05   3.322469e-05   6.206155e-05   3.356507e-05
Zn66  1.833114e-05   1.923480e-05   1.962457e-05   2.003305e-05   2.123752e-05   2.387825e-05   2.245372e-05   2.441001e-05   2.483468e-05   2.565897e-05   2.690950e-05   2.764424e-05   2.729426e-05   7.558770e-06   7.802034e-06   4.359142e-05   4.211239e-05   4.827081e-05   4.804677e-05   5.107476e-05   4.959120e-05   4.803895e-05   5.649757e-05   6.206970e-05   1.058907e-05   1.108364e-05   1.295731e-05   1.225726e-05   9.857079e-05   1.357179e-05   8.272478e-05   1.457993e-05   1.488484e-05   1.624599e-05   1.379471e-04   1.181909e-04   1.932300e-05   1.517268e-04   1.952096e-05
Zn67  2.641932e-06   2.737235e-06   3.070448e-06   2.879851e-06   2.999003e-06   3.675780e-06   3.160646e-06   3.844810e-06   3.889868e-06   4.179264e-06   4.656505e-06   4.619281e-06   4.779243e-06   1.117968e-06   1.153947e-06   1.037364e-05   6.213761e-06   5.373285e-06   5.619825e-06   5.792197e-06   6.879659e-06   7.738846e-06   1.499728e-05   1.612849e-05   1.566159e-06   1.639308e-06   1.916430e-06   1.812890e-06   3.004218e-05   2.007313e-06   1.144365e-05   2.156421e-06   2.201518e-06   2.402837e-06   4.476405e-05   1.536767e-05   2.857937e-06   6.005734e-05   2.887216e-06
Zn68  1.224105e-05   1.264532e-05   1.323285e-05   1.330992e-05   1.391081e-05   1.561860e-05   1.479253e-05   1.661846e-05   1.714041e-05   1.727385e-05   1.877725e-05   1.823127e-05   1.879440e-05   5.181075e-06   5.347818e-06   3.018823e-05   2.699926e-05   2.907133e-05   3.034626e-05   2.925846e-05   3.028194e-05   3.146315e-05   4.041658e-05   4.491364e-05   7.258162e-06   7.597159e-06   8.881444e-06   8.401604e-06   7.036247e-05   9.302633e-06   6.226089e-05   9.993652e-06   1.020265e-05   1.113564e-05   1.461032e-04   8.608274e-05   1.324474e-05   2.093476e-04   1.338043e-05
Zn70  4.126114e-07   4.240413e-07   5.753602e-07   4.463293e-07   4.587116e-07   8.632907e-07   4.821941e-07   7.763344e-07   8.062944e-07   1.250487e-06   1.588503e-06   1.815413e-06   1.606640e-06   1.765331e-07   1.822145e-07   4.586174e-06   1.088578e-06   1.078984e-06   1.201366e-06   1.094772e-06   1.320512e-06   1.642315e-06   6.818082e-06   7.577233e-06   2.473050e-07   2.588555e-07   3.026146e-07   2.862652e-07   1.226759e-05   3.169656e-07   9.078277e-07   3.405105e-07   3.476315e-07   3.794209e-07   1.250637e-05   1.176986e-06   4.512836e-07   2.357856e-05   4.559069e-07
Ga69  1.170094e-06   1.206157e-06   1.298157e-06   1.269271e-06   1.338970e-06   1.672420e-06   1.443976e-06   1.687934e-06   1.772189e-06   1.924350e-06   2.123368e-06   2.231454e-06   2.170365e-06   4.915491e-07   5.073686e-07   4.531387e-06   3.217439e-06   3.939803e-06   3.743482e-06   3.806469e-06   3.637761e-06   3.921863e-06   6.425600e-06   7.276807e-06   6.886106e-07   7.207725e-07   8.426177e-07   7.970934e-07   1.178470e-05   8.825776e-07   5.369502e-06   9.481373e-07   9.679655e-07   1.056482e-06   2.328573e-05   9.725519e-06   1.256581e-06   3.163890e-05   1.269454e-06
Ga71  7.971444e-07   8.259175e-07   8.864519e-07   8.695174e-07   9.097486e-07   1.094923e-06   9.783959e-07   1.146095e-06   1.183213e-06   1.363372e-06   1.503108e-06   1.597761e-06   1.498016e-06   3.356908e-07   3.464943e-07   3.057554e-06   2.002623e-06   2.176841e-06   2.612166e-06   2.043221e-06   2.241521e-06   2.470666e-06   4.524706e-06   5.239467e-06   4.702688e-07   4.922330e-07   5.754440e-07   5.443544e-07   7.990900e-06   6.027335e-07   8.414241e-06   6.475059e-07   6.610470e-07   7.214970e-07   1.491102e-05   1.125533e-05   8.581492e-07   2.238611e-05   8.669408e-07
Ge70  1.362513e-06   1.418910e-06   1.428374e-06   1.489866e-06   1.596557e-06   1.771618e-06   1.695777e-06   1.883664e-06   1.945740e-06   1.766985e-06   1.776339e-06   1.839634e-06   1.909015e-06   5.663950e-07   5.846233e-07   3.158560e-06   3.974340e-06   4.557777e-06   4.128380e-06   4.852503e-06   4.468850e-06   4.215099e-06   4.074194e-06   4.456674e-06   7.934621e-07   8.305212e-07   9.709192e-07   9.184632e-07   7.269288e-06   1.016964e-06   6.081444e-06   1.092506e-06   1.115353e-06   1.217348e-06   2.075843e-05   1.021991e-05   1.447914e-06   1.958100e-05   1.462748e-06
Ge72  1.861398e-06   1.938588e-06   1.971228e-06   2.037033e-06   2.117917e-06   2.405495e-06   2.323846e-06   2.535106e-06   2.623012e-06   2.726297e-06   2.988035e-06   3.092293e-06   2.931746e-06   7.789841e-07   8.040541e-07   4.886259e-06   5.037714e-06   6.158476e-06   6.705467e-06   6.384273e-06   6.363698e-06   6.123022e-06   6.876956e-06   8.300344e-06   1.091278e-06   1.142247e-06   1.335341e-06   1.263196e-06   1.222335e-05   1.398668e-06   1.679573e-05   1.502564e-06   1.533986e-06   1.674263e-06   2.625787e-05   2.602771e-05   1.991370e-06   3.029294e-05   2.011771e-06
Ge73  5.258199e-07   5.436431e-07   5.971465e-07   5.724541e-07   5.951046e-07   7.453694e-07   6.272063e-07   7.937069e-07   8.289068e-07   9.283511e-07   1.021492e-06   1.067885e-06   1.075772e-06   2.233142e-07   2.305011e-07   2.263432e-06   1.364717e-06   1.068616e-06   1.081097e-06   1.205778e-06   1.532603e-06   1.771796e-06   3.617327e-06   4.225531e-06   3.128406e-07   3.274519e-07   3.828071e-07   3.621251e-07   7.181173e-06   4.009611e-07   1.936612e-06   4.307454e-07   4.397534e-07   4.799671e-07   1.389637e-05   3.262672e-06   5.708733e-07   2.164294e-05   5.767217e-07
Ge74  2.505824e-06   2.581633e-06   2.676153e-06   2.717518e-06   2.822591e-06   3.148681e-06   2.993518e-06   3.385080e-06   3.521121e-06   3.481503e-06   3.528570e-06   3.676908e-06   3.790782e-06   1.065424e-06   1.099713e-06   6.013875e-06   5.321850e-06   5.697411e-06   6.043278e-06   5.696134e-06   5.941623e-06   6.290063e-06   8.423934e-06   9.517991e-06   1.492552e-06   1.562262e-06   1.826360e-06   1.727687e-06   1.499445e-05   1.912972e-06   1.265751e-05   2.055072e-06   2.098049e-06   2.289907e-06   3.178456e-05   1.765399e-05   2.723617e-06   5.041223e-05   2.751520e-06
