# Cinquegrana, Heger & Karakas 2025
M      10.8   11.0   11.3   11.5   11.8   12.0   12.3   12.5   12.8   13.0   13.3   13.5   13.8   14.0   14.3   14.5   15.0   15.3   15.5   15.8   16.0   16.3   16.5   16.8   17.0   17.3   17.5   17.8   18.0   18.3   18.5   18.8   19.0   19.3   19.5   19.8   20.0
E      1.0   1.0   1.0   1.0   1.0   1.0   1.0   1.0   1.0   1.0   1.0   1.0   1.0   1.0   1.0   1.0   1.0   1.0   1.0   1.0   1.0   1.0   1.0   1.0   1.0   1.0   1.0   1.0   1.0   1.0   1.0   1.0   1.0   1.0   1.0   1.0   1.0
Mrem   1.530   1.289   1.570   1.590   1.601   1.604   1.573   1.599   1.668   1.641   1.610   1.575   1.589   1.608   13.162   1.413   1.446   14.034   1.480   1.539   1.560   1.634   1.653   15.290   1.716   15.700   1.582   1.502   1.609   16.520   1.603   1.539   16.676   17.150   16.876   2.085   17.687
H1    6.432361e+00   6.673805e+00   6.697117e+00   6.822560e+00   6.952915e+00   7.081562e+00   7.209846e+00   7.335526e+00   7.454580e+00   7.676290e+00   7.759903e+00   7.747676e+00   7.851072e+00   7.951709e+00   7.912778e-01   7.980219e+00   8.191523e+00   8.831044e-01   8.385867e+00   8.517759e+00   8.606803e+00   8.775020e+00   8.854589e+00   1.058167e+00   9.073694e+00   1.122719e+00   9.040149e+00   9.043548e+00   9.193989e+00   1.250668e+00   7.807202e+00   9.346131e+00   1.678945e+00   1.514551e+00   1.890081e+00   1.012780e+01   1.666111e+00
H2    6.912624e-08   6.919529e-08   7.561662e-08   7.862836e-08   8.163383e-08   8.486772e-08   8.786674e-08   9.088140e-08   9.393045e-08   9.690680e-08   1.019233e-07   1.016701e-07   1.040320e-07   1.064818e-07   8.624943e-08   1.084470e-07   1.139987e-07   9.577983e-08   1.199264e-07   1.253684e-07   1.285793e-07   1.319216e-07   1.346704e-07   1.107313e-07   1.393692e-07   1.160989e-07   1.416912e-07   1.450875e-07   1.474188e-07   1.267306e-07   1.433414e-07   1.560637e-07   1.349668e-07   1.374847e-07   1.399093e-07   1.765872e-07   1.456310e-07
He3   3.714394e-04   4.021829e-04   4.122892e-04   4.172780e-04   4.217525e-04   4.263681e-04   4.312819e-04   4.365431e-04   4.415677e-04   4.526511e-04   4.560431e-04   4.527604e-04   4.567789e-04   4.606831e-04   6.550259e-05   4.583067e-04   4.667896e-04   7.434842e-05   4.745317e-04   4.804524e-04   4.840980e-04   4.919402e-04   4.953868e-04   9.044921e-05   5.046839e-04   9.626834e-05   5.000082e-04   4.991947e-04   5.071564e-04   1.085612e-04   4.288446e-04   5.124911e-04   1.408710e-04   1.299717e-04   1.581114e-04   5.571145e-04   1.449927e-04
He4   2.677606e+00   2.928014e+00   2.855563e+00   2.938972e+00   3.041764e+00   3.138690e+00   3.230062e+00   3.315581e+00   3.393780e+00   3.529313e+00   3.654080e+00   3.800886e+00   3.916272e+00   4.038065e+00   2.871897e-01   4.566899e+00   4.754573e+00   3.217742e-01   4.961499e+00   5.024198e+00   5.131618e+00   5.185767e+00   5.291612e+00   3.887265e-01   5.485100e+00   4.139012e-01   5.741561e+00   5.823951e+00   5.929114e+00   4.638548e-01   5.113778e+00   6.181792e+00   6.252387e-01   5.672915e-01   7.105791e-01   6.442961e+00   6.266565e-01
Li6   2.130574e-11   2.210842e-11   2.291011e-11   2.356527e-11   2.404221e-11   2.456220e-11   2.508977e-11   2.567511e-11   2.623036e-11   2.699192e-11   2.706228e-11   2.676205e-11   2.720198e-11   2.776234e-11   2.373811e-11   2.761190e-11   2.860115e-11   2.520114e-11   2.945296e-11   2.994716e-11   3.043657e-11   3.184793e-11   3.220264e-11   2.756835e-11   3.263123e-11   2.856384e-11   3.258798e-11   3.319426e-11   3.345292e-11   3.002707e-11   2.853199e-11   3.498273e-11   3.117037e-11   3.151058e-11   3.188195e-11   3.805451e-11   3.260966e-11
Li7   1.622308e-08   2.311266e-08   4.124497e-08   4.639969e-08   5.141141e-08   5.447678e-08   5.874715e-08   6.251053e-08   6.248736e-08   6.091440e-08   8.019487e-08   1.146315e-07   1.311587e-07   1.351251e-07   8.823703e-10   1.580166e-07   1.537543e-07   9.320593e-10   1.663261e-07   1.696826e-07   1.704213e-07   1.044480e-07   1.026186e-07   1.016943e-09   1.262073e-07   1.046137e-09   1.576229e-07   1.925548e-07   1.652854e-07   1.101684e-09   2.478103e-07   1.762765e-07   1.137008e-09   1.151862e-09   1.166915e-09   1.867323e-07   1.193939e-09
Be9   1.277624e-11   2.074310e-11   2.028134e-11   2.248368e-11   2.280658e-11   2.326651e-11   2.369427e-11   2.426351e-11   2.474026e-11   2.544541e-11   2.538075e-11   2.523128e-11   2.559266e-11   2.601232e-11   2.146089e-11   2.608500e-11   2.687437e-11   2.275137e-11   2.798863e-11   2.768297e-11   2.816417e-11   3.427516e-11   3.453553e-11   2.449921e-11   3.144300e-11   2.505937e-11   3.004975e-11   3.069716e-11   3.054734e-11   2.622794e-11   2.603936e-11   3.303338e-11   2.707833e-11   2.732994e-11   2.760978e-11   3.405535e-11   2.815948e-11
B10   3.499725e-10   5.028721e-10   5.491785e-10   5.682472e-10   5.825085e-10   5.941994e-10   6.083485e-10   6.220281e-10   6.334505e-10   6.511681e-10   6.724196e-10   7.108664e-10   7.323482e-10   7.495725e-10   2.239337e-10   7.348017e-10   7.273968e-10   2.699709e-10   7.773206e-10   7.289824e-10   7.113552e-10   7.274132e-10   7.307589e-10   3.454354e-10   7.392335e-10   3.719881e-10   7.458399e-10   7.858169e-10   7.545439e-10   4.308992e-10   6.070471e-10   8.161862e-10   4.819647e-10   4.926394e-10   5.201524e-10   8.146799e-10   5.476139e-10
B11   2.604897e-08   3.105995e-08   2.863367e-08   2.949337e-08   3.227594e-08   3.670140e-08   4.075407e-08   5.157608e-08   5.312943e-08   5.411877e-08   3.339759e-08   5.850020e-08   7.154093e-08   8.414983e-08   9.315123e-10   2.966440e-07   3.717893e-07   1.128975e-09   4.811228e-07   2.991223e-07   3.161219e-07   4.450345e-07   4.720405e-07   1.439575e-09   4.343701e-07   1.543514e-09   4.624613e-07   6.318922e-07   4.838137e-07   1.756064e-09   2.492195e-07   7.447945e-07   1.892442e-09   1.936162e-09   1.987806e-09   3.943517e-07   2.066278e-09
C12   1.288027e-02   1.318610e-02   1.349559e-02   1.449135e-02   1.517674e-02   1.592694e-02   1.682993e-02   1.808843e-02   1.856737e-02   1.978478e-02   2.122295e-02   2.828652e-02   3.210026e-02   3.601925e-02   1.374550e-03   8.030807e-02   9.275690e-02   1.569818e-03   1.099525e-01   9.502974e-02   1.031173e-01   1.103450e-01   1.178544e-01   1.922110e-03   1.113781e-01   2.047253e-03   1.479029e-01   1.841712e-01   1.573456e-01   2.310357e-03   1.379652e-01   2.119775e-01   3.067742e-03   2.788574e-03   3.456495e-03   1.601530e-01   3.110357e-03
C13   4.618614e-04   4.622910e-04   4.755855e-04   4.861045e-04   4.972987e-04   5.082649e-04   5.194703e-04   5.306058e-04   5.420888e-04   5.605792e-04   5.705549e-04   5.729979e-04   5.829901e-04   5.939208e-04   5.425913e-05   6.049643e-04   6.235765e-04   5.952363e-05   6.442070e-04   6.557517e-04   6.645613e-04   6.771981e-04   6.860077e-04   6.947353e-05   7.074724e-04   7.232076e-05   7.101963e-04   7.151090e-04   7.262959e-04   7.798517e-05   7.476152e-04   7.430303e-04   1.174976e-04   9.582622e-05   1.306377e-04   7.968045e-04   1.012765e-04
N14   1.429406e-02   1.570520e-02   1.459012e-02   1.505181e-02   1.569720e-02   1.624435e-02   1.680097e-02   1.728606e-02   1.772161e-02   1.840864e-02   1.906654e-02   1.984516e-02   2.040832e-02   2.108940e-02   7.680106e-04   2.249948e-02   2.299956e-02   8.276321e-04   2.431734e-02   2.419878e-02   2.439317e-02   2.485802e-02   2.528713e-02   9.770480e-04   2.648213e-02   1.042217e-03   2.726383e-02   2.757302e-02   2.814488e-02   1.156413e-03   2.455146e-02   2.965064e-02   1.596782e-03   1.458708e-03   1.848747e-03   3.209467e-02   1.577268e-03
N15   4.796375e-06   5.209508e-06   5.054866e-06   5.260108e-06   5.482713e-06   5.641285e-06   5.767663e-06   5.870148e-06   5.994595e-06   6.341240e-06   6.751685e-06   8.045439e-06   8.714093e-06   9.838976e-06   7.565945e-07   2.377200e-05   2.689445e-05   8.734441e-07   3.094443e-05   1.672307e-05   1.720555e-05   2.663129e-05   2.677943e-05   1.080750e-06   2.199111e-05   1.155434e-06   2.941492e-05   3.479400e-05   3.089843e-05   1.314962e-06   2.001727e-05   4.562794e-05   1.668504e-06   1.568626e-06   1.868688e-06   2.563495e-05   1.757125e-06
O16   3.855184e-02   4.031492e-02   4.621078e-02   4.897959e-02   5.202094e-02   5.345259e-02   5.535534e-02   5.678823e-02   5.877887e-02   6.274043e-02   7.581161e-02   9.795629e-02   1.084394e-01   1.196394e-01   3.958175e-03   2.844289e-01   3.236143e-01   4.412628e-03   3.646964e-01   3.838616e-01   4.082992e-01   3.461898e-01   3.730520e-01   5.271285e-03   4.048033e-01   5.586824e-03   6.893070e-01   8.371489e-01   7.815698e-01   6.209544e-03   7.543986e-01   1.061938e+00   8.330520e-03   7.498600e-03   9.359725e-03   6.575868e-01   8.244588e-03
O17   5.713833e-05   5.466189e-05   5.167467e-05   5.123905e-05   5.025291e-05   4.911023e-05   4.813636e-05   4.771908e-05   4.751770e-05   4.759549e-05   4.611363e-05   4.641154e-05   4.687756e-05   4.655644e-05   1.999697e-06   4.803784e-05   4.935288e-05   2.115984e-06   5.147595e-05   4.140019e-05   4.112383e-05   4.609439e-05   4.480937e-05   2.457694e-06   4.196506e-05   2.586741e-06   4.142484e-05   4.157024e-05   4.029119e-05   2.832157e-06   3.535749e-05   4.917702e-05   3.832543e-06   3.420066e-06   4.308825e-06   3.829185e-05   3.675067e-06
O18   9.801917e-05   8.637363e-05   7.713110e-05   8.206201e-05   8.643258e-05   8.960913e-05   9.405289e-05   9.768979e-05   9.953402e-05   1.056003e-04   1.165130e-04   1.455492e-04   1.527891e-04   1.582951e-04   7.749893e-06   1.199108e-03   1.614327e-03   8.770366e-06   1.517070e-03   1.869370e-03   1.974385e-03   1.494230e-03   1.482904e-03   1.060626e-05   1.370191e-03   1.125640e-05   2.263484e-03   2.104807e-03   2.119441e-03   1.259626e-05   1.121278e-03   1.426402e-03   1.682663e-05   1.519072e-05   1.890114e-05   2.723200e-04   1.680525e-05
F19   6.490044e-06   4.014491e-06   2.965301e-06   3.071557e-06   3.165267e-06   3.256415e-06   3.290680e-06   3.245592e-06   3.297595e-06   3.408823e-06   3.853893e-06   4.435878e-06   4.633813e-06   4.826268e-06   3.597435e-07   7.417588e-06   8.097718e-06   4.007876e-07   7.825371e-06   3.984667e-06   4.176200e-06   9.946017e-06   9.758840e-06   4.782882e-07   8.677244e-06   5.067938e-07   1.198349e-05   1.432680e-05   1.307614e-05   5.628990e-07   4.328638e-06   1.846945e-05   7.551744e-07   6.795057e-07   8.480469e-07   7.203905e-06   7.468148e-07
Ne20  1.113654e-02   1.102877e-02   1.291305e-02   1.368815e-02   1.441888e-02   1.505879e-02   1.550208e-02   1.545355e-02   1.580675e-02   1.692408e-02   1.947731e-02   2.414669e-02   2.591629e-02   2.777962e-02   1.227750e-03   6.239318e-02   6.810257e-02   1.371539e-03   6.242700e-02   2.022654e-02   2.141385e-02   6.008022e-02   6.454311e-02   1.646725e-03   7.696178e-02   1.748704e-03   1.417950e-01   1.552420e-01   1.611549e-01   1.950873e-03   2.815825e-02   2.001553e-01   2.621538e-03   2.368273e-03   2.958193e-03   7.574434e-02   2.607913e-03
Ne21  5.163833e-05   5.465610e-05   5.113964e-05   5.379100e-05   5.846090e-05   6.374405e-05   6.620785e-05   6.976482e-05   7.380391e-05   7.894507e-05   7.562469e-05   9.108652e-05   9.833901e-05   1.097443e-04   3.337280e-06   1.832527e-04   2.060348e-04   3.786905e-06   2.320323e-04   1.245656e-04   1.355005e-04   5.134544e-04   5.123916e-04   4.674221e-06   3.252061e-04   5.004914e-06   3.090404e-04   4.127377e-04   3.202299e-04   5.630360e-06   1.362515e-04   5.144873e-04   7.549645e-06   6.932911e-06   8.646870e-06   4.233653e-04   7.589965e-06
Ne22  9.834851e-04   9.182803e-04   8.635745e-04   9.028650e-04   9.376320e-04   9.674658e-04   9.982722e-04   1.036011e-03   1.060562e-03   1.100414e-03   1.252887e-03   1.505623e-03   1.639943e-03   1.790747e-03   9.476055e-05   3.770405e-03   4.466724e-03   1.057476e-04   4.903036e-03   4.797729e-03   5.603428e-03   5.318420e-03   5.720921e-03   1.263717e-04   6.554951e-03   1.339407e-04   8.104891e-03   9.625758e-03   8.931095e-03   1.488966e-04   8.512746e-03   1.166707e-02   1.997084e-04   1.797775e-04   2.243243e-04   8.151326e-03   1.977485e-04
Na23  3.528233e-04   3.786409e-04   3.683891e-04   3.793914e-04   4.001104e-04   4.257878e-04   4.367069e-04   4.492500e-04   4.635763e-04   4.754858e-04   5.489737e-04   7.414579e-04   7.985284e-04   8.620111e-04   2.192163e-05   1.721710e-03   1.869373e-03   2.468264e-05   1.951283e-03   8.307635e-04   8.639087e-04   1.217987e-03   1.262792e-03   3.048285e-05   1.827159e-03   3.276753e-05   3.531942e-03   4.916775e-03   3.769318e-03   3.740871e-05   1.103418e-03   6.110578e-03   5.102363e-05   4.701235e-05   5.932253e-05   1.301505e-03   5.241686e-05
Mg24  2.772877e-03   2.667076e-03   3.497077e-03   3.797062e-03   3.882101e-03   3.891947e-03   4.019867e-03   3.929166e-03   3.948340e-03   4.416813e-03   5.492411e-03   5.382953e-03   5.689583e-03   6.007946e-03   2.935321e-04   1.228322e-02   1.281529e-02   3.279368e-04   1.050177e-02   1.067081e-02   1.095330e-02   1.392587e-02   1.512868e-02   3.938056e-04   1.596506e-02   4.182270e-04   2.554082e-02   2.107204e-02   2.929052e-02   4.666471e-04   1.730075e-02   2.864882e-02   6.271409e-04   5.666235e-04   7.078383e-04   2.274893e-02   6.240345e-04
Mg25  3.456033e-04   3.225723e-04   3.929608e-04   4.185505e-04   4.392581e-04   4.519904e-04   4.670419e-04   4.663300e-04   4.767377e-04   5.208596e-04   5.529318e-04   6.521951e-04   7.015368e-04   7.524294e-04   3.835173e-05   1.660782e-03   1.838249e-03   4.275430e-05   1.756573e-03   7.922232e-04   8.688440e-04   2.192840e-03   2.359784e-03   5.108111e-05   2.557435e-03   5.414089e-05   3.637653e-03   3.876330e-03   4.186974e-03   6.019070e-05   1.183818e-03   5.028956e-03   8.075232e-05   7.269671e-05   9.073616e-05   3.435011e-03   7.992783e-05
Mg26  4.496263e-04   4.558582e-04   4.912120e-04   5.226167e-04   5.506059e-04   5.618873e-04   5.851734e-04   5.847629e-04   5.991538e-04   6.454074e-04   7.095267e-04   7.885577e-04   8.308147e-04   8.761265e-04   4.466479e-05   1.667094e-03   1.829633e-03   4.998504e-05   1.735457e-03   1.075329e-03   1.158317e-03   1.996322e-03   2.136532e-03   6.026305e-05   2.517795e-03   6.409625e-05   3.755808e-03   3.582693e-03   4.411921e-03   7.170666e-05   1.584698e-03   4.639084e-03   9.647251e-05   8.740253e-05   1.092309e-04   3.249889e-03   9.635023e-05
Al27  3.070478e-04   3.055623e-04   3.663130e-04   3.875532e-04   3.941541e-04   3.971394e-04   4.069099e-04   4.011323e-04   4.074145e-04   4.432906e-04   5.419848e-04   5.415355e-04   5.714406e-04   6.029357e-04   3.337972e-05   1.107567e-03   1.163227e-03   3.730357e-05   1.031328e-03   1.401523e-03   1.463534e-03   1.062374e-03   1.133492e-03   4.483004e-05   1.446772e-03   4.762663e-05   2.352042e-03   2.261107e-03   2.665138e-03   5.317861e-05   2.416620e-03   3.062857e-03   7.150920e-05   6.464477e-05   8.078933e-05   1.971845e-03   7.124230e-05
Si28  4.328720e-03   7.930264e-03   5.255020e-03   5.471876e-03   5.595041e-03   5.907289e-03   6.136634e-03   6.595436e-03   6.517888e-03   6.712831e-03   5.778681e-03   7.281589e-03   7.963618e-03   8.621301e-03   3.898915e-04   2.041627e-02   2.469825e-02   4.355901e-04   3.271022e-02   5.513940e-02   5.685402e-02   3.018202e-02   3.217344e-02   5.230807e-04   2.546678e-02   5.555182e-04   2.503308e-02   4.849637e-02   2.787597e-02   6.198315e-04   9.123532e-02   4.600957e-02   8.330039e-04   7.526228e-04   9.401840e-04   6.473790e-02   8.288737e-04
Si29  1.872494e-04   1.928162e-04   2.145767e-04   2.237976e-04   2.278454e-04   2.297719e-04   2.361126e-04   2.391885e-04   2.420484e-04   2.584302e-04   2.826134e-04   2.736540e-04   2.860820e-04   2.986587e-04   2.050491e-05   4.109205e-04   4.204020e-04   2.290825e-05   4.322680e-04   1.251866e-03   1.332185e-03   5.965202e-04   6.437119e-04   2.750950e-05   5.781119e-04   2.921543e-05   6.834169e-04   5.648339e-04   7.371973e-04   3.259774e-05   1.976762e-03   7.551065e-04   4.380874e-05   3.958139e-05   4.944546e-05   2.277388e-03   4.359151e-05
Si30  1.428470e-04   1.280241e-04   1.747618e-04   1.805763e-04   1.862118e-04   1.888302e-04   1.922343e-04   1.967206e-04   1.984627e-04   2.115781e-04   2.131449e-04   2.273722e-04   2.428191e-04   2.586977e-04   1.398201e-05   3.462378e-04   3.195625e-04   1.562076e-05   2.964133e-04   1.325814e-03   1.408932e-03   5.800763e-04   6.743890e-04   1.875815e-05   5.148602e-04   1.992133e-05   6.466680e-04   3.855306e-04   6.177746e-04   2.222755e-05   2.474972e-03   5.823307e-04   2.987194e-05   2.698930e-05   3.371521e-05   2.012518e-03   2.972358e-05
P31   4.029539e-05   5.479615e-05   4.815094e-05   4.969036e-05   5.095731e-05   5.232580e-05   5.405725e-05   5.651473e-05   5.688588e-05   5.929366e-05   5.812537e-05   6.611279e-05   7.086935e-05   7.588480e-05   3.865668e-06   1.364116e-04   1.463264e-04   4.318808e-06   2.135637e-04   8.649181e-04   9.145867e-04   2.267912e-04   2.437403e-04   5.186393e-06   1.895390e-04   5.508074e-06   2.151939e-04   4.191563e-04   2.354924e-04   6.145868e-06   1.658555e-03   3.274928e-04   8.259660e-06   7.462773e-06   9.322674e-06   1.118111e-03   8.218960e-06
S32   2.129404e-03   5.577492e-03   2.500803e-03   2.582685e-03   2.637595e-03   2.795366e-03   2.898630e-03   3.133104e-03   3.092284e-03   3.202003e-03   2.705770e-03   3.436932e-03   3.722845e-03   4.002279e-03   2.007704e-04   1.184403e-02   1.488839e-02   2.243024e-04   2.123109e-02   3.154529e-02   3.088268e-02   1.372387e-02   1.427183e-02   2.693547e-04   1.187941e-02   2.860580e-04   1.164091e-02   3.432446e-02   1.435179e-02   3.191754e-04   5.446494e-02   2.467579e-02   4.289461e-04   3.875548e-04   4.841372e-04   2.214509e-02   4.268192e-04
S33   1.569844e-05   3.439457e-05   1.748435e-05   1.807522e-05   1.856955e-05   1.923490e-05   1.989039e-05   2.083168e-05   2.114791e-05   2.146333e-05   2.023416e-05   2.359072e-05   2.476894e-05   2.614743e-05   1.631021e-06   5.200033e-05   5.971862e-05   1.822190e-06   1.303569e-04   3.717432e-04   3.640390e-04   7.542409e-05   7.210086e-05   2.188188e-06   6.018659e-05   2.323883e-06   5.683722e-05   1.860762e-04   6.861204e-05   2.592923e-06   6.738197e-04   1.506187e-04   3.484682e-06   3.148427e-06   3.933047e-06   2.354994e-04   3.467406e-06
S34   9.367906e-05   2.156674e-04   1.030097e-04   1.059818e-04   1.099120e-04   1.139461e-04   1.178022e-04   1.240731e-04   1.267695e-04   1.289609e-04   1.158373e-04   1.364956e-04   1.449253e-04   1.543095e-04   9.417202e-06   2.767500e-04   3.341104e-04   1.052098e-05   5.271436e-04   1.489184e-03   1.473390e-03   5.291933e-04   5.317962e-04   1.263417e-05   3.838377e-04   1.341765e-05   3.186201e-04   8.730445e-04   3.545931e-04   1.497103e-05   2.289600e-03   7.272198e-04   2.011986e-05   1.817838e-05   2.270861e-05   1.237624e-03   2.002009e-05
S36   3.217049e-07   3.292980e-07   3.426873e-07   3.524598e-07   3.655424e-07   3.766811e-07   3.863388e-07   3.992356e-07   4.084069e-07   4.339352e-07   4.318176e-07   4.725779e-07   4.969860e-07   5.259226e-07   3.464829e-08   8.190531e-07   9.035035e-07   3.870936e-08   1.161542e-06   1.672752e-06   1.882877e-06   1.764596e-06   1.816386e-06   4.648435e-08   1.367977e-06   4.936695e-08   1.667165e-06   1.960979e-06   1.886255e-06   5.508224e-08   3.111694e-06   2.330453e-06   7.402611e-08   6.688292e-08   8.355080e-08   4.867422e-06   7.365905e-08
Cl35  1.911881e-05   3.729701e-05   2.065420e-05   2.119771e-05   2.162527e-05   2.232705e-05   2.292630e-05   2.384577e-05   2.439524e-05   2.470050e-05   2.422016e-05   2.642032e-05   2.745889e-05   2.866938e-05   2.117809e-06   5.606255e-05   6.868392e-05   2.366034e-06   1.607464e-04   6.119652e-04   6.580567e-04   6.073252e-05   6.221183e-05   2.841264e-06   5.794730e-05   3.017458e-06   5.134637e-05   3.165851e-04   6.539838e-05   3.366794e-06   1.522247e-03   1.330734e-04   4.524700e-06   4.088087e-06   5.106879e-06   7.504730e-04   4.502265e-06
Cl37  6.460035e-06   1.327879e-05   6.939265e-06   7.136862e-06   7.357647e-06   7.591415e-06   7.798049e-06   8.063604e-06   8.275819e-06   8.506564e-06   8.627546e-06   9.644646e-06   1.012998e-05   1.067706e-05   7.161240e-07   2.171661e-05   2.567413e-05   8.000597e-07   4.381336e-05   8.058562e-05   7.650132e-05   2.418626e-05   2.463595e-05   9.607559e-07   2.444326e-05   1.020335e-06   2.986512e-05   7.842302e-05   3.662027e-05   1.138460e-06   1.581362e-04   6.050792e-05   1.529999e-06   1.382361e-06   1.726859e-06   4.662262e-05   1.522413e-06
Ar36  4.570764e-04   1.393840e-03   5.319568e-04   5.439954e-04   5.580854e-04   5.852356e-04   6.059383e-04   6.475127e-04   6.391267e-04   6.731658e-04   5.819251e-04   7.171248e-04   7.670871e-04   8.173314e-04   4.492961e-05   2.433847e-03   3.027325e-03   5.019574e-05   4.330412e-03   6.827223e-03   6.307035e-03   2.411915e-03   2.489516e-03   6.027782e-05   2.115878e-03   6.401579e-05   2.242054e-03   7.492345e-03   2.830517e-03   7.142699e-05   1.290994e-02   4.502893e-03   9.599215e-05   8.672934e-05   1.083431e-04   2.938647e-03   9.551617e-05
Ar38  7.805242e-05   3.333828e-04   8.400552e-05   8.596039e-05   8.786320e-05   9.116877e-05   9.350334e-05   9.750018e-05   1.010332e-04   1.021218e-04   9.772124e-05   1.074633e-04   1.113268e-04   1.163875e-04   8.621388e-06   3.968461e-04   5.214302e-04   9.631886e-06   8.652612e-04   1.487270e-03   1.393352e-03   3.931931e-04   3.734048e-04   1.156650e-05   3.574770e-04   1.228377e-05   2.580420e-04   1.533851e-03   4.049719e-04   1.370588e-05   2.327813e-03   9.477568e-04   1.841960e-05   1.664219e-05   2.078959e-05   5.705673e-04   1.832827e-05
Ar40  1.483836e-07   1.417566e-07   1.548869e-07   1.591198e-07   1.664129e-07   1.723286e-07   1.787841e-07   1.872054e-07   1.912562e-07   2.094132e-07   1.874484e-07   2.102758e-07   2.212735e-07   2.350777e-07   1.417087e-08   3.975213e-07   4.409156e-07   1.583158e-08   4.880007e-07   6.959302e-07   7.834297e-07   1.533625e-06   1.564554e-06   1.901110e-08   9.096658e-07   2.018992e-08   9.518667e-07   9.917443e-07   1.125826e-06   2.252714e-08   1.063537e-06   1.312399e-06   3.027457e-08   2.735311e-08   3.416982e-08   2.071080e-06   3.012432e-08
K39   1.756935e-05   4.762458e-05   1.887909e-05   1.938316e-05   1.976108e-05   2.041487e-05   2.081433e-05   2.161923e-05   2.223572e-05   2.260055e-05   2.221639e-05   2.378561e-05   2.476983e-05   2.566409e-05   1.979922e-06   7.306877e-05   9.301690e-05   2.211986e-06   2.487613e-04   7.927660e-04   8.070695e-04   5.049017e-05   5.118388e-05   2.656275e-06   5.380537e-05   2.820997e-06   4.918831e-05   4.783096e-04   7.324567e-05   3.147588e-06   1.854564e-03   1.705290e-04   4.230106e-06   3.821919e-06   4.774379e-06   3.729157e-04   4.209131e-06
K40   3.242744e-08   5.419365e-08   3.690877e-08   3.878535e-08   4.053661e-08   4.194990e-08   4.352701e-08   4.477713e-08   4.614467e-08   4.878439e-08   5.570846e-08   6.725305e-08   7.375691e-08   8.150706e-08   3.172836e-09   1.853239e-07   2.200369e-07   3.546923e-09   8.675006e-07   9.177863e-06   9.972219e-06   1.995169e-07   2.103357e-07   4.262498e-09   2.513288e-07   4.527772e-09   3.948563e-07   1.486349e-06   4.566275e-07   5.053812e-09   1.940841e-05   7.347716e-07   6.792782e-09   6.138235e-09   7.667533e-09   8.124188e-06   6.761321e-09
K41   1.340801e-06   4.022452e-06   1.433386e-06   1.473156e-06   1.509452e-06   1.555210e-06   1.595890e-06   1.651436e-06   1.703347e-06   1.726757e-06   1.733521e-06   1.880465e-06   1.960496e-06   2.040978e-06   1.502138e-07   5.104053e-06   6.232503e-06   1.678201e-07   2.555521e-05   3.849245e-05   3.227652e-05   4.059800e-06   3.956940e-06   2.015277e-07   3.973586e-06   2.140249e-07   4.312543e-06   3.680344e-05   6.023141e-06   2.388029e-07   8.472497e-05   1.782052e-05   3.209319e-07   2.899634e-07   3.622251e-07   7.777283e-06   3.193406e-07
Ca40  3.501655e-04   9.857440e-04   4.168838e-04   4.221103e-04   4.380803e-04   4.548475e-04   4.743969e-04   5.056292e-04   4.940700e-04   5.341115e-04   4.502234e-04   5.701682e-04   6.081660e-04   6.499515e-04   3.350356e-05   2.218613e-03   2.745356e-03   3.743046e-05   3.794609e-03   2.320842e-03   2.036131e-03   1.863485e-03   1.946306e-03   4.494856e-05   1.586761e-03   4.773593e-05   1.846159e-03   6.441325e-03   2.329064e-03   5.326239e-05   4.329600e-03   3.474620e-03   7.158037e-05   6.467319e-05   8.079038e-05   1.464794e-03   7.122544e-05
Ca42  2.141453e-06   1.622643e-05   2.316152e-06   2.362186e-06   2.411506e-06   2.513752e-06   2.571518e-06   2.696343e-06   2.815876e-06   2.831140e-06   2.711992e-06   3.016315e-06   3.137099e-06   3.295147e-06   2.347952e-07   1.587724e-05   2.027864e-05   2.623151e-07   3.985446e-05   1.003589e-04   9.151322e-05   1.169111e-05   1.066134e-05   3.150025e-07   1.108656e-05   3.345366e-07   8.676851e-06   7.962577e-05   1.600540e-05   3.732664e-07   2.022733e-04   3.726310e-05   5.016401e-07   4.532341e-07   5.661844e-07   1.855449e-05   4.991527e-07
Ca43  4.534370e-07   5.523411e-07   4.908038e-07   5.029815e-07   5.174146e-07   5.302138e-07   5.271100e-07   5.450503e-07   5.773153e-07   5.893660e-07   5.863969e-07   6.218344e-07   6.399000e-07   6.631870e-07   5.015905e-08   9.858521e-07   1.031494e-06   5.603811e-08   1.559237e-06   6.136980e-06   6.128260e-06   1.211215e-06   1.285912e-06   6.729366e-08   1.149955e-06   7.146670e-08   1.334366e-06   2.187477e-06   1.458889e-06   7.974051e-08   1.122994e-05   1.883926e-06   1.071648e-07   9.682392e-08   1.209534e-07   2.645919e-06   1.066335e-07
Ca44  7.248487e-06   7.714643e-06   7.914192e-06   8.171663e-06   8.431666e-06   8.594054e-06   8.506806e-06   8.880204e-06   9.113381e-06   9.402459e-06   9.351966e-06   9.864009e-06   1.028578e-05   1.051426e-05   7.930327e-07   1.403044e-05   1.482098e-05   8.859827e-07   1.608322e-05   1.830704e-05   1.806265e-05   1.819971e-05   1.868597e-05   1.063937e-06   1.689599e-05   1.129914e-06   1.807713e-05   1.957509e-05   1.917620e-05   1.260726e-06   2.277575e-05   2.177748e-05   1.694315e-06   1.530821e-06   1.912317e-06   2.009220e-05   1.685914e-06
Ca46  1.729464e-08   1.511364e-08   1.842048e-08   1.896015e-08   1.988246e-08   2.092597e-08   2.218732e-08   2.392317e-08   2.452401e-08   2.822932e-08   1.975983e-08   2.048731e-08   2.126604e-08   2.268364e-08   1.589806e-09   3.363585e-08   3.784244e-08   1.776145e-09   3.685829e-08   5.424318e-08   6.232398e-08   2.892452e-07   2.973132e-07   2.132893e-09   1.632972e-07   2.265158e-09   1.149290e-07   8.217960e-08   1.397060e-07   2.527399e-09   5.738698e-08   1.185660e-07   3.396622e-09   3.068863e-09   3.833654e-09   3.055973e-07   3.379780e-09
Ca48  6.560929e-07   6.910581e-07   6.880515e-07   7.032819e-07   7.202588e-07   7.366368e-07   7.525494e-07   7.678619e-07   7.821675e-07   8.081276e-07   8.240814e-07   8.358390e-07   8.524587e-07   8.693857e-07   7.755627e-08   9.245185e-07   9.569119e-07   8.664651e-08   9.888952e-07   9.894546e-07   1.005221e-06   1.047991e-06   1.060114e-06   1.040499e-07   1.076950e-06   1.105023e-07   1.116466e-06   1.136301e-06   1.148190e-06   1.232953e-07   9.574535e-07   1.200904e-06   1.656990e-07   1.497098e-07   1.870190e-07   1.226501e-06   1.648774e-07
Sc45  2.024527e-07   2.440937e-07   2.158943e-07   2.216251e-07   2.281152e-07   2.341654e-07   2.398094e-07   2.467051e-07   2.548717e-07   2.650840e-07   2.635832e-07   2.770660e-07   2.859346e-07   2.976946e-07   2.292442e-08   4.827346e-07   5.372173e-07   2.561136e-08   7.882041e-07   3.358848e-06   3.312841e-06   7.275879e-07   7.520110e-07   3.075553e-08   6.488387e-07   3.266276e-08   7.330392e-07   1.211425e-06   8.758075e-07   3.644417e-08   5.987315e-06   1.123497e-06   4.897805e-08   4.425189e-08   5.527989e-08   1.562879e-06   4.873519e-08
Ti46  1.265186e-06   3.721714e-06   1.359637e-06   1.383369e-06   1.402393e-06   1.465845e-06   1.494795e-06   1.559235e-06   1.632558e-06   1.633650e-06   1.582025e-06   1.726464e-06   1.781634e-06   1.863715e-06   1.408508e-07   9.143856e-06   1.189734e-05   1.573597e-07   1.432403e-05   1.531600e-05   1.432580e-05   5.264977e-06   5.035865e-06   1.889663e-07   4.716997e-06   2.006845e-07   4.755327e-06   2.594831e-05   7.845254e-06   2.239180e-07   2.981049e-05   1.337070e-05   3.009279e-07   2.718897e-07   3.396473e-07   5.561261e-06   2.994358e-07
Ti47  1.160731e-06   1.264061e-06   1.239001e-06   1.273780e-06   1.307237e-06   1.328537e-06   1.335348e-06   1.374364e-06   1.424213e-06   1.456401e-06   1.454980e-06   1.511029e-06   1.551630e-06   1.620776e-06   1.297470e-07   2.025913e-06   2.121933e-06   1.449545e-07   2.774729e-06   4.500063e-06   4.619935e-06   2.504945e-06   2.522118e-06   1.740693e-07   2.274370e-06   1.848638e-07   2.444188e-06   3.309092e-06   2.585747e-06   2.062657e-07   7.325681e-06   3.100346e-06   2.772046e-07   2.504556e-07   3.128716e-07   3.390055e-06   2.758301e-07
Ti48  1.341864e-05   1.379622e-05   1.543290e-05   1.586949e-05   1.664394e-05   1.687902e-05   1.671204e-05   1.769302e-05   1.775623e-05   1.880861e-05   1.747300e-05   1.996640e-05   2.114059e-05   2.237849e-05   1.313418e-06   3.356750e-05   3.495491e-05   1.467362e-06   3.634536e-05   2.898031e-05   2.992971e-05   5.142908e-05   5.322715e-05   1.762089e-06   4.241734e-05   1.871361e-06   4.782970e-05   4.053600e-05   4.812496e-05   2.088011e-06   2.767150e-05   5.240195e-05   2.806119e-06   2.535341e-06   3.167173e-06   4.630023e-05   2.792205e-06
Ti49  9.688162e-07   1.050975e-06   1.010550e-06   1.026643e-06   1.065825e-06   1.093608e-06   1.178391e-06   1.166973e-06   1.186794e-06   1.227858e-06   1.174828e-06   1.322672e-06   1.373122e-06   1.518236e-06   9.837812e-08   2.301163e-06   2.391389e-06   1.099089e-07   2.703554e-06   3.086123e-06   3.147933e-06   2.818810e-06   3.012079e-06   1.319846e-07   2.560821e-06   1.401693e-07   3.129172e-06   3.400993e-06   3.158459e-06   1.563969e-07   4.722763e-06   3.808525e-06   2.101849e-07   1.899030e-07   2.372287e-07   3.130590e-06   2.091427e-07
Ti50  8.292974e-07   8.672512e-07   8.767382e-07   8.980006e-07   9.226862e-07   9.447202e-07   9.661451e-07   9.878534e-07   1.007717e-06   1.048392e-06   1.073347e-06   1.114538e-06   1.148655e-06   1.186023e-06   9.622473e-08   1.476838e-06   1.577961e-06   1.075031e-07   1.651068e-06   1.562826e-06   1.629812e-06   1.896670e-06   1.969250e-06   1.290956e-07   1.992078e-06   1.371012e-07   2.358947e-06   2.548165e-06   2.570853e-06   1.529736e-07   1.901701e-06   3.054416e-06   2.055842e-07   1.857463e-07   2.320360e-07   2.486634e-06   2.045648e-07
V50   5.120656e-09   6.802851e-09   5.671033e-09   5.910004e-09   6.019161e-09   6.170386e-09   6.503830e-09   6.630675e-09   6.636538e-09   6.880977e-09   6.947320e-09   7.770321e-09   8.090313e-09   8.519459e-09   5.186722e-10   2.072850e-08   2.293719e-08   5.794649e-10   2.816437e-08   2.909474e-07   3.058506e-07   2.297135e-08   2.052025e-08   6.958535e-10   1.887637e-08   7.390051e-10   2.299216e-08   3.956233e-08   2.641223e-08   8.245608e-10   6.202071e-07   3.539611e-08   1.108144e-09   1.001213e-09   1.250725e-09   1.917570e-07   1.102649e-09
V51   2.055404e-06   2.411545e-06   2.317801e-06   2.347640e-06   2.470618e-06   2.493757e-06   2.641047e-06   2.699362e-06   2.668051e-06   2.779997e-06   2.601753e-06   3.055714e-06   3.156444e-06   3.372100e-06   2.113346e-07   5.860663e-06   5.933800e-06   2.361048e-07   6.781674e-06   5.262212e-06   5.334504e-06   6.506477e-06   6.866558e-06   2.835277e-07   5.795155e-06   3.011099e-07   7.164130e-06   8.498292e-06   7.116344e-06   3.359699e-07   6.532038e-06   8.706136e-06   4.515166e-07   4.079472e-07   5.096117e-07   5.911477e-06   4.492777e-07
Cr50  4.126584e-06   6.514969e-06   4.585578e-06   4.722293e-06   4.817073e-06   5.024051e-06   5.309610e-06   5.529145e-06   5.501868e-06   5.682465e-06   5.094207e-06   5.909710e-06   6.250184e-06   6.619240e-06   4.305770e-07   2.403915e-05   2.872881e-05   4.810443e-07   2.595636e-05   1.108609e-05   1.101225e-05   1.858764e-05   1.963926e-05   5.776646e-07   1.607955e-05   6.134869e-07   1.888179e-05   3.775173e-05   2.246293e-05   6.845112e-07   1.253456e-05   3.090404e-05   9.199281e-07   8.311592e-07   1.038292e-06   1.212035e-05   9.153667e-07
Cr52  8.813034e-05   9.427763e-05   1.045670e-04   1.024691e-04   1.135271e-04   1.113019e-04   1.210781e-04   1.257520e-04   1.189583e-04   1.332411e-04   1.117081e-04   1.450929e-04   1.480332e-04   1.594782e-04   8.634472e-06   2.710984e-04   2.662239e-04   9.646504e-06   2.783668e-04   2.021244e-04   2.119249e-04   4.149351e-04   4.356028e-04   1.158406e-05   3.224590e-04   1.230241e-05   4.289228e-04   3.061965e-04   3.781125e-04   1.372668e-05   1.772006e-04   3.939948e-04   1.844756e-05   1.666745e-05   2.082114e-05   3.444521e-04   1.835608e-05
Cr53  9.804520e-06   1.099719e-05   1.143421e-05   1.134271e-05   1.225070e-05   1.228087e-05   1.327719e-05   1.364338e-05   1.301703e-05   1.427292e-05   1.239135e-05   1.540452e-05   1.576315e-05   1.691433e-05   9.978846e-07   3.151862e-05   3.110928e-05   1.114845e-06   3.072937e-05   2.202258e-05   2.309748e-05   4.100825e-05   4.324699e-05   1.338767e-06   3.352486e-05   1.421788e-06   4.306497e-05   3.477791e-05   3.977562e-05   1.586390e-06   2.050743e-05   4.391721e-05   2.131981e-06   1.926254e-06   2.406296e-06   3.372833e-05   2.121410e-06
Cr54  2.225413e-06   2.377561e-06   2.392730e-06   2.455599e-06   2.531420e-06   2.594987e-06   2.682865e-06   2.739984e-06   2.770686e-06   2.891246e-06   2.939656e-06   3.168552e-06   3.269431e-06   3.418094e-06   2.530568e-07   4.899729e-06   5.230585e-06   2.827171e-07   5.381292e-06   4.652557e-06   4.870543e-06   5.954974e-06   6.202184e-06   3.395024e-07   6.187468e-06   3.605557e-07   7.543168e-06   8.403397e-06   8.150743e-06   4.022978e-07   5.709698e-06   1.010929e-05   5.406560e-07   4.884851e-07   6.102204e-07   7.085013e-06   5.379752e-07
Mn55  7.113176e-05   7.745820e-05   7.970863e-05   8.166524e-05   8.527318e-05   8.621235e-05   9.292578e-05   9.517464e-05   9.172221e-05   9.630795e-05   9.015586e-05   1.060638e-04   1.109768e-04   1.143092e-04   7.549250e-06   1.881490e-04   1.822732e-04   8.434085e-06   1.800018e-04   1.390724e-04   1.448550e-04   2.138880e-04   2.212994e-04   1.012812e-05   1.954021e-04   1.075618e-05   2.351400e-04   2.053223e-04   2.280833e-04   1.200144e-05   1.342657e-04   2.513871e-04   1.612898e-05   1.457260e-05   1.820424e-05   1.879090e-04   1.604900e-05
Fe54  3.852315e-04   4.409002e-04   4.293317e-04   4.390154e-04   4.565036e-04   4.675696e-04   4.987655e-04   5.131190e-04   4.996884e-04   5.327675e-04   4.837158e-04   5.568010e-04   5.758831e-04   6.066938e-04   4.156428e-05   1.264883e-03   1.291693e-03   4.643596e-05   1.188264e-03   7.786186e-04   8.065410e-04   1.442894e-03   1.529903e-03   5.576287e-05   1.236706e-03   5.922086e-05   1.464838e-03   1.301138e-03   1.475653e-03   6.607694e-05   6.909292e-04   1.732383e-03   8.880211e-05   8.023311e-05   1.002280e-04   1.051822e-03   8.836179e-05
Fe56  7.324058e-03   7.323696e-03   8.372465e-03   8.834950e-03   9.141225e-03   9.286149e-03   1.082514e-02   1.142895e-02   1.084587e-02   1.132580e-02   9.278094e-03   1.281120e-02   1.381513e-02   1.452535e-02   6.766064e-04   2.450668e-02   2.266035e-02   7.559103e-04   2.151115e-02   1.522731e-02   1.576834e-02   3.124447e-02   3.377631e-02   9.077389e-04   2.702217e-02   9.640299e-04   3.431646e-02   2.259882e-02   3.153175e-02   1.075637e-03   1.333396e-02   3.231289e-02   1.445570e-03   1.306079e-03   1.631567e-03   2.495200e-02   1.438402e-03
Fe57  1.944595e-04   1.928983e-04   2.477382e-04   2.604946e-04   2.645812e-04   2.815282e-04   3.168444e-04   3.398733e-04   3.108089e-04   3.353510e-04   2.677562e-04   3.902201e-04   4.330741e-04   4.335979e-04   1.590603e-05   7.881383e-04   7.303293e-04   1.777035e-05   6.824132e-04   4.616556e-04   4.511933e-04   9.649827e-04   1.026065e-03   2.133961e-05   8.623663e-04   2.266293e-05   1.107594e-03   7.332604e-04   1.035513e-03   2.528666e-05   4.243639e-04   1.100798e-03   3.398324e-05   3.070401e-05   3.835575e-05   7.233732e-04   3.381473e-05
Fe58  2.107029e-05   2.104526e-05   2.601685e-05   2.601351e-05   2.758824e-05   2.929424e-05   3.296061e-05   3.137867e-05   3.126247e-05   3.618681e-05   3.578021e-05   4.886371e-05   4.584533e-05   5.414939e-05   2.153035e-06   9.283437e-05   1.053032e-04   2.405389e-06   1.121097e-04   8.940810e-05   9.882199e-05   1.434706e-04   1.532470e-04   2.888524e-06   1.514398e-04   3.067648e-06   2.055650e-04   2.382886e-04   2.248082e-04   3.422794e-06   1.475497e-04   3.054922e-04   4.599961e-06   4.156085e-06   5.191822e-06   1.876312e-04   4.577152e-06
Co59  2.257428e-05   2.277094e-05   2.664775e-05   2.770993e-05   2.831661e-05   3.031547e-05   3.445534e-05   3.456202e-05   3.221500e-05   3.553726e-05   3.116055e-05   5.028413e-05   4.591357e-05   4.985822e-05   2.015768e-06   8.165427e-05   7.880968e-05   2.252033e-06   7.808223e-05   7.227637e-05   8.196451e-05   1.133010e-04   1.198766e-04   2.704366e-06   1.053414e-04   2.872070e-06   1.353941e-04   1.280021e-04   1.408755e-04   3.204574e-06   1.072896e-04   1.710863e-04   4.306690e-06   3.891114e-06   4.860818e-06   1.260500e-04   4.285336e-06
Ni58  2.814276e-04   3.127404e-04   4.826988e-04   4.236262e-04   4.555859e-04   6.048792e-04   6.955858e-04   6.349662e-04   5.162030e-04   6.687023e-04   4.844481e-04   8.748865e-04   7.576347e-04   8.493840e-04   2.900331e-05   1.038581e-03   8.815131e-04   3.240274e-05   8.004366e-04   5.663229e-04   5.732879e-04   9.791979e-04   9.955648e-04   3.891100e-05   9.247591e-04   4.132396e-05   1.291695e-03   8.009943e-04   1.043154e-03   4.610810e-05   5.032628e-04   1.266159e-03   6.196558e-05   5.598618e-05   6.993849e-05   7.427373e-04   6.165833e-05
Ni60  1.491780e-04   1.414338e-04   1.713964e-04   1.874545e-04   1.909292e-04   1.992819e-04   2.242745e-04   2.404329e-04   2.372491e-04   2.357871e-04   1.944603e-04   2.888285e-04   3.020025e-04   3.354716e-04   1.155681e-05   5.675930e-04   5.256763e-04   1.291137e-05   5.062730e-04   3.815974e-04   3.985745e-04   7.978394e-04   8.680623e-04   1.550469e-05   6.590159e-04   1.646617e-05   8.200483e-04   5.704763e-04   7.844868e-04   1.837248e-05   4.161126e-04   8.227545e-04   2.469114e-05   2.230856e-05   2.786807e-05   6.619811e-04   2.456871e-05
Ni61  7.029847e-06   6.505497e-06   1.055465e-05   1.076826e-05   1.123376e-05   1.244529e-05   1.334248e-05   1.422190e-05   1.297045e-05   1.454499e-05   1.223966e-05   2.121444e-05   1.996909e-05   2.188260e-05   5.107515e-07   3.729448e-05   3.666706e-05   5.706158e-07   3.594876e-05   3.177800e-05   3.320303e-05   5.999703e-05   6.192646e-05   6.852270e-07   4.530196e-05   7.277196e-07   6.765490e-05   5.775364e-05   7.025131e-05   8.119687e-07   5.358329e-05   8.525762e-05   1.091221e-06   9.859229e-07   1.231625e-06   5.767986e-05   1.085810e-06
Ni62  2.522442e-05   2.559254e-05   5.951105e-05   5.118525e-05   5.510050e-05   7.798495e-05   7.545154e-05   7.928162e-05   6.333023e-05   8.063177e-05   5.576013e-05   1.028573e-04   1.052990e-04   1.133344e-04   1.655154e-06   1.642541e-04   1.386912e-04   1.849151e-06   1.295034e-04   9.303881e-05   9.393305e-05   1.927046e-04   1.989759e-04   2.220563e-06   1.676498e-04   2.358266e-06   2.431486e-04   1.492723e-04   2.176581e-04   2.631286e-06   1.223963e-04   2.588350e-04   3.536237e-06   3.195006e-06   3.991233e-06   1.805214e-04   3.518703e-06
Ni64  4.362606e-06   4.383214e-06   4.682882e-06   4.834357e-06   5.065193e-06   5.165912e-06   5.367701e-06   5.512339e-06   5.652187e-06   6.010860e-06   5.970396e-06   6.828699e-06   7.102989e-06   7.567383e-06   4.351294e-07   1.379082e-05   1.571843e-05   4.861301e-07   1.701251e-05   1.518345e-05   1.666138e-05   2.580671e-05   2.819448e-05   5.837720e-07   2.963643e-05   6.199731e-07   3.989168e-05   4.165202e-05   4.897084e-05   6.917483e-07   2.839204e-05   6.041502e-05   9.296542e-07   8.399467e-07   1.049270e-06   5.282333e-05   9.250445e-07
Cu63  3.714777e-06   3.709499e-06   4.348716e-06   4.356138e-06   4.612020e-06   5.004675e-06   5.530658e-06   5.257739e-06   5.155322e-06   6.013753e-06   5.887024e-06   9.594039e-06   7.814092e-06   9.357399e-06   3.519868e-07   1.591363e-05   1.757096e-05   3.932426e-07   1.779290e-05   1.267046e-05   1.423467e-05   2.285838e-05   2.349638e-05   4.722275e-07   2.623499e-05   5.015114e-07   4.352949e-05   4.385814e-05   5.160510e-05   5.595722e-07   2.202856e-05   6.090986e-05   7.520201e-07   6.794535e-07   8.487800e-07   3.147323e-05   7.482912e-07
Cu65  1.566699e-06   1.561177e-06   1.796776e-06   1.818420e-06   1.893797e-06   1.990283e-06   2.027635e-06   2.099545e-06   2.129829e-06   2.308074e-06   2.094804e-06   2.574663e-06   2.540404e-06   2.753482e-06   1.618365e-07   4.177325e-06   4.576980e-06   1.808050e-07   4.838758e-06   5.317601e-06   5.801062e-06   9.244238e-06   9.973420e-06   2.171207e-07   8.113068e-06   2.305849e-07   1.023257e-05   1.059605e-05   1.212395e-05   2.572800e-07   1.123033e-05   1.539712e-05   3.457637e-07   3.123991e-07   3.902520e-07   1.683361e-05   3.440492e-07
Zn64  5.641086e-06   5.704708e-06   5.777570e-06   5.980799e-06   6.138635e-06   6.330164e-06   7.109267e-06   6.642530e-06   8.196321e-06   7.298827e-06   7.000038e-06   1.669463e-05   7.627831e-06   1.020232e-05   5.986232e-07   1.112301e-05   1.166244e-05   6.687868e-07   9.878553e-06   9.658335e-06   1.261374e-05   1.589522e-05   1.884147e-05   8.031162e-07   1.168464e-05   8.529193e-07   1.286269e-05   1.474848e-05   1.367166e-05   9.516631e-07   1.141797e-05   1.388770e-05   1.278959e-06   1.155545e-06   1.443518e-06   2.081188e-05   1.272617e-06
Zn66  3.357992e-06   3.437783e-06   4.265947e-06   4.182063e-06   4.339279e-06   4.938583e-06   4.756399e-06   5.054694e-06   4.838715e-06   5.313895e-06   4.753947e-06   5.378234e-06   6.164467e-06   6.444093e-06   3.481506e-07   8.672751e-06   8.393066e-06   3.889567e-07   8.561384e-06   9.063748e-06   9.603061e-06   1.409806e-05   1.516172e-05   4.670808e-07   1.211108e-05   4.960456e-07   1.557643e-05   1.404838e-05   1.688403e-05   5.534735e-07   1.698497e-05   1.986599e-05   7.438239e-07   6.720483e-07   8.395293e-07   2.159584e-05   7.401357e-07
Zn67  4.781619e-07   4.785316e-07   5.179172e-07   5.242866e-07   5.464266e-07   5.663364e-07   5.814993e-07   5.939250e-07   6.070733e-07   6.542970e-07   6.170251e-07   7.439872e-07   6.923142e-07   7.496470e-07   5.149265e-08   1.041727e-06   1.171995e-06   5.752801e-08   1.212615e-06   9.236367e-07   9.971228e-07   2.454418e-06   2.619706e-06   6.908282e-08   2.070424e-06   7.336681e-08   2.687142e-06   2.763304e-06   3.266337e-06   8.186060e-08   1.348412e-06   4.136740e-06   1.100141e-07   9.939821e-08   1.241692e-07   3.204434e-06   1.094686e-07
Zn68  2.145156e-06   2.204366e-06   2.246973e-06   2.300106e-06   2.377765e-06   2.416696e-06   2.523200e-06   2.555873e-06   2.617262e-06   2.743988e-06   2.724362e-06   3.339153e-06   2.955406e-06   3.112855e-06   2.386360e-07   4.167042e-06   4.558514e-06   2.666061e-07   4.840986e-06   4.484602e-06   4.842428e-06   6.150996e-06   6.910330e-06   3.201553e-07   7.453616e-06   3.400090e-07   9.955830e-06   1.032015e-05   1.206790e-05   3.793723e-07   7.328467e-06   1.464743e-05   5.098459e-07   4.606481e-07   5.754461e-07   1.411564e-05   5.073179e-07
Zn70  7.414541e-08   7.329712e-08   9.881748e-08   9.984579e-08   1.033886e-07   1.094066e-07   1.123084e-07   1.243620e-07   1.256603e-07   1.380853e-07   9.056992e-08   9.331044e-08   9.879350e-08   1.060098e-07   8.130966e-09   1.157186e-07   1.299386e-07   9.083983e-09   1.228860e-07   1.121315e-07   1.218434e-07   7.342481e-07   8.964659e-07   1.090855e-08   3.787151e-07   1.158502e-08   2.207195e-07   1.452655e-07   2.587400e-07   1.292623e-08   1.158422e-07   2.591058e-07   1.737182e-08   1.569551e-08   1.960699e-08   5.921927e-07   1.728568e-08
Ga69  2.129459e-07   2.118345e-07   2.351856e-07   2.405827e-07   2.502359e-07   2.575258e-07   2.666864e-07   2.782447e-07   2.837199e-07   3.002926e-07   2.664231e-07   3.085672e-07   3.073989e-07   3.253608e-07   2.264034e-08   4.921557e-07   5.521930e-07   2.529397e-08   5.806976e-07   5.697698e-07   6.166998e-07   1.226347e-06   1.395425e-06   3.037440e-08   1.095129e-06   3.225799e-08   1.452156e-06   1.424398e-06   1.799761e-06   3.599255e-08   1.414449e-06   2.106765e-06   4.837110e-08   4.370351e-08   5.459485e-08   2.003754e-06   4.813125e-08
Ga71  1.423666e-07   1.441661e-07   1.558997e-07   1.594323e-07   1.642820e-07   1.718155e-07   1.741250e-07   1.820041e-07   1.851180e-07   1.966972e-07   1.839814e-07   1.983895e-07   2.032141e-07   2.116089e-07   1.546163e-08   3.099382e-07   3.417441e-07   1.727387e-08   3.503053e-07   3.246856e-07   3.534857e-07   7.336165e-07   7.980178e-07   2.074341e-08   5.905154e-07   2.202976e-08   8.755197e-07   9.185686e-07   1.087112e-06   2.458018e-08   7.147454e-07   1.414012e-06   3.303379e-08   2.984618e-08   3.728414e-08   1.270473e-06   3.287000e-08
Ge70  2.398899e-07   2.482653e-07   2.459673e-07   2.516719e-07   2.605130e-07   2.666465e-07   2.748145e-07   2.803426e-07   2.861829e-07   2.944834e-07   3.035145e-07   3.299404e-07   3.402294e-07   3.520228e-07   2.608768e-08   5.217390e-07   5.570001e-07   2.914537e-08   6.183721e-07   7.592891e-07   8.216166e-07   6.846386e-07   8.196015e-07   3.499937e-08   9.385911e-07   3.716977e-08   1.457483e-06   1.528770e-06   1.759776e-06   4.147297e-08   1.903162e-06   2.133844e-06   5.573634e-08   5.035804e-08   6.290775e-08   1.786507e-06   5.545998e-08
Ge72  3.236166e-07   3.315890e-07   3.383956e-07   3.465234e-07   3.569339e-07   3.690571e-07   3.775239e-07   3.881453e-07   3.956520e-07   4.135761e-07   4.045357e-07   4.391781e-07   4.414554e-07   4.569480e-07   3.587935e-08   6.132470e-07   6.648923e-07   4.008471e-08   7.166544e-07   8.139786e-07   8.889138e-07   1.077320e-06   1.179415e-06   4.813594e-08   1.088524e-06   5.112096e-08   1.529085e-06   1.466195e-06   1.849102e-06   5.703931e-08   1.654456e-06   2.018520e-06   7.665626e-08   6.925928e-08   8.651936e-08   2.670809e-06   7.627616e-08
Ge73  9.458734e-08   9.491065e-08   9.897225e-08   1.013694e-07   1.051101e-07   1.073727e-07   1.114073e-07   1.139585e-07   1.161243e-07   1.217351e-07   1.190978e-07   1.288661e-07   1.339588e-07   1.406711e-07   1.028566e-08   2.010410e-07   2.301223e-07   1.149123e-08   2.382142e-07   1.756209e-07   1.894464e-07   3.755494e-07   4.044460e-07   1.379930e-08   4.063091e-07   1.465503e-08   5.915018e-07   5.364155e-07   7.471745e-07   1.635167e-08   2.483492e-07   8.059874e-07   2.197533e-08   1.985481e-08   2.480282e-08   6.812364e-07   2.186636e-08
Ge74  4.354970e-07   4.477366e-07   4.513404e-07   4.620104e-07   4.764934e-07   4.837348e-07   5.012547e-07   5.101245e-07   5.195201e-07   5.380497e-07   5.462720e-07   5.658087e-07   5.809261e-07   5.979082e-07   4.907255e-08   7.584483e-07   8.235591e-07   5.482426e-08   8.482365e-07   8.018601e-07   8.472853e-07   1.033120e-06   1.131023e-06   6.583601e-08   1.304258e-06   6.991866e-08   1.640268e-06   1.545511e-06   1.985971e-06   7.801324e-08   1.147932e-06   2.182214e-06   1.048435e-07   9.472661e-08   1.183334e-07   2.331214e-06   1.043237e-07
