# Cinquegrana, Heger & Karakas 2025
M      10.5   10.8   11.0   11.3   11.5   11.8   12.0   12.3   12.5   12.8   13.0   13.3   13.5   13.8   14.0   14.3   14.5   14.8   15.0   15.3   15.5   15.8   16.0   16.3   16.5   16.8   17.0   17.3   17.5   17.8   18.0   18.3   18.5   18.8   19.0   19.3   19.5   19.8   20.0
E      1.0   1.0   1.0   1.0   1.0   1.0   1.0   1.0   1.0   1.0   1.0   1.0   1.0   1.0   1.0   1.0   1.0   1.0   1.0   1.0   1.0   1.0   1.0   1.0   1.0   1.0   1.0   1.0   1.0   1.0   1.0   1.0   1.0   1.0   1.0   1.0   1.0   1.0   1.0
Mrem   1.494   1.512   1.531   1.550   1.572   1.592   1.539   11.945   1.583   1.565   1.582   1.601   1.611   13.268   13.502   1.455   1.475   1.528   1.562   1.602   1.634   15.111   15.324   15.572   1.534   1.514   1.829   1.680   1.626   1.614   1.576   17.362   17.362   17.802   17.627   18.071   18.306   18.407   18.553
H1    6.366997e+00   6.476775e+00   6.600060e+00   6.745807e+00   6.888124e+00   7.024931e+00   7.171014e+00   2.261381e-01   7.454228e+00   7.511243e+00   7.621805e+00   7.736819e+00   7.849355e+00   3.569129e-01   3.688538e-01   7.986817e+00   8.078071e+00   8.240153e+00   8.342451e+00   8.461327e+00   8.578980e+00   4.721966e-01   5.000043e-01   5.010276e-01   8.733217e+00   8.797307e+00   9.244831e+00   9.131681e+00   9.103189e+00   8.775456e+00   9.191985e+00   6.549107e-01   8.387513e-01   6.999871e-01   1.012955e+00   8.697959e-01   8.811318e-01   9.908182e-01   1.065823e+00
H2    5.982087e-08   6.271142e-08   6.559416e-08   6.865936e-08   7.110492e-08   7.378249e-08   7.707802e-08   5.861887e-08   8.129816e-08   8.337767e-08   8.540316e-08   8.788214e-08   9.014632e-08   6.997514e-08   7.192240e-08   9.680445e-08   9.779489e-08   1.011866e-07   1.041393e-07   1.044474e-07   1.070441e-07   8.595060e-08   8.802610e-08   9.007716e-08   1.128060e-07   1.153148e-07   1.227754e-07   1.222836e-07   1.269525e-07   1.246263e-07   1.270680e-07   1.066863e-07   1.096557e-07   1.117735e-07   1.140408e-07   1.162583e-07   1.187216e-07   1.208503e-07   1.232054e-07
He3   3.874360e-04   3.911592e-04   3.950545e-04   4.007157e-04   4.056588e-04   4.105230e-04   4.162999e-04   2.186465e-05   4.266966e-04   4.269903e-04   4.310400e-04   4.348461e-04   4.389291e-04   3.251354e-05   3.363730e-05   4.391671e-04   4.419163e-04   4.493124e-04   4.526890e-04   4.575736e-04   4.618476e-04   4.357110e-05   4.589723e-05   4.647084e-05   4.637809e-04   4.656044e-04   4.881255e-04   4.805632e-04   4.780694e-04   4.597458e-04   4.812836e-04   6.138219e-05   7.554145e-05   6.585160e-05   8.940023e-05   7.993061e-05   8.149353e-05   8.962018e-05   9.583839e-05
He4   2.525983e+00   2.616058e+00   2.704810e+00   2.795045e+00   2.870269e+00   2.953065e+00   3.074328e+00   7.788778e-02   3.269484e+00   3.389823e+00   3.518820e+00   3.603811e+00   3.706087e+00   1.232300e-01   1.274118e-01   4.350711e+00   4.454424e+00   4.521380e+00   4.611047e+00   4.698587e+00   4.790053e+00   1.636480e-01   1.733077e-01   1.739395e-01   5.281350e+00   5.380208e+00   5.342435e+00   5.546597e+00   5.667356e+00   5.510036e+00   5.860028e+00   2.287574e-01   2.939510e-01   2.439145e-01   3.541004e-01   3.041845e-01   3.077581e-01   3.461854e-01   3.749108e-01
Li6   8.573057e-12   1.008216e-11   1.033103e-11   1.059118e-11   1.087868e-11   1.114256e-11   1.129124e-11   9.310738e-12   1.196546e-11   1.170888e-11   1.203879e-11   1.222215e-11   1.237273e-11   1.032803e-11   1.049938e-11   1.246500e-11   1.267058e-11   1.298844e-11   1.317020e-11   1.375420e-11   1.385165e-11   1.168051e-11   1.185801e-11   1.196833e-11   1.395551e-11   1.429848e-11   1.529091e-11   1.513063e-11   1.468410e-11   1.433409e-11   1.563158e-11   1.329087e-11   1.346136e-11   1.365964e-11   1.379581e-11   1.400806e-11   1.417168e-11   1.435574e-11   1.452970e-11
Li7   2.479511e-08   3.807307e-08   4.537133e-08   4.879881e-08   5.207057e-08   5.541428e-08   6.690518e-08   5.036721e-10   7.347129e-08   9.362838e-08   1.033273e-07   1.108774e-07   1.131892e-07   5.580410e-10   5.671275e-10   1.351629e-07   1.331453e-07   1.281303e-07   1.336125e-07   1.089149e-07   1.032708e-07   6.270543e-10   6.365747e-10   6.425232e-10   1.364988e-07   1.500205e-07   9.506929e-08   1.204799e-07   1.710656e-07   1.850336e-07   1.452724e-07   7.128231e-10   7.172624e-10   7.276867e-10   7.332965e-10   7.418861e-10   7.530288e-10   7.622402e-10   7.704063e-10
Be9   6.738292e-12   9.877849e-12   1.014685e-11   1.040593e-11   1.065313e-11   1.092373e-11   1.105333e-11   8.121168e-12   1.179297e-11   1.148255e-11   1.184666e-11   1.196389e-11   1.202310e-11   9.261420e-12   9.447670e-12   1.189981e-11   1.210569e-11   1.234829e-11   1.250379e-11   1.560968e-11   1.531783e-11   1.055327e-11   1.069763e-11   1.082921e-11   1.362685e-11   1.392437e-11   1.737422e-11   1.677444e-11   1.361408e-11   1.331867e-11   1.580424e-11   1.181850e-11   1.194062e-11   1.205645e-11   1.216983e-11   1.229370e-11   1.241236e-11   1.253683e-11   1.265058e-11
B10   1.962885e-10   2.453831e-10   2.537151e-10   2.607276e-10   2.675983e-10   2.741337e-10   2.847409e-10   5.904307e-11   2.991683e-10   3.088908e-10   3.183728e-10   3.234357e-10   3.294793e-10   7.626770e-11   7.930846e-11   3.271993e-10   3.298729e-10   3.269186e-10   3.282856e-10   3.377206e-10   3.380942e-10   1.060601e-10   1.103293e-10   1.147562e-10   3.407451e-10   3.650806e-10   3.551148e-10   3.619490e-10   3.513704e-10   3.340813e-10   3.787595e-10   1.546434e-10   1.685395e-10   1.656583e-10   1.829683e-10   1.850958e-10   1.906797e-10   1.972203e-10   2.063089e-10
B11   3.235682e-08   2.744138e-08   3.024324e-08   3.573080e-08   3.830996e-08   4.486026e-08   3.580672e-08   2.595497e-10   6.945432e-08   4.695657e-08   6.875078e-08   6.651050e-08   5.892101e-08   3.307676e-10   3.440715e-10   2.493049e-07   2.902897e-07   2.678601e-07   2.832592e-07   3.790553e-07   3.162857e-07   4.604600e-10   4.782385e-10   4.983962e-10   3.999660e-07   5.837687e-07   4.050936e-07   6.742603e-07   4.155931e-07   4.232130e-07   6.451347e-07   6.663361e-10   7.132643e-10   7.108331e-10   7.615222e-10   7.777751e-10   7.991204e-10   8.189924e-10   8.475274e-10
C12   1.071278e-02   9.786884e-03   1.032362e-02   1.109293e-02   1.198285e-02   1.287141e-02   1.388694e-02   2.139508e-04   1.703864e-02   1.969489e-02   2.306574e-02   2.411750e-02   2.638868e-02   3.253469e-04   3.370857e-04   6.724352e-02   7.342565e-02   7.040957e-02   7.442292e-02   8.814506e-02   8.489138e-02   4.395615e-04   4.643414e-04   4.688298e-04   1.292522e-01   1.485967e-01   1.005365e-01   1.456264e-01   1.438645e-01   1.533192e-01   1.823172e-01   6.207546e-04   7.801863e-04   6.673594e-04   9.386161e-04   8.220876e-04   8.370690e-04   9.317550e-04   9.988337e-04
C13   2.146782e-04   2.194850e-04   2.248379e-04   2.304468e-04   2.360568e-04   2.415895e-04   2.478305e-04   4.321231e-06   2.593407e-04   2.623848e-04   2.678066e-04   2.724343e-04   2.774913e-04   8.921303e-06   9.197484e-06   2.904462e-04   2.938334e-04   3.003727e-04   3.053996e-04   3.093470e-04   3.141797e-04   1.150566e-05   1.245133e-05   1.195668e-05   3.255507e-04   3.309195e-04   3.447123e-04   3.433033e-04   3.481460e-04   3.375928e-04   3.502861e-04   1.490282e-05   2.267756e-05   1.622256e-05   3.078206e-05   2.233804e-05   2.227191e-05   2.759171e-05   2.947620e-05
N14   6.727394e-03   7.057374e-03   7.302680e-03   7.552976e-03   7.770526e-03   8.033651e-03   8.400630e-03   8.393071e-05   8.967404e-03   9.294168e-03   9.660770e-03   9.908396e-03   1.017843e-02   1.457850e-04   1.499202e-04   1.124231e-02   1.145026e-02   1.163338e-02   1.182326e-02   1.205522e-02   1.233173e-02   1.851089e-04   1.970493e-04   1.953958e-04   1.314680e-02   1.343666e-02   1.397227e-02   1.409850e-02   1.432180e-02   1.385742e-02   1.464728e-02   2.535346e-04   3.421381e-04   2.629151e-04   4.091890e-04   3.375772e-04   3.352982e-04   3.865594e-04   4.320386e-04
N15   2.905614e-06   2.806951e-06   2.905124e-06   2.979035e-06   3.121990e-06   3.246566e-06   3.746476e-06   1.375153e-07   4.116065e-06   4.632128e-06   5.109900e-06   5.339371e-06   5.630166e-06   1.978939e-07   2.051502e-07   9.334403e-06   1.076623e-05   1.057849e-05   1.097961e-05   1.367311e-05   1.404065e-05   2.693661e-07   2.830735e-07   2.887024e-07   2.189147e-05   2.515396e-05   1.440459e-05   2.242259e-05   2.144208e-05   2.177709e-05   3.472729e-05   3.850014e-07   4.622283e-07   4.131296e-07   5.383954e-07   4.938004e-07   5.047545e-07   5.483085e-07   5.849259e-07
O16   2.717697e-02   2.969203e-02   3.242173e-02   3.424918e-02   3.696605e-02   3.922938e-02   4.707452e-02   5.586486e-04   5.381971e-02   6.792908e-02   7.533403e-02   8.025750e-02   8.756663e-02   8.813372e-04   9.107447e-04   2.418452e-01   2.724399e-01   2.694179e-01   2.891106e-01   2.717410e-01   2.812343e-01   1.164991e-03   1.233630e-03   1.235278e-03   6.030495e-01   6.735176e-01   3.379668e-01   5.482577e-01   7.490823e-01   7.901334e-01   9.003957e-01   1.611470e-03   2.062324e-03   1.724245e-03   2.493092e-03   2.140402e-03   2.169459e-03   2.438577e-03   2.617342e-03
O17   3.639112e-05   3.578865e-05   3.550818e-05   3.481775e-05   3.504633e-05   3.441759e-05   3.406454e-05   2.730049e-07   3.373131e-05   3.394927e-05   3.305180e-05   3.310731e-05   3.278793e-05   4.205766e-07   4.299330e-07   2.937550e-05   2.930556e-05   2.773878e-05   2.750055e-05   3.032647e-05   2.934659e-05   5.186432e-07   5.475702e-07   5.487164e-07   2.911189e-05   3.066083e-05   2.646351e-05   3.209457e-05   2.762339e-05   2.660055e-05   4.112462e-05   7.008046e-07   9.304732e-07   7.259881e-07   1.101969e-06   9.218191e-07   9.181377e-07   1.045945e-06   1.157788e-06
O18   3.716699e-05   3.144561e-05   3.983392e-05   4.182966e-05   4.399125e-05   4.601871e-05   4.990146e-05   1.142848e-06   5.554404e-05   6.347433e-05   6.853983e-05   6.596098e-05   6.893882e-05   1.774754e-06   1.837188e-06   5.679928e-04   6.527479e-04   6.330291e-04   6.403097e-04   5.047795e-04   5.029778e-04   2.379234e-06   2.517269e-06   2.529894e-06   7.058377e-04   7.450348e-04   3.042979e-04   4.376644e-04   6.223229e-04   4.118499e-04   5.418052e-04   3.322363e-06   4.217594e-06   3.571200e-06   5.104120e-06   4.414958e-06   4.487297e-06   5.025718e-06   5.378000e-06
F19   4.930488e-06   1.533984e-06   1.550580e-06   1.553320e-06   1.614800e-06   1.620974e-06   1.993956e-06   5.073668e-08   1.830816e-06   2.435082e-06   2.498197e-06   2.609537e-06   2.765252e-06   8.009647e-08   8.276252e-08   1.800747e-06   1.849231e-06   1.931259e-06   2.011049e-06   4.176679e-06   4.648880e-06   1.058039e-07   1.120480e-07   1.121599e-07   8.267509e-06   8.896696e-06   4.045706e-06   5.994629e-06   2.696799e-06   3.030891e-06   1.251971e-05   1.462577e-07   1.871557e-07   1.565379e-07   2.263341e-07   1.942696e-07   1.969307e-07   2.213907e-07   2.375368e-07
Ne20  6.621539e-03   7.054185e-03   7.893352e-03   8.254816e-03   8.823858e-03   8.984583e-03   1.079124e-02   1.723079e-04   1.059026e-02   1.469676e-02   1.567217e-02   1.635605e-02   1.821680e-02   2.720958e-04   2.812268e-04   1.036844e-02   1.108630e-02   1.264917e-02   1.429805e-02   4.052265e-02   4.702441e-02   3.602710e-04   3.814968e-04   3.824090e-04   1.083168e-01   1.010318e-01   4.949809e-02   7.117834e-02   2.425665e-02   3.305271e-02   1.409212e-01   5.005081e-04   6.414706e-04   5.346732e-04   7.742645e-04   6.648957e-04   6.733727e-04   7.572482e-04   8.157580e-04
Ne21  3.175587e-05   3.022673e-05   3.108489e-05   3.350188e-05   3.543282e-05   3.830579e-05   4.332302e-05   4.580864e-07   5.607350e-05   4.843846e-05   5.736164e-05   5.664165e-05   5.475783e-05   7.280205e-07   7.530129e-07   6.621604e-05   7.371392e-05   7.884596e-05   8.595956e-05   1.976674e-04   1.997263e-04   9.632035e-07   1.016699e-06   1.023673e-06   1.633226e-04   2.210984e-04   1.897517e-04   2.891575e-04   1.091010e-04   1.257250e-04   2.996802e-04   1.335689e-06   1.726284e-06   1.408346e-06   2.059002e-06   1.761813e-06   1.772400e-06   1.998368e-06   2.182823e-06
Ne22  5.190151e-04   4.017919e-04   4.301417e-04   4.465393e-04   4.654592e-04   4.847570e-04   5.323464e-04   1.339975e-05   5.692846e-04   6.632346e-04   7.062569e-04   7.499551e-04   8.011331e-04   2.114088e-05   2.184961e-05   1.801449e-03   1.913295e-03   1.953610e-03   2.101055e-03   2.367977e-03   2.373289e-03   2.797900e-05   2.962937e-05   2.966760e-05   4.004115e-03   4.385473e-03   3.106673e-03   4.266533e-03   4.605040e-03   5.018548e-03   5.559269e-03   3.871827e-05   4.950872e-05   4.145786e-05   5.988249e-05   5.143582e-05   5.215494e-05   5.860996e-05   6.286204e-05
Na23  1.907074e-04   1.974470e-04   2.105467e-04   2.174340e-04   2.272689e-04   2.344123e-04   2.860047e-04   2.971918e-06   2.909212e-04   3.825653e-04   4.139851e-04   4.395198e-04   4.413779e-04   4.741526e-06   4.907684e-06   4.336663e-04   4.436838e-04   4.536026e-04   4.794056e-04   7.679109e-04   8.089490e-04   6.366778e-06   6.747387e-06   6.824458e-06   1.741884e-03   2.461194e-03   9.271903e-04   1.313744e-03   8.330904e-04   1.008753e-03   3.190316e-03   9.228859e-06   1.203962e-05   9.716971e-06   1.433279e-05   1.232451e-05   1.238656e-05   1.398632e-05   1.562421e-05
Mg24  1.767678e-03   2.075720e-03   2.217662e-03   2.339543e-03   2.449288e-03   2.415518e-03   2.624896e-03   4.119354e-05   2.863227e-03   3.389124e-03   3.475484e-03   3.566198e-03   4.216539e-03   6.505633e-05   6.724086e-05   4.072932e-03   5.197829e-03   6.094892e-03   5.896750e-03   7.626217e-03   1.056067e-02   8.615319e-05   9.122984e-05   9.145424e-05   2.278992e-02   1.290423e-02   8.500842e-03   1.053258e-02   1.005990e-02   9.811511e-03   1.921841e-02   1.197338e-04   1.534808e-04   1.278949e-04   1.852362e-04   1.590734e-04   1.610944e-04   1.811616e-04   1.952164e-04
Mg25  1.918309e-04   2.032152e-04   2.066150e-04   2.151183e-04   2.273048e-04   2.325791e-04   2.424449e-04   5.407704e-06   2.650654e-04   2.916064e-04   3.137153e-04   3.191968e-04   3.465717e-04   8.530714e-06   8.815141e-06   3.481960e-04   3.809786e-04   4.065236e-04   4.507537e-04   8.921787e-04   1.020406e-03   1.127562e-05   1.193977e-05   1.195642e-05   1.681267e-03   1.477933e-03   1.112242e-03   1.457505e-03   7.234427e-04   8.377319e-04   2.025626e-03   1.559801e-05   1.996246e-05   1.668864e-05   2.413137e-05   2.071774e-05   2.099838e-05   2.360335e-05   2.533411e-05
Mg26  2.330486e-04   2.425314e-04   2.507426e-04   2.576367e-04   2.698174e-04   2.760675e-04   3.001657e-04   6.242174e-06   3.024976e-04   3.610015e-04   3.714295e-04   3.840716e-04   4.318315e-04   9.865412e-06   1.019816e-05   4.338029e-04   4.631298e-04   4.962368e-04   5.451704e-04   8.234839e-04   9.447056e-04   1.307945e-05   1.384979e-05   1.389406e-05   1.887555e-03   1.459132e-03   1.058115e-03   1.310225e-03   8.599139e-04   9.493499e-04   1.984843e-03   1.822610e-05   2.338281e-05   1.944435e-05   2.818675e-05   2.420861e-05   2.450061e-05   2.756160e-05   2.977428e-05
Al27  1.703945e-04   1.829599e-04   1.977983e-04   2.006910e-04   2.083774e-04   2.107595e-04   2.339892e-04   4.683837e-06   2.601391e-04   2.842990e-04   2.950129e-04   3.019728e-04   3.347672e-04   7.399883e-06   7.649003e-06   4.699657e-04   5.478502e-04   7.115044e-04   7.170932e-04   5.383133e-04   7.024190e-04   9.807136e-06   1.038568e-05   1.041429e-05   1.467872e-03   1.081645e-03   6.168769e-04   7.656787e-04   1.270195e-03   1.194770e-03   1.561434e-03   1.365656e-05   1.751785e-05   1.458287e-05   2.113561e-05   1.815355e-05   1.838125e-05   2.067409e-05   2.230909e-05
Si28  3.026450e-03   3.548978e-03   3.781486e-03   4.073790e-03   4.241910e-03   4.511364e-03   3.979236e-03   5.471639e-05   5.005495e-03   4.607175e-03   5.473789e-03   5.414881e-03   5.359368e-03   8.641262e-05   8.931424e-05   4.689192e-02   4.678568e-02   3.971303e-02   4.002629e-02   2.339562e-02   1.930152e-02   1.144345e-04   1.211776e-04   1.214754e-04   2.153834e-02   3.844563e-02   2.312541e-02   3.662934e-02   7.302333e-02   7.585023e-02   3.889888e-02   1.590357e-04   2.038547e-04   1.698760e-04   2.460315e-04   2.112836e-04   2.139669e-04   2.406230e-04   2.592915e-04
Si29  9.745592e-05   1.045970e-04   1.093317e-04   1.127789e-04   1.159180e-04   1.186618e-04   1.206617e-04   2.877607e-06   1.357696e-04   1.338682e-04   1.413146e-04   1.416082e-04   1.493735e-04   4.544553e-06   4.697153e-06   3.585886e-04   4.698355e-04   5.486536e-04   5.471078e-04   2.657236e-04   2.840994e-04   6.018258e-06   6.372885e-06   6.388549e-06   3.851242e-04   2.920520e-04   2.692820e-04   3.692251e-04   8.544797e-04   7.422611e-04   3.916326e-04   8.363885e-06   1.072097e-05   8.933993e-06   1.293910e-05   1.111166e-05   1.125278e-05   1.265466e-05   1.363645e-05
Si30  7.701110e-05   8.493003e-05   9.133906e-05   9.413268e-05   9.661218e-05   9.873326e-05   9.759099e-05   1.962203e-06   1.193060e-04   1.104675e-04   1.204185e-04   1.191267e-04   1.231147e-04   3.098861e-06   3.202914e-06   2.998430e-04   3.878895e-04   5.606803e-04   5.727993e-04   1.974989e-04   2.833028e-04   4.103733e-06   4.345545e-06   4.356216e-06   3.338302e-04   1.993830e-04   2.163912e-04   2.706443e-04   1.031844e-03   8.587032e-04   2.922022e-04   5.703103e-06   7.310300e-06   6.091865e-06   8.822809e-06   7.576726e-06   7.672966e-06   8.628864e-06   9.298221e-06
P31   2.326652e-05   2.573961e-05   2.739013e-05   2.866283e-05   2.951924e-05   3.055770e-05   2.952294e-05   5.424940e-07   3.687460e-05   3.390197e-05   3.776815e-05   3.761707e-05   3.827366e-05   8.567633e-07   8.855348e-07   4.120668e-04   4.005356e-04   4.601329e-04   4.883745e-04   1.165202e-04   1.041403e-04   1.134620e-06   1.201479e-06   1.204443e-06   1.233942e-04   2.788365e-04   1.042464e-04   1.933313e-04   9.242669e-04   8.874730e-04   2.000239e-04   1.576916e-06   2.021357e-06   1.684379e-06   2.439532e-06   2.094994e-06   2.121585e-06   2.385899e-06   2.571109e-06
S32   1.440535e-03   1.662679e-03   1.761950e-03   1.904244e-03   1.980299e-03   2.115346e-03   1.835856e-03   2.817561e-05   2.246301e-03   2.127304e-03   2.496091e-03   2.500942e-03   2.442010e-03   4.449724e-05   4.599140e-05   3.682358e-02   3.476153e-02   2.464888e-02   2.325422e-02   1.243640e-02   8.976261e-03   5.892679e-05   6.239906e-05   6.255243e-05   1.095253e-02   2.709862e-02   1.210208e-02   1.955890e-02   4.189989e-02   4.581600e-02   2.173910e-02   8.189363e-05   1.049727e-04   8.747574e-05   1.266911e-04   1.087981e-04   1.101798e-04   1.239061e-04   1.335192e-04
S33   9.156787e-06   9.935630e-06   1.038323e-05   1.084536e-05   1.119012e-05   1.157694e-05   1.116999e-05   2.288933e-07   1.268076e-05   1.264424e-05   1.388300e-05   1.392602e-05   1.400808e-05   3.614872e-07   3.736255e-07   3.358241e-04   3.432727e-04   2.692672e-04   2.572083e-04   7.654913e-05   3.637920e-05   4.787103e-07   5.069184e-07   5.081645e-07   4.355109e-05   1.443737e-04   4.822199e-05   1.240925e-04   4.760371e-04   4.971401e-04   1.240888e-04   6.652896e-07   8.527801e-07   7.106375e-07   1.029217e-06   8.838571e-07   8.950819e-07   1.006592e-06   1.084688e-06
S34   4.856819e-05   5.202323e-05   5.421820e-05   5.679165e-05   5.892396e-05   6.105967e-05   5.806454e-05   1.321586e-06   6.616106e-05   6.306447e-05   6.988592e-05   6.936646e-05   6.989701e-05   2.087158e-06   2.157241e-06   8.428093e-04   1.033474e-03   7.086267e-04   6.343930e-04   2.810377e-04   1.824985e-04   2.763980e-06   2.926848e-06   2.934042e-06   1.754561e-04   4.947490e-04   2.518712e-04   4.778110e-04   1.333250e-03   1.448192e-03   4.242839e-04   3.841247e-06   4.923777e-06   4.103078e-06   5.942489e-06   5.103210e-06   5.168020e-06   5.811856e-06   6.262759e-06
S36   1.576277e-07   1.625003e-07   1.655419e-07   1.717652e-07   1.773998e-07   1.845999e-07   1.865085e-07   4.862454e-09   2.068404e-07   2.071931e-07   2.191478e-07   2.236462e-07   2.308118e-07   7.679187e-09   7.937043e-09   3.619988e-07   4.036344e-07   4.890311e-07   5.361920e-07   6.590622e-07   5.480147e-07   1.016939e-08   1.076862e-08   1.079509e-08   6.489106e-07   7.628466e-07   6.258436e-07   9.896238e-07   8.638516e-07   8.434427e-07   9.084119e-07   1.413293e-08   1.811584e-08   1.509627e-08   2.186394e-08   1.877601e-08   1.901447e-08   2.138331e-08   2.304229e-08
Cl35  9.981761e-06   1.049939e-05   1.078860e-05   1.117629e-05   1.158139e-05   1.193610e-05   1.174586e-05   2.972080e-07   1.308655e-05   1.291651e-05   1.366353e-05   1.386714e-05   1.405280e-05   4.693752e-07   4.851362e-07   4.396762e-04   3.331829e-04   3.542950e-04   4.267197e-04   6.875679e-05   2.954249e-05   6.215840e-07   6.582110e-07   6.598288e-07   3.536529e-05   2.402143e-04   4.231833e-05   1.238837e-04   8.364486e-04   8.640726e-04   1.014161e-04   8.638477e-07   1.107295e-06   9.227301e-07   1.336390e-06   1.147647e-06   1.162222e-06   1.307013e-06   1.408415e-06
Cl37  3.321994e-06   3.465468e-06   3.558522e-06   3.685255e-06   3.823144e-06   3.954581e-06   4.012382e-06   1.004990e-07   4.375880e-06   4.521866e-06   4.785954e-06   4.902386e-06   5.035577e-06   1.587163e-07   1.640458e-07   9.534508e-05   8.785920e-05   5.980273e-05   5.424124e-05   1.820222e-05   1.093952e-05   2.101848e-07   2.225700e-07   2.231170e-07   1.621280e-05   5.022057e-05   1.553713e-05   3.089463e-05   1.055699e-04   1.171863e-04   3.560538e-05   2.921048e-07   3.744249e-07   3.120155e-07   4.518921e-07   3.880697e-07   3.929982e-07   4.419582e-07   4.762468e-07
Ar36  3.043376e-04   3.479836e-04   3.690971e-04   3.964777e-04   4.099473e-04   4.333443e-04   3.807153e-04   6.305308e-06   4.566901e-04   4.423033e-04   5.103736e-04   5.108863e-04   4.984027e-04   9.957860e-06   1.029223e-05   1.010561e-02   9.237486e-03   5.901100e-03   5.229794e-03   2.288756e-03   1.652323e-03   1.318699e-05   1.396404e-05   1.399836e-05   2.187709e-03   5.964024e-03   2.255261e-03   3.611439e-03   1.013181e-02   1.138114e-02   4.067758e-03   1.832665e-05   2.349142e-05   1.957585e-05   2.835170e-05   2.434749e-05   2.465670e-05   2.772845e-05   2.987972e-05
Ar38  3.958627e-05   4.141016e-05   4.198165e-05   4.362768e-05   4.531638e-05   4.675278e-05   4.593091e-05   1.209904e-06   5.068885e-05   4.989068e-05   5.219881e-05   5.333364e-05   5.423835e-05   1.910779e-06   1.974941e-06   1.104858e-03   1.297006e-03   7.695805e-04   6.497371e-04   2.990939e-04   1.526636e-04   2.530406e-06   2.679511e-06   2.686097e-06   1.972729e-04   8.133178e-04   2.769969e-04   5.066521e-04   1.343033e-03   1.557485e-03   5.334957e-04   3.516637e-06   4.507686e-06   3.756342e-06   5.440310e-06   4.671956e-06   4.731289e-06   5.320717e-06   5.733516e-06
Ar40  7.172859e-08   7.369050e-08   7.328457e-08   7.673069e-08   7.984864e-08   8.401990e-08   7.931728e-08   1.988774e-09   9.265831e-08   8.764634e-08   9.361693e-08   9.480518e-08   9.736349e-08   3.140748e-09   3.246196e-09   1.556155e-07   1.786519e-07   2.100202e-07   2.311487e-07   3.348500e-07   3.588928e-07   4.159104e-09   4.404168e-09   4.414978e-09   3.229273e-07   3.447596e-07   4.073938e-07   4.684036e-07   3.312559e-07   3.368178e-07   4.549123e-07   5.779981e-09   7.408895e-09   6.173938e-09   8.941751e-09   7.678843e-09   7.776346e-09   8.745124e-09   9.423595e-09
K39   9.135371e-06   9.504108e-06   9.743299e-06   1.004436e-05   1.047747e-05   1.078771e-05   1.058525e-05   2.778573e-07   1.158212e-05   1.166621e-05   1.222580e-05   1.245425e-05   1.269715e-05   4.388151e-07   4.535499e-07   6.283736e-04   4.982862e-04   4.969430e-04   5.357859e-04   8.479134e-05   2.673564e-05   5.811138e-07   6.153561e-07   6.168685e-07   3.992509e-05   3.513543e-04   4.253863e-05   1.453710e-04   9.489266e-04   9.775781e-04   1.417945e-04   8.076042e-07   1.035201e-06   8.626529e-07   1.249380e-06   1.072926e-06   1.086552e-06   1.221915e-06   1.316716e-06
K40   1.725986e-08   1.791975e-08   1.904770e-08   1.986222e-08   2.095850e-08   2.178614e-08   2.410060e-08   4.446104e-10   2.666564e-08   3.063110e-08   3.312251e-08   3.496734e-08   3.751707e-08   7.029830e-10   7.267238e-10   1.163685e-06   1.576462e-06   2.633571e-06   2.788409e-06   3.103265e-07   9.404123e-08   9.321089e-10   9.871404e-10   9.897066e-10   1.936690e-07   8.813034e-07   1.176662e-07   6.814654e-07   4.215863e-06   3.494022e-06   4.329219e-07   1.296734e-09   1.662026e-09   1.385344e-09   2.006065e-09   1.723047e-09   1.745088e-09   1.962554e-09   2.114860e-09
K41   6.912086e-07   7.187697e-07   7.405522e-07   7.643652e-07   7.960178e-07   8.218935e-07   8.230315e-07   2.108063e-08   8.911154e-07   9.151555e-07   9.660900e-07   9.844641e-07   1.011809e-06   3.329226e-08   3.441016e-08   9.828562e-05   8.263034e-05   3.343664e-05   2.348674e-05   5.422473e-06   1.984273e-06   4.408825e-08   4.668616e-08   4.680091e-08   3.170574e-06   2.485359e-05   2.913943e-06   7.773873e-06   4.137034e-05   4.865535e-05   1.386247e-05   6.127175e-08   7.853918e-08   6.544821e-08   9.478865e-08   8.140131e-08   8.243510e-08   9.270493e-08   9.989729e-08
Ca40  2.486584e-04   2.880614e-04   3.084372e-04   3.316943e-04   3.415424e-04   3.584378e-04   3.120845e-04   4.701806e-06   3.762878e-04   3.674907e-04   4.267567e-04   4.239518e-04   4.105374e-04   7.425477e-06   7.674815e-06   6.656616e-03   5.395617e-03   2.128215e-03   1.617639e-03   1.560407e-03   1.337577e-03   9.833406e-06   1.041284e-05   1.043844e-05   1.868181e-03   4.527280e-03   1.692327e-03   2.289720e-03   2.909900e-03   3.499447e-03   3.115534e-03   1.366600e-05   1.751731e-05   1.459751e-05   2.114158e-05   1.815568e-05   1.838625e-05   2.067683e-05   2.228101e-05
Ca42  1.095351e-06   1.149278e-06   1.160107e-06   1.203793e-06   1.266129e-06   1.303878e-06   1.273772e-06   3.295056e-08   1.413898e-06   1.403085e-06   1.466809e-06   1.505179e-06   1.536077e-06   5.203823e-08   5.378561e-08   9.177169e-05   9.251873e-05   6.174928e-05   5.555082e-05   1.236890e-05   4.786361e-06   6.891317e-08   7.297389e-08   7.315325e-08   7.628569e-06   4.727682e-05   9.746782e-06   2.254206e-05   1.185731e-04   1.337154e-04   2.251380e-05   9.577223e-08   1.227625e-07   1.023003e-07   1.481616e-07   1.272362e-07   1.288521e-07   1.449046e-07   1.561468e-07
Ca43  2.352029e-07   2.495404e-07   2.540494e-07   2.580597e-07   2.729813e-07   2.769477e-07   2.699963e-07   7.039195e-09   2.908852e-07   3.022640e-07   3.117869e-07   3.193055e-07   3.263490e-07   1.111687e-08   1.149016e-08   1.419221e-06   1.790735e-06   2.044375e-06   1.936193e-06   7.537443e-07   5.556128e-07   1.472185e-08   1.558934e-08   1.562765e-08   7.032176e-07   1.146198e-06   6.511021e-07   1.111023e-06   3.374592e-06   3.096630e-06   9.695150e-07   2.045972e-08   2.622562e-08   2.185432e-08   3.165161e-08   2.718134e-08   2.752654e-08   3.095582e-08   3.335748e-08
Ca44  3.936641e-06   4.075489e-06   4.344274e-06   4.479551e-06   4.602246e-06   4.782969e-06   4.592196e-06   1.112922e-07   4.986992e-06   5.128875e-06   5.459572e-06   5.617162e-06   5.613393e-06   1.757618e-07   1.816636e-07   1.043650e-05   1.013602e-05   9.090899e-06   8.931109e-06   1.011773e-05   9.894249e-06   2.327577e-07   2.464730e-07   2.470788e-07   1.144491e-05   1.194274e-05   1.196200e-05   1.272047e-05   1.376358e-05   1.390357e-05   1.409722e-05   3.234756e-07   4.146366e-07   3.455246e-07   5.004234e-07   4.297468e-07   4.352045e-07   4.894227e-07   5.273937e-07
Ca46  8.376760e-09   8.782801e-09   8.439200e-09   9.080655e-09   9.480712e-09   1.031047e-08   8.414553e-09   2.231094e-10   1.142811e-08   8.701593e-09   9.547540e-09   9.372275e-09   9.499500e-09   3.523526e-10   3.641841e-10   1.561813e-08   1.811991e-08   2.171791e-08   2.618196e-08   5.429976e-08   6.091335e-08   4.666134e-10   4.941086e-10   4.953231e-10   2.881295e-08   2.320819e-08   7.104998e-08   6.262857e-08   1.851877e-08   2.030019e-08   3.162345e-08   6.484770e-10   8.312289e-10   6.926790e-10   1.003207e-09   8.615206e-10   8.724619e-10   9.811539e-10   1.057275e-09
Ca48  3.189397e-07   3.261004e-07   3.337549e-07   3.422705e-07   3.501634e-07   3.581065e-07   3.680049e-07   1.088405e-08   3.852902e-07   3.923630e-07   4.012390e-07   4.086143e-07   4.166308e-07   1.718899e-08   1.776617e-08   4.473274e-07   4.548850e-07   4.627873e-07   4.702296e-07   4.820031e-07   4.896131e-07   2.276302e-08   2.410434e-08   2.416358e-08   5.249064e-07   5.336410e-07   5.344840e-07   5.461925e-07   5.451192e-07   5.300173e-07   5.734681e-07   3.163496e-08   4.055024e-08   3.379129e-08   4.893994e-08   4.202797e-08   4.256173e-08   4.786410e-08   5.157756e-08
Sc45  1.007702e-07   1.059408e-07   1.068566e-07   1.099566e-07   1.144109e-07   1.174937e-07   1.178808e-07   3.217156e-09   1.284928e-07   1.285352e-07   1.340027e-07   1.362456e-07   1.398418e-07   5.080796e-09   5.251403e-09   1.091773e-06   1.198180e-06   1.247396e-06   1.144104e-06   3.715892e-07   2.738791e-07   6.728394e-09   7.124867e-09   7.142379e-09   3.471757e-07   6.387983e-07   3.288481e-07   5.355822e-07   2.065331e-06   1.885776e-06   5.780736e-07   9.350801e-09   1.198602e-08   9.988179e-09   1.446588e-08   1.242281e-08   1.258058e-08   1.414788e-08   1.524552e-08
Ti46  6.341428e-07   6.683438e-07   6.743559e-07   6.937692e-07   7.323194e-07   7.463094e-07   7.335858e-07   1.976665e-08   8.057674e-07   8.022683e-07   8.310667e-07   8.520082e-07   8.675651e-07   3.121712e-08   3.226534e-08   2.075337e-05   1.621718e-05   8.970319e-06   8.078676e-06   3.578554e-06   2.307744e-06   4.134019e-08   4.377617e-08   4.388376e-08   4.131802e-06   1.131473e-05   3.246504e-06   5.216833e-06   1.726209e-05   1.838718e-05   6.754403e-06   5.745262e-08   7.364375e-08   6.136876e-08   8.888038e-08   7.632748e-08   7.729684e-08   8.692654e-08   9.367059e-08
Ti47  5.972384e-07   6.259192e-07   6.393271e-07   6.472560e-07   6.782714e-07   6.872737e-07   6.722176e-07   1.820837e-08   7.315336e-07   7.341497e-07   7.626236e-07   7.774123e-07   7.893358e-07   2.875615e-08   2.972175e-08   1.905437e-06   2.068177e-06   1.838237e-06   1.754303e-06   1.226976e-06   1.131993e-06   3.808118e-08   4.032513e-08   4.042424e-08   1.312828e-06   1.644913e-06   1.282378e-06   1.453571e-06   2.873360e-06   2.584625e-06   1.638132e-06   5.292341e-08   6.783814e-08   5.653083e-08   8.187361e-08   7.031030e-08   7.120324e-08   8.007380e-08   8.628619e-08
Ti48  8.668081e-06   9.386347e-06   1.016948e-05   1.056247e-05   1.098472e-05   1.136618e-05   1.019919e-05   1.843218e-07   1.200305e-05   1.181991e-05   1.320379e-05   1.338821e-05   1.311840e-05   2.910961e-07   3.008708e-07   1.631021e-05   1.809580e-05   1.705079e-05   1.758188e-05   2.996881e-05   3.186054e-05   3.854926e-07   4.082079e-07   4.092112e-07   3.614552e-05   3.152667e-05   3.778826e-05   4.093862e-05   2.911735e-05   2.614546e-05   4.456362e-05   5.357393e-07   6.867198e-07   5.722568e-07   8.287997e-07   7.117453e-07   7.207845e-07   8.105803e-07   8.734679e-07
Ti49  5.154742e-07   5.796399e-07   5.772223e-07   5.973093e-07   6.196553e-07   6.325894e-07   6.144141e-07   1.380614e-08   6.860914e-07   6.849835e-07   7.398962e-07   7.461191e-07   7.504150e-07   2.180378e-08   2.253593e-08   1.795580e-06   1.759622e-06   1.517579e-06   1.482033e-06   1.541901e-06   1.545145e-06   2.887431e-08   3.057573e-08   3.065088e-08   1.920287e-06   1.978013e-06   1.672321e-06   2.102776e-06   2.604056e-06   2.463546e-06   2.476923e-06   4.012813e-08   5.143693e-08   4.286338e-08   6.207905e-08   5.331140e-08   5.398845e-08   6.071438e-08   6.542480e-08
Ti50  4.050150e-07   4.151039e-07   4.251593e-07   4.372617e-07   4.486545e-07   4.608204e-07   4.740020e-07   1.350394e-08   5.036870e-07   5.139904e-07   5.305591e-07   5.416618e-07   5.557173e-07   2.132652e-08   2.204264e-08   6.348167e-07   6.605650e-07   6.801049e-07   7.042549e-07   8.109463e-07   8.359224e-07   2.824228e-08   2.990646e-08   2.997997e-08   1.037869e-06   1.077317e-06   9.514520e-07   1.091125e-06   9.657235e-07   9.732987e-07   1.327227e-06   3.924977e-08   5.031103e-08   4.192515e-08   6.072020e-08   5.214447e-08   5.280670e-08   5.938540e-08   6.399272e-08
V50   2.573423e-09   2.847665e-09   2.923454e-09   2.959823e-09   3.167249e-09   3.158700e-09   3.166999e-09   7.278916e-11   3.556220e-09   3.548185e-09   3.710365e-09   3.766325e-09   3.974525e-09   1.149546e-10   1.188146e-10   5.061574e-08   6.285354e-08   7.311954e-08   7.023878e-08   9.950289e-09   8.396932e-09   1.522320e-10   1.612023e-10   1.615985e-10   1.295590e-08   1.688703e-08   8.590346e-09   1.326887e-08   1.378432e-07   1.012489e-07   1.754031e-08   2.115648e-10   2.711874e-10   2.259857e-10   3.272951e-10   2.810700e-10   2.846396e-10   3.201002e-10   3.449347e-10
V51   1.251928e-06   1.406938e-06   1.426213e-06   1.464663e-06   1.523879e-06   1.528942e-06   1.485220e-06   2.965817e-08   1.636770e-06   1.650582e-06   1.803446e-06   1.797151e-06   1.794491e-06   4.683861e-08   4.841139e-08   5.827922e-06   4.501506e-06   2.917054e-06   2.829389e-06   3.557008e-06   3.667777e-06   6.202741e-08   6.568239e-08   6.584383e-08   4.716569e-06   4.857318e-06   3.819622e-06   4.832881e-06   4.356484e-06   4.211385e-06   5.928459e-06   8.620274e-08   1.104962e-07   9.207857e-08   1.333574e-07   1.145229e-07   1.159773e-07   1.304258e-07   1.405447e-07
Cr50  2.195255e-06   2.388292e-06   2.455667e-06   2.561233e-06   2.668917e-06   2.757155e-06   2.602994e-06   6.042610e-08   2.920780e-06   2.845892e-06   3.115484e-06   3.113336e-06   3.216820e-06   9.542985e-08   9.863425e-08   2.476008e-05   1.346195e-05   6.272839e-06   5.873177e-06   9.429728e-06   9.090770e-06   1.263758e-07   1.338225e-07   1.341514e-07   1.351378e-05   1.679310e-05   9.692658e-06   1.198836e-05   9.287203e-06   1.011894e-05   1.613610e-05   1.756310e-07   2.251269e-07   1.876026e-07   2.717048e-07   2.333310e-07   2.362943e-07   2.657320e-07   2.863484e-07
Cr52  6.521302e-05   7.569905e-05   7.875085e-05   8.207959e-05   8.659468e-05   8.596165e-05   7.909110e-05   1.211740e-06   9.345897e-05   8.927091e-05   1.029820e-04   9.896984e-05   9.626089e-05   1.913679e-06   1.977938e-06   1.233470e-04   1.344633e-04   1.247065e-04   1.296646e-04   2.361613e-04   2.694979e-04   2.534246e-06   2.683577e-06   2.690173e-06   3.131800e-04   2.497093e-04   2.936183e-04   3.590771e-04   2.131744e-04   1.892049e-04   3.905665e-04   3.521974e-06   4.514527e-06   3.762043e-06   5.448567e-06   4.679046e-06   4.738470e-06   5.328792e-06   5.742218e-06
Cr53  6.340806e-06   7.282982e-06   7.415059e-06   7.701032e-06   8.051339e-06   8.073917e-06   7.661315e-06   1.400406e-07   8.646720e-06   8.429930e-06   9.530579e-06   9.267313e-06   9.257729e-06   2.211636e-07   2.285900e-07   1.422629e-05   1.404664e-05   1.271277e-05   1.261744e-05   2.149384e-05   2.337634e-05   2.928824e-07   3.101406e-07   3.109029e-07   2.851029e-05   2.398865e-05   2.440453e-05   3.000313e-05   1.902411e-05   1.785409e-05   3.460958e-05   4.070340e-07   5.217432e-07   4.347787e-07   6.296900e-07   5.407566e-07   5.476242e-07   6.158477e-07   6.636272e-07
Cr54  1.119998e-06   1.175707e-06   1.205235e-06   1.233006e-06   1.273218e-06   1.304347e-06   1.341219e-06   3.551335e-08   1.428755e-06   1.470838e-06   1.528255e-06   1.556237e-06   1.610979e-06   5.608560e-08   5.796888e-08   2.208007e-06   2.129726e-06   2.086369e-06   2.142123e-06   2.645078e-06   2.716271e-06   7.427301e-08   7.864956e-08   7.884287e-08   3.576556e-06   3.696452e-06   2.989711e-06   3.662638e-06   3.056342e-06   3.142082e-06   4.648551e-06   1.032211e-07   1.323106e-07   1.102569e-07   1.596851e-07   1.371322e-07   1.388738e-07   1.561748e-07   1.682914e-07
Mn55  4.285835e-05   4.661792e-05   4.817724e-05   5.009054e-05   5.110935e-05   5.163622e-05   5.162267e-05   1.059443e-06   5.539001e-05   5.555307e-05   6.187052e-05   6.193792e-05   6.392242e-05   1.673159e-06   1.729341e-06   1.140245e-04   8.444436e-05   7.552536e-05   7.587512e-05   1.114971e-04   1.187005e-04   2.215730e-06   2.346292e-06   2.352059e-06   1.481300e-04   1.267845e-04   1.232509e-04   1.504236e-04   1.032997e-04   1.026776e-04   1.773264e-04   3.079316e-06   3.947120e-06   3.289211e-06   4.763765e-06   4.090961e-06   4.142916e-06   4.659044e-06   5.020508e-06
Fe54  2.076275e-04   2.263752e-04   2.335700e-04   2.432241e-04   2.505421e-04   2.568041e-04   2.489067e-04   5.833026e-06   2.735599e-04   2.681681e-04   2.938291e-04   2.906946e-04   3.002431e-04   9.211993e-06   9.521319e-06   5.895459e-04   4.451561e-04   3.957021e-04   3.857554e-04   6.715636e-04   7.023906e-04   1.219925e-05   1.291810e-05   1.294985e-05   8.730834e-04   7.289950e-04   7.057307e-04   8.367400e-04   5.022804e-04   5.146504e-04   9.992658e-04   1.695394e-05   2.173185e-05   1.810957e-05   2.622809e-05   2.252381e-05   2.280986e-05   2.565153e-05   2.764166e-05
Fe56  6.035305e-03   6.673368e-03   7.191973e-03   7.600150e-03   7.759846e-03   8.073106e-03   7.069092e-03   9.495323e-05   8.236258e-03   8.251761e-03   9.420528e-03   9.272707e-03   9.404873e-03   1.499579e-04   1.549933e-04   8.872973e-03   9.939308e-03   9.312515e-03   9.728035e-03   1.948239e-02   2.246620e-02   1.985862e-04   2.102880e-04   2.108048e-04   2.529081e-02   1.826752e-02   2.376556e-02   2.726538e-02   1.477152e-02   1.417479e-02   2.804762e-02   2.759856e-04   3.537632e-04   2.947976e-04   4.269555e-04   3.666550e-04   3.713115e-04   4.175698e-04   4.499663e-04
Fe57  1.906197e-04   2.037687e-04   2.302121e-04   2.365456e-04   2.419465e-04   2.505821e-04   2.179099e-04   2.232212e-06   2.301544e-04   2.618816e-04   2.852075e-04   2.909021e-04   3.163472e-04   3.525292e-06   3.643666e-06   2.707475e-04   2.992968e-04   2.860917e-04   2.909587e-04   5.938267e-04   6.696216e-04   4.668472e-06   4.943562e-06   4.955713e-06   7.993622e-04   5.494285e-04   7.202651e-04   7.924188e-04   4.449739e-04   4.396267e-04   8.315262e-04   6.488019e-06   8.316454e-06   6.930261e-06   1.003710e-05   8.619523e-06   8.728991e-06   9.816455e-06   1.057805e-05
Fe58  1.372886e-05   1.893719e-05   1.964233e-05   1.714640e-05   1.946129e-05   1.903079e-05   1.968164e-05   3.021515e-07   1.824764e-05   2.456533e-05   2.004114e-05   2.135238e-05   2.549281e-05   4.771824e-07   4.932056e-07   3.056322e-05   3.339485e-05   3.543322e-05   3.841383e-05   6.007934e-05   6.220245e-05   6.319229e-07   6.691591e-07   6.708038e-07   9.341572e-05   9.830714e-05   7.275984e-05   1.005209e-04   7.328204e-05   7.867669e-05   1.362509e-04   8.782163e-07   1.125713e-06   9.380781e-07   1.358619e-06   1.166736e-06   1.181554e-06   1.328752e-06   1.431841e-06
Co59  1.729678e-05   2.415732e-05   2.642795e-05   2.006705e-05   2.457061e-05   2.258749e-05   1.986739e-05   2.828878e-07   2.141755e-05   2.622708e-05   2.440884e-05   2.548446e-05   2.859266e-05   4.467597e-07   4.617613e-07   3.759685e-05   3.580824e-05   3.424807e-05   3.601836e-05   4.971579e-05   5.503530e-05   5.916347e-07   6.264969e-07   6.280367e-07   6.945271e-05   6.432919e-05   5.957821e-05   7.218059e-05   6.399142e-05   6.286607e-05   8.593465e-05   8.222256e-07   1.053943e-06   8.782709e-07   1.272000e-06   1.092351e-06   1.106224e-06   1.244038e-06   1.340554e-06
Ni58  3.763042e-04   4.684013e-04   5.457739e-04   4.385815e-04   5.055238e-04   4.790082e-04   4.433187e-04   4.070251e-06   2.955723e-04   5.801655e-04   3.961623e-04   4.417011e-04   6.212807e-04   6.428074e-06   6.643920e-06   2.932799e-04   3.002369e-04   2.935847e-04   2.688440e-04   5.053688e-04   5.180859e-04   8.512567e-06   9.014172e-06   9.036327e-06   6.132557e-04   4.466306e-04   5.107570e-04   6.269833e-04   3.309599e-04   3.782269e-04   6.097818e-04   1.183036e-05   1.516436e-05   1.263675e-05   1.830181e-05   1.571698e-05   1.591658e-05   1.789948e-05   1.928819e-05
Ni60  1.334982e-04   1.597083e-04   1.750439e-04   1.730465e-04   1.817285e-04   1.887630e-04   1.543951e-04   1.621854e-06   1.870397e-04   1.905290e-04   2.144913e-04   2.210601e-04   2.187076e-04   2.561365e-06   2.647372e-06   2.129135e-04   2.456987e-04   2.363447e-04   2.443311e-04   4.873552e-04   5.621163e-04   3.391964e-06   3.591836e-06   3.600664e-06   6.347191e-04   4.779866e-04   6.337985e-04   6.598484e-04   4.332379e-04   4.127652e-04   6.744798e-04   4.713989e-06   6.042472e-06   5.035308e-06   7.292638e-06   6.262672e-06   6.342208e-06   7.132325e-06   7.685675e-06
Ni61  8.291338e-06   1.090609e-05   1.233006e-05   1.049630e-05   1.236503e-05   1.162726e-05   9.961581e-06   7.167757e-08   9.437567e-06   1.298799e-05   1.196761e-05   1.294887e-05   1.486668e-05   1.131991e-07   1.170002e-07   1.125224e-05   1.323763e-05   1.420450e-05   1.487554e-05   2.653364e-05   2.947555e-05   1.499072e-07   1.587406e-07   1.591307e-07   3.871430e-05   3.063304e-05   3.296329e-05   3.780161e-05   2.865830e-05   2.794885e-05   4.666070e-05   2.083339e-07   2.670460e-07   2.225346e-07   3.222969e-07   2.767777e-07   2.802928e-07   3.152119e-07   3.396671e-07
Ni62  5.107816e-05   5.464474e-05   6.678111e-05   5.926343e-05   7.001151e-05   6.757983e-05   5.510572e-05   2.322801e-07   4.058267e-05   7.792621e-05   6.042547e-05   7.001944e-05   9.310896e-05   3.668358e-07   3.791536e-07   4.071411e-05   4.792073e-05   4.771658e-05   4.468428e-05   9.781901e-05   1.084324e-04   4.857931e-07   5.144185e-07   5.156829e-07   1.366792e-04   8.947677e-05   1.181070e-04   1.340755e-04   7.889763e-05   8.595391e-05   1.417058e-04   6.751320e-07   8.653959e-07   7.211510e-07   1.044443e-06   8.969327e-07   9.083237e-07   1.021483e-06   1.100733e-06
Ni64  2.138252e-06   2.282901e-06   2.321515e-06   2.314299e-06   2.480597e-06   2.505472e-06   2.433265e-06   6.106496e-08   2.697234e-06   2.728540e-06   2.871325e-06   2.932955e-06   3.017286e-06   9.643879e-08   9.967707e-08   4.846765e-06   5.364095e-06   5.770779e-06   6.366111e-06   8.061539e-06   8.874127e-06   1.277119e-07   1.352374e-07   1.355698e-07   1.236023e-05   1.346824e-05   1.230731e-05   1.493862e-05   1.142176e-05   1.217768e-05   1.986516e-05   1.774879e-07   2.275071e-07   1.895860e-07   2.745775e-07   2.357979e-07   2.387925e-07   2.685415e-07   2.893758e-07
Cu63  2.591322e-06   4.286248e-06   4.457248e-06   2.982615e-06   4.300612e-06   3.631651e-06   3.092249e-06   4.939694e-08   3.059028e-06   4.487664e-06   3.423842e-06   3.628844e-06   4.027047e-06   7.801171e-08   8.063123e-08   4.796366e-06   5.161404e-06   5.509660e-06   5.960866e-06   8.344712e-06   9.063872e-06   1.033093e-07   1.093968e-07   1.096657e-07   1.503805e-05   1.465534e-05   1.213568e-05   1.398460e-05   1.211809e-05   1.225061e-05   2.081629e-05   1.435743e-07   1.840361e-07   1.533608e-07   2.221125e-07   1.907427e-07   1.931651e-07   2.172298e-07   2.340832e-07
Cu65  8.668122e-07   1.048346e-06   1.068910e-06   9.800485e-07   1.106989e-06   1.080517e-06   1.005911e-06   2.271172e-08   1.045352e-06   1.195534e-06   1.121871e-06   1.176130e-06   1.258193e-06   3.586821e-08   3.707262e-08   1.600103e-06   1.762422e-06   1.916392e-06   2.083070e-06   2.621926e-06   2.913529e-06   4.749954e-08   5.029846e-08   5.042209e-08   3.637784e-06   3.920832e-06   3.739022e-06   4.471889e-06   4.447975e-06   4.438715e-06   5.882916e-06   6.601259e-08   8.461607e-08   7.051220e-08   1.021228e-07   8.769966e-08   8.881344e-08   9.987789e-08   1.076267e-07
Zn64  3.059200e-06   1.172682e-05   1.099343e-05   3.585639e-06   8.654421e-06   5.227922e-06   3.557481e-06   8.400927e-08   4.315391e-06   5.411532e-06   4.116686e-06   4.266423e-06   4.265386e-06   1.326743e-07   1.371294e-07   4.937905e-06   5.192283e-06   5.330464e-06   5.842318e-06   8.070899e-06   8.696888e-06   1.756979e-07   1.860509e-07   1.865082e-07   8.601645e-06   1.346315e-05   1.111083e-05   1.005253e-05   1.175501e-05   8.524289e-06   1.122744e-05   2.441765e-07   3.129897e-07   2.608203e-07   3.777461e-07   3.243957e-07   3.285155e-07   3.694422e-07   3.981048e-07
Zn66  2.450411e-06   2.216437e-06   2.459346e-06   2.683938e-06   2.711206e-06   2.894686e-06   2.650925e-06   4.885857e-08   2.532156e-06   3.161880e-06   3.065909e-06   3.344860e-06   3.795689e-06   7.716147e-08   7.975245e-08   3.386778e-06   3.675889e-06   3.736113e-06   3.893026e-06   5.046978e-06   5.640555e-06   1.021834e-07   1.082045e-07   1.084705e-07   6.990362e-06   6.264412e-06   6.595945e-06   7.330921e-06   8.582736e-06   8.727433e-06   8.881332e-06   1.420095e-07   1.820303e-07   1.516893e-07   2.196917e-07   1.886638e-07   1.910599e-07   2.148622e-07   2.315320e-07
Zn67  2.414279e-07   3.245283e-07   3.219828e-07   2.641850e-07   3.374920e-07   2.970288e-07   2.762003e-07   7.226348e-09   2.851673e-07   3.294041e-07   3.063383e-07   3.151566e-07   3.261067e-07   1.141244e-08   1.179566e-08   3.680135e-07   3.875203e-07   4.028382e-07   4.261951e-07   6.189285e-07   6.904823e-07   1.511326e-08   1.600381e-08   1.604315e-08   9.253068e-07   9.451698e-07   9.271466e-07   1.009877e-06   6.583646e-07   7.085586e-07   1.475153e-06   2.100369e-08   2.692289e-08   2.243536e-08   3.249314e-08   2.790402e-08   2.825840e-08   3.177885e-08   3.424436e-08
Zn68  1.041084e-06   1.489692e-06   1.486051e-06   1.126897e-06   1.483953e-06   1.250475e-06   1.190696e-06   3.348957e-08   1.249299e-06   1.386264e-06   1.316798e-06   1.347976e-06   1.383568e-06   5.288948e-08   5.466543e-08   1.671843e-06   1.766649e-06   1.839755e-06   1.943595e-06   2.165219e-06   2.355368e-06   7.004045e-08   7.416760e-08   7.434990e-08   3.301062e-06   3.467527e-06   3.169312e-06   3.440832e-06   3.127621e-06   3.159464e-06   4.903219e-06   9.733887e-08   1.247706e-07   1.039738e-07   1.505852e-07   1.293175e-07   1.309599e-07   1.472750e-07   1.587010e-07
Zn70  3.547190e-08   3.918347e-08   4.213867e-08   4.450683e-08   4.610674e-08   4.804967e-08   4.158545e-08   1.141079e-09   4.859414e-08   4.239769e-08   4.718437e-08   4.584074e-08   4.572012e-08   1.802086e-09   1.862598e-09   4.796461e-08   4.982292e-08   5.203004e-08   5.447704e-08   1.251892e-07   1.402774e-07   2.386466e-09   2.527089e-09   2.533300e-09   6.797917e-08   5.929812e-08   1.726385e-07   1.688012e-07   5.937105e-08   5.859566e-08   8.408991e-08   3.316596e-09   4.251270e-09   3.542665e-09   5.130842e-09   4.406195e-09   4.462153e-09   5.018052e-09   5.407369e-09
Ga69  1.018260e-07   1.213816e-07   1.234903e-07   1.140513e-07   1.291381e-07   1.233175e-07   1.170197e-07   3.177288e-09   1.270813e-07   1.297281e-07   1.338244e-07   1.360703e-07   1.392789e-07   5.017834e-09   5.186326e-09   1.876140e-07   1.989972e-07   2.129819e-07   2.343335e-07   2.913719e-07   3.356006e-07   6.645015e-09   7.036573e-09   7.053869e-09   4.272375e-07   4.201739e-07   4.651746e-07   4.910962e-07   5.417833e-07   5.474724e-07   6.458617e-07   9.234924e-09   1.183748e-08   9.864403e-09   1.428662e-08   1.226887e-08   1.242468e-08   1.397256e-08   1.505660e-08
Ga71  6.833639e-08   7.396016e-08   7.370272e-08   7.455856e-08   7.887648e-08   7.938764e-08   7.783379e-08   2.169847e-09   8.419325e-08   8.593190e-08   8.747413e-08   8.968000e-08   9.252860e-08   3.426800e-09   3.541867e-09   1.103881e-07   1.172420e-07   1.230824e-07   1.298208e-07   1.638206e-07   1.834860e-07   4.538041e-09   4.805446e-09   4.817257e-09   2.590607e-07   2.655630e-07   2.482535e-07   2.648432e-07   2.402366e-07   2.408193e-07   4.081748e-07   6.306753e-09   8.084104e-09   6.736639e-09   9.756676e-09   8.378706e-09   8.485115e-09   9.542197e-09   1.028251e-08
Ge70  1.169477e-07   1.190911e-07   1.203965e-07   1.232507e-07   1.274527e-07   1.296980e-07   1.318768e-07   3.661079e-09   1.380537e-07   1.454218e-07   1.492232e-07   1.544751e-07   1.595511e-07   5.781876e-09   5.976024e-09   2.585687e-07   2.684528e-07   2.693916e-07   2.965089e-07   2.459671e-07   2.922159e-07   7.656820e-09   8.108000e-09   8.127929e-09   4.599170e-07   4.638094e-07   4.067659e-07   4.280587e-07   8.501929e-07   8.962166e-07   6.601819e-07   1.064108e-08   1.363992e-08   1.136641e-08   1.646197e-08   1.413699e-08   1.431653e-08   1.610009e-08   1.734919e-08
Ge72  1.557906e-07   1.706268e-07   1.697541e-07   1.659986e-07   1.804243e-07   1.767004e-07   1.762163e-07   5.035218e-09   1.864431e-07   1.936192e-07   1.953597e-07   2.001536e-07   2.053273e-07   7.952029e-09   8.219047e-09   2.567473e-07   2.707846e-07   2.866602e-07   3.082363e-07   3.158245e-07   3.483782e-07   1.053071e-08   1.115123e-08   1.117864e-08   4.586570e-07   4.570237e-07   4.478928e-07   4.805462e-07   5.790286e-07   5.715643e-07   6.218274e-07   1.463508e-08   1.875949e-08   1.563265e-08   2.264076e-08   1.944313e-08   1.969005e-08   2.214306e-08   2.386099e-08
Ge73  4.520165e-08   4.726272e-08   4.750926e-08   4.837682e-08   5.053188e-08   5.114815e-08   5.146268e-08   1.443464e-09   5.408034e-08   5.592059e-08   5.802358e-08   5.922359e-08   6.061204e-08   2.279637e-09   2.356184e-09   6.997115e-08   7.303023e-08   7.608112e-08   8.102079e-08   1.056729e-07   1.155765e-07   3.018876e-09   3.196764e-09   3.204621e-09   1.529252e-07   1.469870e-07   1.658711e-07   1.674072e-07   1.193230e-07   1.237548e-07   2.211590e-07   4.195490e-09   5.377851e-09   4.481467e-09   6.490509e-09   5.573831e-09   5.644619e-09   6.347830e-09   6.840316e-09
Ge74  2.089337e-07   2.127578e-07   2.169664e-07   2.228765e-07   2.289486e-07   2.337848e-07   2.377746e-07   6.886718e-09   2.491598e-07   2.554834e-07   2.621596e-07   2.674288e-07   2.731676e-07   1.087607e-08   1.124127e-08   3.169623e-07   3.299724e-07   3.426477e-07   3.585631e-07   3.834251e-07   4.113051e-07   1.440296e-08   1.525165e-08   1.528914e-08   5.035862e-07   5.113734e-07   5.302976e-07   5.384710e-07   4.923757e-07   4.929995e-07   6.720054e-07   2.001654e-08   2.565755e-08   2.138093e-08   3.096600e-08   2.659256e-08   2.693029e-08   3.028528e-08   3.263492e-08
