# Cinquegrana, Heger & Karakas 2025
M      10.5   10.8   11.0   11.3   11.5   12.0   12.3   12.5   12.8   13.0   13.3   13.5   13.8   14.0   14.3   14.5   14.8   15.0   15.3   15.5   15.8   16.0   16.5
E      1.0   1.0   1.0   1.0   1.0   1.0   1.0   1.0   1.0   1.0   1.0   1.0   1.0   1.0   1.0   1.0   1.0   1.0   1.0   1.0   1.0   1.0   1.0
Mrem   1.306   1.315   1.397   1.506   1.387   1.411   1.423   1.514   1.585   1.590   1.681   1.426   1.473   1.493   1.513   1.540   1.550   1.544   1.458   1.455   1.540   1.560   1.568
H1    4.556123e+00   4.705518e+00   4.821583e+00   4.915727e+00   5.071876e+00   5.250298e+00   5.347960e+00   5.437801e+00   5.532046e+00   5.600122e+00   5.703654e+00   5.650019e+00   5.715492e+00   5.749700e+00   5.866898e+00   5.935898e+00   6.029199e+00   6.077402e+00   6.055830e+00   6.124101e+00   5.949105e+00   6.283776e+00   6.402199e+00
H2    3.994255e-08   4.216006e-08   4.387603e-08   4.579790e-08   4.802029e-08   5.129346e-08   5.363463e-08   5.608096e-08   5.913515e-08   6.212729e-08   6.556046e-08   6.551931e-08   6.856709e-08   7.106678e-08   7.324148e-08   7.574757e-08   7.797344e-08   7.970994e-08   8.068249e-08   8.300674e-08   8.410558e-08   8.841574e-08   9.217029e-08
He3   4.018198e-04   4.139465e-04   4.230257e-04   4.306552e-04   4.427680e-04   4.574201e-04   4.661343e-04   4.760823e-04   4.844830e-04   5.000083e-04   5.174776e-04   5.183907e-04   5.271111e-04   5.328711e-04   5.393451e-04   5.461213e-04   5.519993e-04   5.562009e-04   5.532291e-04   5.587243e-04   5.454404e-04   5.769386e-04   5.849319e-04
He4   3.819656e+00   3.882496e+00   3.916286e+00   3.943503e+00   4.123931e+00   4.359800e+00   4.474882e+00   4.536230e+00   4.623043e+00   4.698170e+00   4.787265e+00   5.174638e+00   5.272236e+00   5.404012e+00   5.511536e+00   5.625945e+00   5.740304e+00   5.873043e+00   6.037782e+00   6.150118e+00   5.978718e+00   6.349359e+00   6.562681e+00
Li6   3.164246e-10   3.260273e-10   3.342506e-10   3.439162e-10   3.530142e-10   3.647356e-10   3.728013e-10   3.856275e-10   3.952095e-10   4.054003e-10   4.187274e-10   4.116553e-10   4.194791e-10   4.264763e-10   4.328309e-10   4.415293e-10   4.484404e-10   4.527345e-10   4.559161e-10   4.629986e-10   4.532755e-10   4.836776e-10   4.941441e-10
Li7   1.606319e-08   1.778584e-08   2.174900e-08   2.206837e-08   4.927323e-08   2.803132e-08   3.745271e-08   3.485055e-08   6.555304e-08   6.732059e-08   6.481020e-08   1.560042e-07   1.523395e-07   1.501857e-07   1.491954e-07   1.523170e-07   1.533260e-07   1.714138e-07   2.217649e-07   2.264071e-07   2.530132e-07   2.138105e-07   2.283851e-07
Be9   2.501305e-10   2.587974e-10   2.654061e-10   2.716637e-10   2.804507e-10   2.911660e-10   2.979396e-10   3.070148e-10   3.148792e-10   3.222019e-10   3.336832e-10   3.269875e-10   3.317735e-10   3.363161e-10   3.423414e-10   3.477291e-10   3.520332e-10   3.553435e-10   3.540668e-10   3.586580e-10   3.512290e-10   3.741896e-10   3.800226e-10
B10   5.584033e-09   5.791476e-09   5.944850e-09   6.059465e-09   6.638327e-09   6.531811e-09   6.747400e-09   6.840196e-09   7.447312e-09   7.518760e-09   7.786259e-09   8.885042e-09   8.327641e-09   8.848224e-09   8.968081e-09   9.031009e-09   9.111280e-09   9.304366e-09   9.794391e-09   9.920653e-09   8.868574e-09   9.872342e-09   1.007295e-08
B11   4.015835e-08   4.299396e-08   4.620424e-08   4.980869e-08   6.521008e-08   5.913913e-08   7.358838e-08   7.896527e-08   6.650090e-08   1.160176e-07   1.175628e-07   2.719131e-07   1.355139e-07   2.803532e-07   3.727412e-07   3.264787e-07   3.217233e-07   3.112593e-07   3.453976e-07   3.623259e-07   2.173641e-07   4.948020e-07   3.796313e-07
C12   8.994192e-02   9.411864e-02   9.790941e-02   1.019979e-01   1.013708e-01   1.129917e-01   1.162067e-01   1.176161e-01   1.118749e-01   1.195298e-01   1.228684e-01   1.471562e-01   1.493661e-01   1.620497e-01   1.659163e-01   1.670506e-01   1.688099e-01   1.744728e-01   1.903996e-01   1.976223e-01   1.833183e-01   2.080682e-01   2.135661e-01
C13   4.648568e-03   4.808513e-03   4.928998e-03   5.030688e-03   5.217854e-03   5.434597e-03   5.558727e-03   5.704110e-03   5.814914e-03   6.008357e-03   6.153757e-03   6.147617e-03   6.221536e-03   6.220849e-03   6.250908e-03   6.252580e-03   6.264400e-03   6.220295e-03   6.047165e-03   6.057072e-03   5.607495e-03   5.926880e-03   5.831959e-03
N14   1.242249e-01   1.246852e-01   1.242380e-01   1.233277e-01   1.326195e-01   1.400051e-01   1.448228e-01   1.458264e-01   1.515720e-01   1.490757e-01   1.498464e-01   1.656139e-01   1.659381e-01   1.677143e-01   1.745215e-01   1.788077e-01   1.843534e-01   1.892218e-01   1.963722e-01   2.008036e-01   1.961130e-01   2.069467e-01   2.160554e-01
N15   4.390145e-05   4.609055e-05   5.241048e-05   6.266930e-05   4.891684e-05   7.768381e-05   8.709817e-05   8.967065e-05   5.339683e-05   7.522830e-05   7.736820e-05   7.348111e-05   7.402579e-05   9.063495e-05   9.067468e-05   9.489327e-05   9.676506e-05   1.019604e-04   1.017936e-04   1.058451e-04   8.952827e-05   1.615678e-04   1.153884e-04
O16   3.117544e-01   3.233457e-01   3.335426e-01   3.429024e-01   3.542825e-01   3.775780e-01   3.858749e-01   3.851997e-01   3.873972e-01   3.970869e-01   4.031697e-01   4.872418e-01   5.018144e-01   5.382427e-01   5.321666e-01   5.524640e-01   5.650011e-01   6.049472e-01   7.084437e-01   7.482975e-01   7.179668e-01   7.574208e-01   8.510165e-01
O17   3.980014e-04   4.032118e-04   4.080518e-04   4.063557e-04   4.153983e-04   4.046827e-04   4.021380e-04   3.922833e-04   3.933418e-04   3.674049e-04   3.532968e-04   3.449235e-04   3.311605e-04   3.355915e-04   3.410653e-04   3.400157e-04   3.426036e-04   3.563811e-04   3.436888e-04   3.494767e-04   3.278949e-04   3.591727e-04   3.592164e-04
O18   1.087186e-03   1.307389e-03   1.627087e-03   2.198099e-03   8.726523e-04   3.035927e-03   2.660143e-03   2.736335e-03   9.462958e-04   2.121653e-03   2.086335e-03   3.661405e-03   5.977113e-03   9.035899e-03   8.424106e-03   9.065419e-03   9.434453e-03   1.081091e-02   1.236750e-02   1.305715e-02   1.239867e-02   1.489743e-02   1.694647e-02
F19   2.601362e-05   2.693967e-05   2.926897e-05   3.590599e-05   2.852546e-05   4.380491e-05   4.393528e-05   4.758168e-05   3.092989e-05   3.250250e-05   3.313162e-05   3.401154e-05   3.365157e-05   3.705742e-05   3.643978e-05   3.748861e-05   3.801450e-05   3.959961e-05   4.173597e-05   4.285381e-05   3.738772e-05   4.473579e-05   4.693870e-05
Ne20  1.040966e-01   1.072332e-01   1.091149e-01   1.107517e-01   1.155559e-01   1.218579e-01   1.249881e-01   1.251966e-01   1.273109e-01   1.300362e-01   1.323296e-01   1.498703e-01   1.395809e-01   1.595135e-01   1.564779e-01   1.639076e-01   1.680695e-01   1.772012e-01   2.005614e-01   2.080922e-01   1.537863e-01   2.043773e-01   2.284808e-01
Ne21  3.199263e-04   3.287457e-04   3.394596e-04   3.528984e-04   3.536369e-04   4.195521e-04   4.547802e-04   4.559716e-04   3.946188e-04   4.410427e-04   4.521368e-04   5.922939e-04   4.696181e-04   6.946989e-04   7.143251e-04   7.457448e-04   7.694626e-04   7.982984e-04   9.097529e-04   9.484430e-04   5.438104e-04   1.171653e-03   1.011556e-03
Ne22  8.429051e-03   9.065207e-03   9.609293e-03   1.037706e-02   9.035753e-03   1.239998e-02   1.279194e-02   1.257470e-02   1.024298e-02   1.252765e-02   1.257720e-02   2.240267e-02   2.373732e-02   2.903150e-02   2.806401e-02   2.849928e-02   2.884555e-02   3.295002e-02   4.132466e-02   4.406182e-02   4.005554e-02   4.515141e-02   4.879084e-02
Na23  3.242601e-03   3.325179e-03   3.344345e-03   3.326817e-03   3.541575e-03   3.910350e-03   4.073666e-03   3.967489e-03   4.033261e-03   4.122870e-03   4.142138e-03   5.651556e-03   4.755271e-03   6.779995e-03   6.434193e-03   6.884935e-03   7.117059e-03   7.970758e-03   1.017067e-02   1.075676e-02   6.026896e-03   9.355397e-03   1.143794e-02
Mg24  2.484097e-02   2.555782e-02   2.604865e-02   2.648251e-02   2.782513e-02   2.904736e-02   2.977500e-02   2.995022e-02   3.080660e-02   3.105564e-02   3.160002e-02   3.465199e-02   3.433094e-02   3.595352e-02   3.549727e-02   3.700987e-02   3.788292e-02   3.969745e-02   4.355312e-02   4.504010e-02   3.992498e-02   4.518181e-02   4.995554e-02
Mg25  3.331967e-03   3.549699e-03   3.701922e-03   3.943760e-03   4.131895e-03   4.797395e-03   4.918097e-03   4.597534e-03   4.463915e-03   4.715805e-03   4.760570e-03   8.822395e-03   5.845206e-03   1.065859e-02   9.862712e-03   1.108273e-02   1.159105e-02   1.298285e-02   1.798778e-02   1.928159e-02   7.488664e-03   1.868185e-02   2.343144e-02
Mg26  4.110836e-03   4.309936e-03   4.471760e-03   4.781123e-03   5.049304e-03   5.803839e-03   5.929014e-03   5.719178e-03   5.517937e-03   5.745680e-03   5.791698e-03   9.801957e-03   7.408097e-03   1.141357e-02   1.104480e-02   1.236839e-02   1.300817e-02   1.382042e-02   1.825719e-02   1.945632e-02   9.242110e-03   1.933371e-02   2.462309e-02
Al27  2.842151e-03   2.936941e-03   2.996958e-03   3.043698e-03   3.188919e-03   3.371262e-03   3.465485e-03   3.439572e-03   3.598333e-03   3.599782e-03   3.650917e-03   4.327515e-03   4.261238e-03   4.621544e-03   4.334439e-03   4.701209e-03   4.835677e-03   5.313972e-03   6.280374e-03   6.594070e-03   5.613613e-03   6.360908e-03   7.594877e-03
Si28  3.523954e-02   3.824766e-02   3.630645e-02   3.648535e-02   4.292571e-02   4.325101e-02   4.455227e-02   4.259646e-02   4.205626e-02   4.333710e-02   4.394500e-02   6.112276e-02   7.212868e-02   5.862513e-02   6.241179e-02   6.027855e-02   6.088258e-02   6.192921e-02   6.881614e-02   7.825904e-02   9.339029e-02   7.391877e-02   7.242835e-02
Si29  1.758235e-03   1.838037e-03   1.911672e-03   1.975040e-03   2.148012e-03   2.218524e-03   2.282140e-03   2.284049e-03   2.467367e-03   2.368870e-03   2.396502e-03   2.830095e-03   4.947421e-03   2.902710e-03   2.717402e-03   3.142045e-03   3.285743e-03   3.559640e-03   3.879724e-03   4.132164e-03   9.335012e-03   4.667632e-03   5.014985e-03
Si30  1.204167e-03   1.275559e-03   1.466598e-03   1.553234e-03   1.782253e-03   1.752071e-03   1.839224e-03   1.912697e-03   1.905904e-03   1.936083e-03   1.943675e-03   2.058352e-03   3.929885e-03   2.078322e-03   1.946235e-03   2.384967e-03   2.574327e-03   3.003345e-03   2.936404e-03   3.225313e-03   9.180426e-03   4.315946e-03   4.713932e-03
P31   3.452931e-04   3.616672e-04   3.806742e-04   3.946039e-04   4.545236e-04   4.639840e-04   4.762163e-04   4.733595e-04   4.989811e-04   4.798303e-04   4.848601e-04   6.793789e-04   1.687850e-03   7.540956e-04   7.069748e-04   8.282360e-04   8.725843e-04   9.308392e-04   1.074969e-03   1.145929e-03   3.569603e-03   1.268441e-03   1.397334e-03
S32   1.810741e-02   1.974908e-02   1.839997e-02   1.849562e-02   2.099416e-02   2.146902e-02   2.211060e-02   2.133107e-02   2.111251e-02   2.174419e-02   2.208659e-02   3.132673e-02   3.601429e-02   2.884109e-02   2.975551e-02   2.911308e-02   2.928264e-02   2.931499e-02   3.314487e-02   3.888696e-02   4.263464e-02   3.398870e-02   3.329531e-02
S33   1.453431e-04   1.506466e-04   1.496937e-04   1.512223e-04   1.738468e-04   1.784697e-04   1.825870e-04   1.743284e-04   1.729160e-04   1.776396e-04   1.808920e-04   2.375445e-04   3.688166e-04   2.408641e-04   2.494611e-04   2.457363e-04   2.484349e-04   2.497150e-04   2.707725e-04   3.020325e-04   4.589967e-04   2.909892e-04   2.817205e-04
S34   9.431004e-04   1.070278e-03   9.390826e-04   9.532946e-04   1.420987e-03   1.497740e-03   1.527110e-03   1.168511e-03   1.074788e-03   1.148857e-03   1.171791e-03   2.509448e-03   5.191689e-03   2.164189e-03   2.802848e-03   2.327314e-03   2.314182e-03   2.200871e-03   2.324029e-03   3.548614e-03   1.023133e-02   2.744423e-03   2.314161e-03
S36   3.181771e-06   3.471047e-06   3.776170e-06   4.065139e-06   4.620826e-06   4.976291e-06   5.120832e-06   5.046298e-06   5.014505e-06   5.038782e-06   5.090530e-06   8.893531e-06   7.692671e-05   1.051361e-05   9.617830e-06   1.201699e-05   1.284440e-05   1.407762e-05   1.739326e-05   1.886131e-05   2.452911e-04   2.078591e-05   2.432597e-05
Cl35  1.873226e-04   1.920881e-04   1.899812e-04   1.918427e-04   2.131924e-04   2.214285e-04   2.267496e-04   2.181536e-04   2.199883e-04   2.243798e-04   2.286329e-04   2.858882e-04   1.041353e-03   2.987341e-04   3.024703e-04   2.932428e-04   2.937268e-04   2.900246e-04   3.235029e-04   3.489240e-04   1.658676e-03   3.249855e-04   3.189250e-04
Cl37  6.443768e-05   6.724197e-05   6.742724e-05   6.954794e-05   7.461900e-05   8.122166e-05   8.324422e-05   8.004714e-05   7.940816e-05   8.199763e-05   8.337136e-05   1.239022e-04   2.082225e-04   1.353706e-04   1.332231e-04   1.369824e-04   1.398328e-04   1.504419e-04   1.916028e-04   2.097443e-04   3.397929e-04   2.034240e-04   2.273786e-04
Ar36  3.975771e-03   4.226446e-03   4.054399e-03   4.087921e-03   4.429656e-03   4.577451e-03   4.703541e-03   4.666786e-03   4.666426e-03   4.779379e-03   4.854376e-03   6.291477e-03   6.251745e-03   5.927846e-03   5.972620e-03   5.970712e-03   6.014553e-03   6.046241e-03   6.679315e-03   7.522479e-03   6.374416e-03   6.736365e-03   6.747709e-03
Ar38  9.452028e-04   1.139588e-03   8.182968e-04   8.171537e-04   1.279281e-03   1.421288e-03   1.462419e-03   9.593597e-04   9.268273e-04   9.649787e-04   9.906565e-04   3.197549e-03   5.158758e-03   2.326193e-03   2.683536e-03   2.185130e-03   2.069257e-03   1.787317e-03   2.526597e-03   4.442205e-03   6.630184e-03   2.399675e-03   1.956033e-03
Ar40  1.404664e-06   1.572982e-06   1.730305e-06   1.984177e-06   2.382217e-06   2.700456e-06   2.782353e-06   2.593881e-06   2.508159e-06   2.493429e-06   2.522392e-06   5.983594e-06   2.267348e-05   7.706774e-06   7.272692e-06   8.898882e-06   9.489288e-06   9.972360e-06   1.340040e-05   1.437484e-05   4.774927e-05   1.489120e-05   1.921308e-05
K39   1.790926e-04   1.858846e-04   1.777232e-04   1.799127e-04   2.006319e-04   2.106658e-04   2.162554e-04   2.042425e-04   2.058593e-04   2.101368e-04   2.142637e-04   3.029958e-04   9.749708e-04   3.030810e-04   2.900413e-04   2.826954e-04   2.808979e-04   2.762605e-04   3.356069e-04   3.840657e-04   9.808576e-04   3.191522e-04   3.208210e-04
K40   3.182717e-07   3.292969e-07   3.506029e-07   3.776957e-07   3.782888e-07   4.506747e-07   4.528020e-07   4.415132e-07   4.119477e-07   4.341777e-07   4.394864e-07   7.729148e-07   4.470407e-05   1.030112e-06   9.380458e-07   9.568667e-07   9.760905e-07   1.119870e-06   1.517739e-06   1.618317e-06   4.955336e-05   1.688449e-06   1.821949e-06
K41   1.339019e-05   1.384982e-05   1.377094e-05   1.404336e-05   1.530622e-05   1.604275e-05   1.643934e-05   1.600952e-05   1.600861e-05   1.639210e-05   1.670785e-05   2.215432e-05   4.462232e-05   2.309157e-05   2.214830e-05   2.257238e-05   2.285740e-05   2.361081e-05   2.779353e-05   3.047133e-05   5.156289e-05   2.822290e-05   2.943526e-05
Ca40  2.967512e-03   3.157980e-03   3.026460e-03   3.054700e-03   3.252886e-03   3.357136e-03   3.450675e-03   3.487900e-03   3.482985e-03   3.569757e-03   3.619447e-03   4.689893e-03   4.282779e-03   4.316871e-03   4.284152e-03   4.355212e-03   4.405333e-03   4.491592e-03   4.938735e-03   5.515560e-03   4.356212e-03   4.948011e-03   5.003545e-03
Ca42  2.668424e-05   3.098042e-05   2.225728e-05   2.226609e-05   3.358106e-05   3.725251e-05   3.841237e-05   2.596574e-05   2.523594e-05   2.617369e-05   2.688539e-05   9.264151e-05   1.178669e-04   6.973789e-05   6.973370e-05   6.111178e-05   5.712343e-05   4.706694e-05   7.646137e-05   1.274417e-04   1.061046e-04   6.570502e-05   5.691963e-05
Ca43  4.319588e-06   4.407482e-06   4.533759e-06   4.669096e-06   4.824226e-06   5.093861e-06   5.198148e-06   5.273521e-06   5.384433e-06   5.441899e-06   5.549655e-06   6.367647e-06   3.279534e-05   7.143660e-06   7.029484e-06   7.268269e-06   7.414586e-06   7.740590e-06   8.608966e-06   8.732507e-06   3.629645e-05   9.444047e-06   9.972309e-06
Ca44  6.756928e-05   6.885725e-05   7.078908e-05   7.192354e-05   7.386242e-05   7.753149e-05   7.929105e-05   8.136185e-05   8.220589e-05   8.381044e-05   8.534605e-05   8.942666e-05   1.245197e-04   9.549227e-05   9.681088e-05   9.918499e-05   1.009814e-04   1.035498e-04   1.078156e-04   1.067027e-04   1.539556e-04   1.138411e-04   1.189167e-04
Ca46  1.746433e-07   2.102259e-07   2.462610e-07   2.815274e-07   3.688033e-07   4.298452e-07   4.590247e-07   4.260126e-07   4.000555e-07   4.055570e-07   4.084636e-07   1.167678e-06   2.987723e-06   1.852168e-06   1.735904e-06   2.226412e-06   2.402463e-06   2.531754e-06   2.884916e-06   3.064405e-06   9.482222e-06   3.189230e-06   4.592837e-06
Ca48  6.550998e-06   6.722025e-06   6.841868e-06   6.939279e-06   7.216211e-06   7.541409e-06   7.710313e-06   7.822713e-06   7.961573e-06   8.076470e-06   8.228776e-06   8.596582e-06   8.662300e-06   8.924494e-06   9.086812e-06   9.276164e-06   9.449226e-06   9.599878e-06   9.788167e-06   9.963237e-06   9.546344e-06   1.029263e-05   1.060084e-05
Sc45  2.007013e-06   2.081884e-06   2.143465e-06   2.214214e-06   2.359826e-06   2.536954e-06   2.600712e-06   2.575392e-06   2.604702e-06   2.641557e-06   2.687562e-06   3.830601e-06   1.475214e-05   4.602225e-06   4.390947e-06   4.845084e-06   5.015092e-06   5.316501e-06   6.241094e-06   6.546730e-06   2.425771e-05   6.757194e-06   8.115257e-06
Ti46  1.416298e-05   1.845217e-05   1.308397e-05   1.307712e-05   1.840283e-05   1.753026e-05   1.853970e-05   1.503031e-05   1.486025e-05   1.531167e-05   1.567383e-05   4.561123e-05   2.867647e-05   2.558826e-05   2.359498e-05   2.356250e-05   2.354112e-05   2.175019e-05   3.471866e-05   5.702824e-05   2.909549e-05   2.792979e-05   2.712101e-05
Ti47  1.112132e-05   1.135515e-05   1.161652e-05   1.186458e-05   1.238411e-05   1.282925e-05   1.312841e-05   1.333029e-05   1.355180e-05   1.373377e-05   1.400170e-05   1.527145e-05   2.370316e-05   1.605205e-05   1.614305e-05   1.666621e-05   1.700020e-05   1.724604e-05   1.799146e-05   1.835142e-05   2.875989e-05   1.913013e-05   1.974308e-05
Ti48  1.130737e-04   1.136809e-04   1.185246e-04   1.201200e-04   1.218307e-04   1.272729e-04   1.301550e-04   1.366473e-04   1.369353e-04   1.402259e-04   1.425912e-04   1.438717e-04   1.559523e-04   1.586525e-04   1.610559e-04   1.654418e-04   1.681425e-04   1.728806e-04   1.759147e-04   1.643919e-04   1.751855e-04   1.877871e-04   1.920995e-04
Ti49  8.559315e-06   8.657344e-06   9.018553e-06   9.295761e-06   9.492069e-06   9.936173e-06   1.013199e-05   1.046686e-05   1.046244e-05   1.066789e-05   1.080776e-05   1.192768e-05   1.721002e-05   1.295824e-05   1.291766e-05   1.339405e-05   1.369182e-05   1.441101e-05   1.566792e-05   1.560098e-05   2.342760e-05   1.684038e-05   1.766163e-05
Ti50  8.237466e-06   8.511710e-06   8.768881e-06   9.048800e-06   9.377979e-06   1.006333e-05   1.029180e-05   1.033503e-05   1.039379e-05   1.058063e-05   1.075043e-05   1.283387e-05   1.589766e-05   1.367699e-05   1.353788e-05   1.427169e-05   1.470572e-05   1.569721e-05   1.820312e-05   1.910101e-05   2.858212e-05   2.003541e-05   2.217986e-05
V50   4.845554e-08   4.534542e-08   5.223347e-08   5.198924e-08   5.837416e-08   5.292302e-08   5.409593e-08   6.190955e-08   5.997845e-08   6.401869e-08   6.355961e-08   6.202300e-08   1.200649e-06   8.311536e-08   8.185704e-08   8.492986e-08   8.765052e-08   9.147605e-08   1.061208e-07   7.759479e-08   1.321077e-06   1.104096e-07   1.170369e-07
V51   1.873991e-05   1.893693e-05   1.961464e-05   1.981739e-05   2.169895e-05   2.101134e-05   2.155119e-05   2.279854e-05   2.252949e-05   2.325363e-05   2.348038e-05   2.663374e-05   2.820441e-05   2.808069e-05   2.833749e-05   2.913969e-05   2.970700e-05   3.048635e-05   3.262850e-05   3.154534e-05   3.224491e-05   3.461718e-05   3.533608e-05
Cr50  4.291062e-05   4.557104e-05   4.588058e-05   4.463127e-05   5.562738e-05   4.461382e-05   4.629066e-05   5.575962e-05   5.036880e-05   5.510358e-05   5.472299e-05   7.833702e-05   5.697234e-05   8.410798e-05   8.345020e-05   8.750926e-05   8.943434e-05   8.869039e-05   1.077527e-04   9.237961e-05   6.678169e-05   1.126287e-04   1.151417e-04
Cr52  7.530991e-04   7.658970e-04   7.913519e-04   7.972522e-04   8.343184e-04   8.450469e-04   8.662027e-04   9.198625e-04   9.068130e-04   9.360625e-04   9.466435e-04   9.884043e-04   1.005922e-03   1.086543e-03   1.108963e-03   1.141416e-03   1.162057e-03   1.201314e-03   1.229186e-03   1.144593e-03   1.117819e-03   1.327937e-03   1.342264e-03
Cr53  9.015754e-05   9.021729e-05   9.501251e-05   9.528517e-05   1.092409e-04   9.965123e-05   1.022448e-04   1.120131e-04   1.077431e-04   1.130871e-04   1.135505e-04   1.272853e-04   1.217133e-04   1.404794e-04   1.429818e-04   1.481490e-04   1.503933e-04   1.560311e-04   1.644557e-04   1.515226e-04   1.388303e-04   1.789349e-04   1.807395e-04
Cr54  2.210292e-05   2.252123e-05   2.348571e-05   2.421135e-05   2.497615e-05   2.653751e-05   2.709451e-05   2.772117e-05   2.768538e-05   2.835825e-05   2.874174e-05   3.435191e-05   3.619609e-05   3.866532e-05   3.856688e-05   4.017625e-05   4.108757e-05   4.352632e-05   5.005317e-05   5.021103e-05   5.015041e-05   5.422203e-05   5.867955e-05
Mn55  6.628270e-04   6.702281e-04   6.950207e-04   7.028404e-04   7.308142e-04   7.399988e-04   7.577538e-04   8.090340e-04   7.953792e-04   8.253633e-04   8.342926e-04   8.731800e-04   8.845374e-04   9.693610e-04   9.827742e-04   1.015406e-03   1.031407e-03   1.061779e-03   1.102822e-03   1.018712e-03   9.977425e-04   1.184509e-03   1.200717e-03
Fe54  3.841986e-03   3.838578e-03   4.056254e-03   4.055946e-03   4.129532e-03   4.059887e-03   4.164446e-03   4.841316e-03   4.576575e-03   4.840214e-03   4.864963e-03   4.941771e-03   5.067398e-03   6.362508e-03   6.389698e-03   6.737699e-03   6.828747e-03   6.965867e-03   7.422765e-03   5.699774e-03   5.844578e-03   8.259698e-03   8.266676e-03
Fe56  5.894750e-02   5.870175e-02   6.233289e-02   6.270040e-02   6.279267e-02   6.558668e-02   6.706887e-02   7.246269e-02   7.107393e-02   7.458271e-02   7.487206e-02   7.428330e-02   7.752821e-02   8.487584e-02   8.621430e-02   8.876686e-02   9.074811e-02   9.310242e-02   9.502936e-02   8.484002e-02   8.570487e-02   1.017533e-01   1.058160e-01
Fe57  1.466579e-03   1.392247e-03   1.599773e-03   1.591251e-03   1.499372e-03   1.586810e-03   1.618373e-03   1.899779e-03   1.760944e-03   1.950198e-03   1.918267e-03   1.863414e-03   2.039415e-03   2.437363e-03   2.453654e-03   2.555175e-03   2.625190e-03   2.750819e-03   2.901432e-03   2.296912e-03   2.410894e-03   3.198572e-03   3.404713e-03
Fe58  1.994160e-04   2.113709e-04   2.302902e-04   2.542696e-04   2.487089e-04   3.003177e-04   3.048322e-04   2.981275e-04   2.857351e-04   2.960528e-04   3.010523e-04   5.236399e-04   5.737302e-04   6.083639e-04   5.972247e-04   6.355266e-04   6.545607e-04   7.479833e-04   9.718565e-04   1.043322e-03   1.049192e-03   1.148400e-03   1.261484e-03
Co59  1.850713e-04   1.845398e-04   2.049213e-04   2.111208e-04   2.083301e-04   2.292672e-04   2.353870e-04   2.512557e-04   2.396973e-04   2.562609e-04   2.556419e-04   3.487580e-04   3.449311e-04   4.465960e-04   4.447310e-04   4.698590e-04   4.834663e-04   5.223434e-04   6.055645e-04   5.895537e-04   4.645219e-04   6.971408e-04   7.657754e-04
Ni58  2.864794e-03   2.519115e-03   3.301155e-03   3.156991e-03   2.695722e-03   2.806495e-03   2.870405e-03   3.914999e-03   3.515610e-03   4.133296e-03   3.895920e-03   3.182947e-03   3.797471e-03   5.053833e-03   5.148903e-03   5.454150e-03   5.684115e-03   5.858166e-03   6.022021e-03   3.618045e-03   4.249538e-03   6.703092e-03   7.466812e-03
Ni60  1.035920e-03   1.016450e-03   1.096704e-03   1.109107e-03   1.118745e-03   1.190022e-03   1.216325e-03   1.305301e-03   1.272299e-03   1.338412e-03   1.344182e-03   1.488908e-03   1.566362e-03   1.819362e-03   1.885514e-03   1.933702e-03   1.959892e-03   1.990053e-03   2.072506e-03   1.918458e-03   1.725189e-03   2.289287e-03   2.417160e-03
Ni61  5.025695e-05   4.916183e-05   5.823457e-05   5.893147e-05   6.363976e-05   6.181978e-05   6.305832e-05   7.193643e-05   6.983714e-05   7.661724e-05   7.654790e-05   9.750584e-05   1.701728e-04   1.341026e-04   1.270550e-04   1.436594e-04   1.495942e-04   1.751145e-04   2.313411e-04   2.233801e-04   2.489273e-04   2.558633e-04   2.970059e-04
Ni62  2.025144e-04   1.491254e-04   2.533530e-04   2.418258e-04   1.741888e-04   1.818787e-04   1.861815e-04   3.257840e-04   2.664222e-04   3.552422e-04   3.240484e-04   2.309948e-04   5.553773e-04   5.229674e-04   5.241374e-04   5.810013e-04   5.917254e-04   6.575401e-04   7.507648e-04   4.145284e-04   1.178485e-03   8.372509e-04   1.002176e-03
Ni64  4.329507e-05   4.870385e-05   5.386172e-05   6.267897e-05   6.251863e-05   8.291576e-05   8.465752e-05   7.709059e-05   8.102995e-05   7.557003e-05   7.302142e-05   1.724165e-04   1.251764e-04   2.183582e-04   1.784084e-04   2.329728e-04   2.530434e-04   2.969741e-04   4.607776e-04   5.043156e-04   2.844284e-04   4.754289e-04   6.693966e-04
Cu63  3.437774e-05   3.719445e-05   4.019860e-05   4.198727e-05   4.145790e-05   5.195838e-05   5.294529e-05   4.799231e-05   4.985447e-05   5.109082e-05   4.975350e-05   1.052353e-04   7.307844e-05   1.469792e-04   1.176827e-04   1.408332e-04   1.495554e-04   1.935420e-04   3.145172e-04   3.433958e-04   1.221231e-04   2.883315e-04   4.242560e-04
Cu65  1.488627e-05   1.572607e-05   1.699878e-05   1.875912e-05   1.985552e-05   2.305925e-05   2.364828e-05   2.249847e-05   2.144655e-05   2.369068e-05   2.347938e-05   4.330786e-05   3.860262e-05   5.450697e-05   4.931580e-05   5.917000e-05   6.380013e-05   7.147912e-05   9.978982e-05   1.073651e-04   7.790420e-05   1.132973e-04   1.376287e-04
Zn64  5.077959e-05   5.187737e-05   5.303649e-05   5.546327e-05   5.563277e-05   5.818654e-05   5.943455e-05   6.077894e-05   7.233805e-05   6.285005e-05   6.392072e-05   6.632573e-05   6.772706e-05   6.914756e-05   7.065725e-05   7.176339e-05   7.302081e-05   7.440954e-05   7.609685e-05   7.630533e-05   7.474534e-05   8.080320e-05   8.204427e-05
Zn66  3.147512e-05   3.152947e-05   3.476630e-05   3.641275e-05   3.866091e-05   4.040010e-05   4.159024e-05   4.374127e-05   4.108233e-05   4.550780e-05   4.635653e-05   5.896040e-05   5.858593e-05   7.284945e-05   7.131341e-05   8.014913e-05   8.411928e-05   8.775926e-05   1.121011e-04   1.105047e-04   9.140326e-05   1.295633e-04   1.468088e-04
Zn67  4.819646e-06   5.203489e-06   5.389671e-06   5.999446e-06   7.404023e-06   7.445681e-06   7.716317e-06   7.116812e-06   7.758238e-06   7.679713e-06   7.902661e-06   1.544867e-05   9.086475e-06   1.811926e-05   1.595662e-05   2.094907e-05   2.251995e-05   2.381848e-05   3.354100e-05   3.629930e-05   1.861877e-05   4.059102e-05   4.976452e-05
Zn68  2.115422e-05   2.224887e-05   2.318603e-05   2.554264e-05   2.539342e-05   3.167439e-05   3.255134e-05   3.029222e-05   3.060590e-05   2.986846e-05   2.945279e-05   5.385245e-05   4.334117e-05   5.972254e-05   5.366836e-05   6.490311e-05   6.917317e-05   7.750566e-05   1.108887e-04   1.192647e-04   9.524255e-05   1.088823e-04   1.598377e-04
Zn70  9.721142e-07   1.133914e-06   1.310300e-06   1.452910e-06   1.952254e-06   2.241829e-06   2.054407e-06   1.970341e-06   3.474036e-06   3.105745e-06   2.829717e-06   6.294507e-06   1.605998e-06   7.187619e-06   7.426918e-06   1.094007e-05   1.198608e-05   1.075039e-05   1.026320e-05   1.107959e-05   2.268493e-06   1.935731e-05   2.048342e-05
Ga69  2.111044e-06   2.235230e-06   2.343395e-06   2.613445e-06   2.752886e-06   3.461310e-06   3.484046e-06   3.219978e-06   3.171092e-06   3.494518e-06   3.283724e-06   7.640214e-06   4.103997e-06   9.147002e-06   8.665275e-06   1.072969e-05   1.152739e-05   1.230891e-05   1.724340e-05   1.871525e-05   5.424091e-06   1.868532e-05   2.586916e-05
Ga71  1.404386e-06   1.490727e-06   1.567086e-06   1.734186e-06   2.019247e-06   2.244055e-06   2.330152e-06   2.066366e-06   2.192417e-06   2.398050e-06   2.309641e-06   4.522766e-06   3.544701e-06   5.219808e-06   4.742299e-06   6.105649e-06   6.721554e-06   7.379311e-06   9.846101e-06   1.068689e-05   1.015229e-05   1.195534e-05   1.486809e-05
Ge70  2.306564e-06   2.437743e-06   2.507491e-06   2.825384e-06   2.579336e-06   3.547358e-06   3.790179e-06   3.461752e-06   2.862124e-06   2.969470e-06   2.955986e-06   6.301173e-06   4.743392e-06   6.974060e-06   5.853259e-06   6.920865e-06   7.344606e-06   8.666913e-06   1.443603e-05   1.538998e-05   5.676937e-06   1.132684e-05   1.693153e-05
Ge72  3.165372e-06   3.315827e-06   3.492502e-06   3.834295e-06   4.323491e-06   4.838241e-06   5.085530e-06   4.683373e-06   4.372822e-06   4.757476e-06   4.737847e-06   8.287921e-06   7.863479e-06   9.443259e-06   8.809818e-06   1.040127e-05   1.115299e-05   1.227425e-05   1.770168e-05   1.916330e-05   1.869196e-05   1.887818e-05   2.488119e-05
Ge73  9.756595e-07   1.050536e-06   1.110720e-06   1.228806e-06   1.633351e-06   1.740507e-06   1.768600e-06   1.499586e-06   1.585571e-06   1.769628e-06   1.795179e-06   4.031910e-06   1.710929e-06   4.605318e-06   3.748801e-06   5.334824e-06   5.782153e-06   6.612309e-06   9.982501e-06   1.086465e-05   2.843573e-06   1.099151e-05   1.560876e-05
Ge74  4.313270e-06   4.522745e-06   4.665125e-06   5.161175e-06   5.445951e-06   6.476762e-06   6.666269e-06   6.170054e-06   5.974186e-06   6.032742e-06   6.034829e-06   1.146772e-05   8.563596e-06   1.248931e-05   1.067220e-05   1.318644e-05   1.410740e-05   1.681523e-05   2.414171e-05   2.621237e-05   2.229859e-05   2.392475e-05   3.545056e-05
