# Cinquegrana, Heger & Karakas 2025
M      10.5   10.8   11.0   11.3   11.5   11.8   12.0   12.3   12.5   12.8   13.0   13.3   13.5   13.8   14.0   14.3   14.5   14.8   15.0   15.3   15.5   15.8   16.0   16.3   16.5   16.8   17.0   17.3   17.5   17.8   18.0   18.3   18.5   18.8   19.0   19.3   19.5   19.8   20.0
E      1.0   1.0   1.0   1.0   1.0   1.0   1.0   1.0   1.0   1.0   1.0   1.0   1.0   1.0   1.0   1.0   1.0   1.0   1.0   1.0   1.0   1.0   1.0   1.0   1.0   1.0   1.0   1.0   1.0   1.0   1.0   1.0   1.0   1.0   1.0   1.0   1.0   1.0   1.0
Mrem   1.295   1.508   1.407   1.368   1.533   1.571   1.522   1.545   1.563   1.590   1.539   1.558   1.556   1.576   1.639   12.669   12.858   13.023   13.220   13.442   1.486   1.521   1.545   1.574   1.598   1.645   14.772   14.989   1.784   15.339   1.627   15.765   15.876   1.586   1.528   15.806   16.223   15.769   15.867
H1    6.230248e+00   6.313079e+00   6.456045e+00   6.676340e+00   6.766443e+00   6.869089e+00   6.994302e+00   7.113310e+00   7.261805e+00   7.390769e+00   7.487511e+00   7.600754e+00   7.648563e+00   7.794505e+00   7.958516e+00   1.129307e+00   1.171990e+00   1.232637e+00   1.269798e+00   1.289351e+00   7.938164e+00   8.432836e+00   8.535967e+00   8.639749e+00   8.747182e+00   8.851510e+00   1.582093e+00   1.605144e+00   9.220451e+00   1.707422e+00   9.180621e+00   1.758603e+00   1.856527e+00   7.981259e+00   9.353266e+00   2.430221e+00   2.309113e+00   2.801063e+00   2.895199e+00
H2    6.894950e-08   7.334234e-08   7.431149e-08   7.561491e-08   7.952167e-08   8.354411e-08   8.766058e-08   9.130369e-08   9.536315e-08   9.851583e-08   1.017806e-07   1.049889e-07   1.069770e-07   1.106428e-07   1.147164e-07   9.252529e-08   9.489761e-08   9.766775e-08   1.002392e-07   1.028091e-07   1.276032e-07   1.335793e-07   1.369293e-07   1.401835e-07   1.442093e-07   1.447721e-07   1.224237e-07   1.253492e-07   1.559000e-07   1.310996e-07   1.587696e-07   1.367669e-07   1.396504e-07   1.568736e-07   1.690414e-07   1.489630e-07   1.518037e-07   1.555506e-07   1.583291e-07
He3   3.613166e-04   3.611903e-04   3.665044e-04   4.099042e-04   4.152050e-04   4.224101e-04   4.280012e-04   4.334543e-04   4.406412e-04   4.469365e-04   4.510242e-04   4.563429e-04   4.573480e-04   4.645486e-04   4.729610e-04   8.931085e-05   9.290321e-05   9.758282e-05   1.008019e-04   1.032884e-04   4.614188e-04   4.888145e-04   4.931241e-04   4.983321e-04   5.028746e-04   5.077536e-04   1.290818e-04   1.321855e-04   5.254478e-04   1.408170e-04   5.210370e-04   1.470584e-04   1.545211e-04   4.506447e-04   5.273951e-04   1.956982e-04   1.902737e-04   2.238700e-04   2.303219e-04
He4   2.822674e+00   2.794496e+00   2.980573e+00   3.047936e+00   3.047174e+00   3.142396e+00   3.250410e+00   3.330158e+00   3.415778e+00   3.498174e+00   3.657201e+00   3.759139e+00   3.892376e+00   3.984753e+00   4.028061e+00   4.305666e-01   4.482507e-01   4.721681e-01   4.868961e-01   4.948809e-01   4.774166e+00   5.108729e+00   5.202524e+00   5.295826e+00   5.397443e+00   5.483384e+00   6.171008e-01   6.261628e-01   5.739724e+00   6.722706e-01   6.007262e+00   6.938885e-01   7.335062e-01   5.370671e+00   6.352775e+00   9.690869e-01   9.254182e-01   1.128228e+00   1.183577e+00
Li6   3.322866e-11   3.527044e-11   3.501661e-11   3.582008e-11   3.710277e-11   3.787764e-11   3.855918e-11   3.944712e-11   4.044103e-11   4.121702e-11   4.157753e-11   4.238872e-11   4.241862e-11   4.376202e-11   4.497353e-11   3.795758e-11   3.850979e-11   3.922889e-11   3.972733e-11   4.056023e-11   4.471826e-11   4.781055e-11   4.855617e-11   4.903356e-11   5.018337e-11   5.086197e-11   4.490582e-11   4.542975e-11   5.375795e-11   4.703311e-11   5.400728e-11   4.823310e-11   4.877375e-11   4.696754e-11   5.657250e-11   5.068335e-11   5.122451e-11   5.221704e-11   5.279813e-11
Li7   1.859294e-08   1.125085e-08   2.335281e-08   1.796917e-08   1.717295e-08   2.930263e-08   4.897505e-08   5.354006e-08   5.733396e-08   5.937044e-08   8.568928e-08   9.280589e-08   1.154460e-07   1.169482e-07   1.009603e-07   1.192484e-09   1.210567e-09   1.231463e-09   1.248333e-09   1.269402e-09   1.953361e-07   1.861972e-07   1.971660e-07   1.892374e-07   1.950101e-07   1.760631e-07   1.402029e-09   1.418747e-09   1.541868e-07   1.462042e-09   1.897466e-07   1.497332e-09   1.513796e-09   2.947848e-07   1.932661e-07   1.566746e-09   1.590793e-09   1.612821e-09   1.633736e-09
Be9   1.840327e-11   1.830802e-11   1.946270e-11   3.349155e-11   3.437334e-11   3.579019e-11   3.567116e-11   3.649758e-11   3.738223e-11   3.819159e-11   3.862668e-11   3.939608e-11   3.923847e-11   4.035659e-11   4.142884e-11   3.381162e-11   3.445849e-11   3.502212e-11   3.553225e-11   3.608392e-11   4.113375e-11   4.366098e-11   4.404001e-11   4.480863e-11   4.533839e-11   4.599007e-11   3.931513e-11   3.979394e-11   4.897987e-11   4.079550e-11   4.863546e-11   4.164474e-11   4.211210e-11   4.190090e-11   5.111219e-11   4.348511e-11   4.397386e-11   4.441355e-11   4.484630e-11
B10   4.922779e-10   4.867576e-10   5.033560e-10   7.864328e-10   8.026629e-10   8.308079e-10   9.101937e-10   9.355093e-10   9.607198e-10   9.833449e-10   1.036524e-09   1.064942e-09   1.100656e-09   1.127669e-09   1.123472e-09   3.778834e-10   3.999481e-10   4.197852e-10   4.405775e-10   4.641117e-10   1.060080e-09   1.139672e-09   1.173661e-09   1.132484e-09   1.142253e-09   1.150433e-09   6.269922e-10   6.532558e-10   1.202389e-09   7.053804e-10   1.204141e-09   7.581807e-10   7.814461e-10   9.907774e-10   1.265688e-09   8.543283e-10   8.896434e-10   9.102434e-10   9.357129e-10
B11   2.979809e-08   1.817683e-08   3.744318e-08   3.043013e-08   2.945618e-08   4.755646e-08   3.365016e-08   3.896544e-08   4.463041e-08   4.905578e-08   5.527171e-08   6.617400e-08   5.792570e-08   7.675840e-08   6.430984e-08   1.516811e-09   1.609350e-09   1.687709e-09   1.774477e-09   1.876267e-09   2.111137e-07   2.536328e-07   2.699582e-07   2.711989e-07   2.818149e-07   4.603112e-07   2.518910e-09   2.616381e-09   6.085581e-07   2.790442e-09   6.758690e-07   2.949920e-09   3.011470e-09   3.433824e-07   7.173601e-07   3.168437e-09   3.248281e-09   3.278916e-09   3.327698e-09
C12   1.887634e-02   1.499661e-02   2.021302e-02   1.991005e-02   1.943481e-02   2.219454e-02   2.007140e-02   2.058664e-02   2.159863e-02   2.269993e-02   2.609323e-02   2.803522e-02   3.201962e-02   3.323288e-02   3.094235e-02   2.891441e-03   3.015091e-03   3.176888e-03   3.288270e-03   3.371360e-03   8.411666e-02   9.408840e-02   9.707149e-02   1.010216e-01   1.034947e-01   1.171096e-01   4.252928e-03   4.354250e-03   1.264120e-01   4.640074e-03   1.690526e-01   4.843114e-03   5.106503e-03   1.519854e-01   2.184473e-01   6.588560e-03   6.350961e-03   7.590541e-03   7.794630e-03
C13   6.865838e-04   6.965807e-04   7.169886e-04   7.195010e-04   7.350249e-04   7.553771e-04   7.730772e-04   7.906407e-04   8.109608e-04   8.288494e-04   8.460380e-04   8.631445e-04   8.736524e-04   8.938871e-04   9.165557e-04   1.292579e-04   1.338200e-04   1.414313e-04   1.453157e-04   1.468014e-04   9.407596e-04   1.001106e-03   1.016787e-03   1.030148e-03   1.046664e-03   1.062306e-03   1.749292e-04   1.756033e-04   1.110147e-03   1.826895e-04   1.109538e-03   1.848085e-04   1.979684e-04   9.671904e-04   1.125414e-03   2.763073e-04   2.475947e-04   3.197143e-04   3.214489e-04
N14   2.205042e-02   2.237718e-02   2.354961e-02   2.290221e-02   2.275466e-02   2.317139e-02   2.438596e-02   2.500001e-02   2.560273e-02   2.616804e-02   2.744919e-02   2.821053e-02   2.923094e-02   2.998169e-02   3.045544e-02   1.820874e-03   1.895215e-03   1.997189e-03   2.045671e-03   2.043581e-03   3.362110e-02   3.562504e-02   3.663334e-02   3.650324e-02   3.741190e-02   3.786312e-02   2.516293e-03   2.504666e-03   4.047289e-02   2.746569e-03   4.120317e-02   2.769345e-03   2.938014e-03   3.726320e-02   4.399262e-02   4.053028e-03   3.810058e-03   4.800755e-03   5.254818e-03
N15   7.796939e-06   6.833945e-06   8.378509e-06   8.968772e-06   9.670717e-06   1.043538e-05   7.812173e-06   8.038321e-06   8.244798e-06   8.495389e-06   9.565962e-06   1.001619e-05   1.065426e-05   1.101857e-05   1.042035e-05   1.518894e-06   1.588427e-06   1.671355e-06   1.733313e-06   1.786391e-06   1.614709e-05   1.884181e-05   1.937286e-05   2.026924e-05   2.065484e-05   2.307761e-05   2.284328e-06   2.348307e-06   3.074618e-05   2.515704e-06   3.962429e-05   2.645242e-06   2.773416e-06   2.715609e-05   5.135410e-05   3.450952e-06   3.397494e-06   3.926057e-06   4.053551e-06
O16   5.470116e-02   4.981956e-02   5.938406e-02   5.896464e-02   5.822011e-02   6.503935e-02   6.682114e-02   6.880721e-02   7.118029e-02   7.369779e-02   8.793029e-02   9.309643e-02   1.095485e-01   1.109557e-01   1.045509e-01   8.582307e-03   8.894808e-03   9.348919e-03   9.628424e-03   9.777268e-03   3.173707e-01   3.631534e-01   3.843261e-01   4.063533e-01   4.231073e-01   4.129556e-01   1.193135e-02   1.211082e-02   3.997265e-01   1.284079e-02   6.784662e-01   1.322628e-02   1.396037e-02   8.421507e-01   1.075189e+00   1.822880e-02   1.730796e-02   2.097195e-02   2.158569e-02
O17   7.997410e-05   7.755335e-05   7.793110e-05   7.052422e-05   6.819803e-05   6.631552e-05   6.571295e-05   6.401286e-05   6.389652e-05   6.357346e-05   6.242022e-05   6.155329e-05   6.073615e-05   6.100092e-05   5.865122e-05   4.565302e-06   4.750531e-06   4.918678e-06   5.038713e-06   4.978203e-06   5.058029e-05   5.335107e-05   5.371049e-05   5.385601e-05   5.345124e-05   5.489839e-05   5.850979e-06   5.777247e-06   5.652052e-05   6.169919e-06   6.684190e-05   6.190473e-06   6.499777e-06   4.560996e-05   6.416516e-05   8.658961e-06   8.025199e-06   9.927003e-06   1.039697e-05
O18   3.524868e-04   1.904040e-04   3.454795e-04   3.204180e-04   2.460245e-04   2.418608e-04   1.310683e-04   1.362709e-04   1.417671e-04   1.475342e-04   1.738612e-04   1.853186e-04   2.133715e-04   2.162968e-04   1.919240e-04   1.653035e-05   1.719122e-05   1.810066e-05   1.869153e-05   1.910112e-05   2.469726e-03   2.971657e-03   2.783234e-03   3.401104e-03   3.386829e-03   3.528022e-03   2.368097e-05   2.416217e-05   3.402513e-03   2.562589e-05   3.521126e-03   2.657892e-05   2.804912e-05   2.735675e-03   3.185772e-03   3.634185e-05   3.476215e-05   4.179725e-05   4.285412e-05
F19   6.946858e-06   6.259105e-06   8.051309e-06   8.204651e-06   1.195611e-05   1.152470e-05   4.631359e-06   4.712017e-06   4.776958e-06   4.863957e-06   5.362223e-06   5.474337e-06   5.981595e-06   5.936104e-06   5.345355e-06   7.793643e-07   8.072830e-07   8.484507e-07   8.737001e-07   8.871624e-07   5.426680e-06   5.916732e-06   5.978798e-06   6.375487e-06   6.528205e-06   7.298370e-06   1.080624e-06   1.096783e-06   8.170269e-06   1.161647e-06   1.394023e-05   1.196302e-06   1.262639e-06   6.924219e-06   2.081462e-05   1.647344e-06   1.563542e-06   1.893902e-06   1.947011e-06
Ne20  1.719939e-02   1.612962e-02   1.759089e-02   1.795009e-02   1.803772e-02   1.912691e-02   2.021520e-02   2.077727e-02   2.123099e-02   2.179836e-02   2.458999e-02   2.556715e-02   2.952992e-02   2.919774e-02   2.502376e-02   2.675482e-03   2.778904e-03   2.923876e-03   3.012821e-03   3.059997e-03   2.488011e-02   2.685827e-02   2.862655e-02   2.996575e-02   3.165783e-02   4.402312e-02   3.770742e-03   3.825770e-03   4.906233e-02   4.079624e-03   1.161933e-01   4.204239e-03   4.439913e-03   5.084758e-02   2.106552e-01   5.826290e-03   5.543409e-03   6.733533e-03   6.988095e-03
Ne21  7.155638e-05   6.990936e-05   8.272623e-05   8.197346e-05   8.659313e-05   9.353503e-05   8.197967e-05   8.495797e-05   8.855297e-05   9.309608e-05   1.111956e-04   1.234875e-04   1.154307e-04   1.294705e-04   1.150414e-04   7.300678e-06   7.687632e-06   8.140396e-06   8.425029e-06   8.582849e-06   1.340919e-04   1.520157e-04   1.683820e-04   1.769348e-04   1.916889e-04   2.383126e-04   1.119685e-05   1.132193e-05   3.314046e-04   1.241527e-05   3.984440e-04   1.276536e-05   1.347414e-05   1.893352e-04   6.548706e-04   1.781128e-05   1.709019e-05   2.077109e-05   2.219482e-05
Ne22  1.680318e-03   1.274720e-03   1.704465e-03   1.704112e-03   1.657875e-03   1.834473e-03   1.373996e-03   1.452539e-03   1.509148e-03   1.562672e-03   1.791805e-03   1.879714e-03   2.172217e-03   2.208192e-03   2.103431e-03   2.050455e-04   2.124502e-04   2.233575e-04   2.300617e-04   2.337734e-04   5.962412e-03   6.675497e-03   6.725031e-03   7.442650e-03   7.692859e-03   8.411103e-03   2.853419e-04   2.898099e-04   8.148149e-03   3.070667e-04   1.303807e-02   3.164919e-04   3.340859e-04   1.217534e-02   1.642230e-02   4.358661e-04   4.140470e-04   5.013620e-04   5.155263e-04
Na23  5.755151e-04   5.308172e-04   5.919323e-04   5.717711e-04   5.581085e-04   5.797151e-04   5.996152e-04   6.258403e-04   6.355199e-04   6.527111e-04   7.704558e-04   8.082865e-04   9.490631e-04   9.496138e-04   7.777432e-04   4.920008e-05   5.167129e-05   5.457185e-05   5.634104e-05   5.713568e-05   1.045512e-03   1.114301e-03   1.147803e-03   1.186420e-03   1.228292e-03   1.513351e-03   7.367575e-05   7.450547e-05   1.760223e-03   8.182884e-05   3.625380e-03   8.452654e-05   8.956206e-05   1.882728e-03   7.703286e-03   1.211667e-04   1.163601e-04   1.436984e-04   1.554284e-04
Mg24  4.075700e-03   3.901521e-03   4.356438e-03   4.404956e-03   4.370558e-03   4.726042e-03   5.296835e-03   5.146456e-03   5.279337e-03   5.379802e-03   5.825359e-03   5.974598e-03   6.827380e-03   6.676427e-03   7.764040e-03   6.396458e-04   6.643984e-04   6.990743e-04   7.203509e-04   7.316411e-04   9.019488e-03   1.042279e-02   1.072673e-02   1.173947e-02   1.197110e-02   9.933316e-03   9.017909e-04   9.149571e-04   8.951669e-03   9.758015e-04   2.090922e-02   1.005650e-03   1.062050e-03   2.293478e-02   2.951780e-02   1.393902e-03   1.326330e-03   1.611227e-03   1.672524e-03
Mg25  5.428303e-04   4.862757e-04   5.606942e-04   5.597565e-04   5.724140e-04   6.308834e-04   6.679946e-04   6.603607e-04   6.767900e-04   7.002772e-04   7.934650e-04   8.387246e-04   9.432864e-04   9.509655e-04   8.381611e-04   8.331303e-05   8.636775e-05   9.078535e-05   9.349336e-05   9.492359e-05   9.362213e-04   1.060283e-03   1.174835e-03   1.252148e-03   1.356255e-03   1.940229e-03   1.158986e-04   1.176208e-04   2.482246e-03   1.247790e-04   4.576296e-03   1.284999e-04   1.356286e-04   2.165866e-03   7.498962e-03   1.771782e-04   1.682076e-04   2.038828e-04   2.099872e-04
Mg26  6.979606e-04   6.552734e-04   7.412570e-04   7.401900e-04   7.497766e-04   8.112257e-04   8.448645e-04   8.427325e-04   8.626030e-04   8.874548e-04   9.735959e-04   1.012604e-03   1.138205e-03   1.131770e-03   1.069835e-03   9.761112e-05   1.015563e-04   1.069449e-04   1.102524e-04   1.120127e-04   1.338330e-03   1.486859e-03   1.612357e-03   1.711270e-03   1.833250e-03   2.272225e-03   1.391186e-04   1.411131e-04   2.821068e-03   1.511312e-04   4.488165e-03   1.558282e-04   1.646325e-04   2.779338e-03   6.840253e-03   2.168228e-04   2.066580e-04   2.514511e-04   2.625663e-04
Al27  4.668346e-04   4.454371e-04   4.944903e-04   4.976400e-04   4.919844e-04   5.229541e-04   5.573134e-04   5.604804e-04   5.721790e-04   5.830037e-04   6.447157e-04   6.632237e-04   7.435009e-04   7.375058e-04   8.389381e-04   7.272913e-05   7.555188e-05   7.950065e-05   8.192500e-05   8.321336e-05   1.246914e-03   1.432289e-03   1.500807e-03   1.690920e-03   1.741124e-03   1.203683e-03   1.026554e-04   1.041595e-04   1.065484e-03   1.111434e-04   2.264359e-03   1.145693e-04   1.210108e-04   3.254284e-03   3.787781e-03   1.589371e-04   1.512844e-04   1.838514e-04   1.910188e-04
Si28  7.792181e-03   5.606215e-03   7.629654e-03   7.295157e-03   6.389701e-03   7.160130e-03   7.720335e-03   7.911615e-03   8.323164e-03   8.554769e-03   8.873068e-03   9.341937e-03   9.533689e-03   1.000018e-02   9.709897e-03   8.496263e-04   8.825043e-04   9.285634e-04   9.568243e-04   9.718208e-04   5.620116e-02   5.866704e-02   6.057999e-02   6.114875e-02   6.261798e-02   5.577029e-02   1.197824e-03   1.215312e-03   4.769005e-02   1.296128e-03   5.120346e-02   1.335774e-03   1.410687e-03   9.840024e-02   5.345999e-02   1.851466e-03   1.761712e-03   2.140121e-03   2.221535e-03
Si29  2.781671e-04   2.733719e-04   3.043004e-04   3.061146e-04   3.018051e-04   3.209868e-04   3.409712e-04   3.420227e-04   3.515817e-04   3.590329e-04   3.792889e-04   3.908610e-04   4.085408e-04   4.158268e-04   5.015674e-04   4.468297e-05   4.641207e-05   4.883437e-05   5.032066e-05   5.110934e-05   1.126407e-03   1.389852e-03   1.480187e-03   1.750563e-03   1.858824e-03   8.453438e-04   6.299512e-05   6.391484e-05   7.968581e-04   6.816506e-05   9.073698e-04   7.025008e-05   7.418985e-05   2.855885e-03   9.692075e-04   9.737098e-05   9.265069e-05   1.125517e-04   1.168333e-04
Si30  1.926903e-04   2.000598e-04   2.450265e-04   2.412919e-04   2.276905e-04   2.547600e-04   2.725052e-04   2.748673e-04   2.843556e-04   2.899146e-04   3.109375e-04   3.265240e-04   3.399895e-04   3.511561e-04   4.001991e-04   3.046870e-05   3.164769e-05   3.329940e-05   3.431285e-05   3.485062e-05   1.101484e-03   1.366323e-03   1.479565e-03   1.795784e-03   1.900142e-03   6.628820e-04   4.295496e-05   4.358209e-05   5.616160e-04   4.647998e-05   6.321248e-04   4.790164e-05   5.058803e-05   3.431874e-03   6.762490e-04   6.639427e-05   6.317547e-05   7.674511e-05   7.966394e-05
P31   6.200396e-05   5.545258e-05   6.826669e-05   6.643861e-05   6.329354e-05   7.046808e-05   7.463495e-05   7.624123e-05   7.887216e-05   8.079034e-05   8.657357e-05   9.118383e-05   9.431024e-05   9.805514e-05   1.115097e-04   8.423797e-06   8.749828e-06   9.206522e-06   9.486744e-06   9.635451e-06   8.640128e-04   9.323318e-04   1.008444e-03   1.139585e-03   1.203088e-03   6.635270e-04   1.187663e-05   1.205004e-05   4.389734e-04   1.285159e-05   4.493936e-04   1.324476e-05   1.398759e-05   2.096231e-03   5.132288e-04   1.835848e-05   1.746869e-05   2.122113e-05   2.202911e-05
S32   4.429133e-03   2.827211e-03   3.769316e-03   3.658881e-03   3.196203e-03   3.515506e-03   3.728537e-03   3.862900e-03   4.067050e-03   4.171923e-03   4.258749e-03   4.466775e-03   4.539568e-03   4.765624e-03   4.454468e-03   4.375059e-04   4.544361e-04   4.781537e-04   4.927064e-04   5.004286e-04   3.873485e-02   3.631425e-02   3.594296e-02   3.156390e-02   2.999955e-02   2.990511e-02   6.168063e-04   6.258116e-04   2.155938e-02   6.674269e-04   2.927218e-02   6.878421e-04   7.264177e-04   5.770711e-02   3.211087e-02   9.533920e-04   9.071741e-04   1.102032e-03   1.143954e-03
S33   2.653671e-05   2.208407e-05   2.590610e-05   2.538340e-05   2.448852e-05   2.629799e-05   2.750625e-05   2.833522e-05   2.909873e-05   2.966505e-05   3.100967e-05   3.225830e-05   3.289358e-05   3.402527e-05   3.247452e-05   3.554214e-06   3.691752e-06   3.884429e-06   4.002653e-06   4.065387e-06   4.546505e-04   4.353453e-04   4.340809e-04   3.821726e-04   3.638047e-04   2.978102e-04   5.010820e-06   5.083977e-06   1.806044e-04   5.422054e-06   2.074879e-04   5.587904e-06   5.901285e-06   7.045755e-04   2.159000e-04   7.745187e-06   7.369722e-06   8.952713e-06   9.293291e-06
S34   1.531360e-04   1.319557e-04   1.582198e-04   1.481177e-04   1.488851e-04   1.602343e-04   1.704323e-04   1.761793e-04   1.807873e-04   1.851931e-04   1.927086e-04   2.019946e-04   2.028971e-04   2.145159e-04   1.989798e-04   2.052136e-05   2.131547e-05   2.242795e-05   2.311055e-05   2.347277e-05   2.079222e-03   2.371331e-03   2.397575e-03   2.200454e-03   2.200095e-03   2.227782e-03   2.893150e-05   2.935390e-05   1.476713e-03   3.130588e-05   1.169080e-03   3.226346e-05   3.407286e-05   3.188705e-03   1.128881e-03   4.471916e-05   4.255130e-05   5.169115e-05   5.365755e-05
S36   4.925488e-07   4.734431e-07   5.333094e-07   5.263394e-07   5.310890e-07   5.709943e-07   5.796244e-07   5.836357e-07   6.028140e-07   6.241729e-07   6.622019e-07   6.949438e-07   7.247576e-07   7.476443e-07   7.337921e-07   7.550332e-08   7.842507e-08   8.251818e-08   8.502963e-08   8.636231e-08   1.652535e-06   2.052908e-06   2.337097e-06   3.268623e-06   3.669819e-06   1.923776e-06   1.064464e-07   1.080005e-07   2.470004e-06   1.151823e-07   2.978615e-06   1.187055e-07   1.253628e-07   9.361627e-06   4.051104e-06   1.645332e-07   1.565571e-07   1.901850e-07   1.974199e-07
Cl35  3.351691e-05   2.781852e-05   3.085941e-05   3.089598e-05   3.045686e-05   3.188636e-05   3.297328e-05   3.388724e-05   3.475869e-05   3.541993e-05   3.667056e-05   3.779590e-05   3.829524e-05   3.961092e-05   3.906191e-05   4.614992e-06   4.793579e-06   5.043762e-06   5.197270e-06   5.278727e-06   8.284597e-04   6.698697e-04   7.300123e-04   7.872608e-04   8.255882e-04   6.510755e-04   6.506327e-06   6.601319e-06   3.749419e-04   7.040294e-06   3.049728e-04   7.255641e-06   7.662553e-06   2.108953e-03   3.439751e-04   1.005677e-05   9.569246e-06   1.162468e-05   1.206690e-05
Cl37  1.121903e-05   9.471718e-06   1.050155e-05   1.059413e-05   1.043885e-05   1.097877e-05   1.125286e-05   1.153664e-05   1.186145e-05   1.215913e-05   1.294740e-05   1.343428e-05   1.410982e-05   1.449604e-05   1.391090e-05   1.560531e-06   1.620919e-06   1.705517e-06   1.757424e-06   1.784969e-06   1.069055e-04   9.642202e-05   9.393204e-05   7.936915e-05   7.281020e-05   7.323211e-05   2.200074e-06   2.232195e-06   5.039445e-05   2.380632e-06   7.513409e-05   2.453450e-06   2.591045e-06   1.884130e-04   9.973973e-05   3.400635e-06   3.235781e-06   3.930815e-06   4.080348e-06
Ar36  9.592420e-04   6.190569e-04   7.855476e-04   7.788189e-04   6.961634e-04   7.538457e-04   7.961088e-04   8.214085e-04   8.597422e-04   8.790232e-04   8.936964e-04   9.315373e-04   9.527131e-04   9.930654e-04   9.412287e-04   9.790770e-05   1.016964e-04   1.070041e-04   1.102608e-04   1.119889e-04   9.113909e-03   7.875594e-03   7.451483e-03   5.695877e-03   4.971079e-03   5.674343e-03   1.380326e-04   1.400479e-04   3.521484e-03   1.493608e-04   5.395324e-03   1.539294e-04   1.625621e-04   1.249737e-02   6.313422e-03   2.133558e-04   2.030129e-04   2.466193e-04   2.560010e-04
Ar38  1.781501e-04   1.138576e-04   1.327540e-04   1.246988e-04   1.245828e-04   1.313984e-04   1.373800e-04   1.420133e-04   1.448519e-04   1.472207e-04   1.518088e-04   1.570717e-04   1.578708e-04   1.652432e-04   1.603871e-04   1.878717e-05   1.951418e-05   2.053265e-05   2.115756e-05   2.148917e-05   2.386986e-03   2.419486e-03   2.345355e-03   1.891206e-03   1.717306e-03   2.143164e-03   2.648660e-05   2.687330e-05   1.314873e-03   2.866033e-05   1.573492e-03   2.953699e-05   3.119348e-05   3.185688e-03   1.664166e-03   4.094010e-05   3.895544e-05   4.732292e-05   4.912315e-05
Ar40  2.263159e-07   2.115529e-07   2.606438e-07   2.417242e-07   2.493725e-07   2.859114e-07   2.819472e-07   2.746054e-07   2.856734e-07   2.999348e-07   3.036580e-07   3.263675e-07   3.330971e-07   3.457082e-07   3.299412e-07   3.088015e-08   3.207500e-08   3.374892e-08   3.477595e-08   3.532090e-08   6.512316e-07   8.694657e-07   1.003227e-06   1.316661e-06   1.442921e-06   1.010759e-06   4.353409e-08   4.416957e-08   1.495401e-06   4.710657e-08   1.493666e-06   4.854723e-08   5.126978e-08   2.605799e-06   2.317060e-06   6.728915e-08   6.402734e-08   7.778018e-08   8.073898e-08
K39   3.700809e-05   2.580778e-05   2.848342e-05   2.894386e-05   2.800426e-05   2.940468e-05   3.023503e-05   3.096715e-05   3.181534e-05   3.238437e-05   3.337066e-05   3.427100e-05   3.483686e-05   3.583022e-05   3.574231e-05   4.314519e-06   4.481478e-06   4.715372e-06   4.858885e-06   4.935039e-06   1.051371e-03   7.932002e-04   8.264326e-04   8.035714e-04   7.574013e-04   5.629223e-04   6.082712e-06   6.171519e-06   3.318560e-04   6.581914e-06   3.877645e-04   6.783240e-06   7.163658e-06   2.302799e-03   4.687559e-04   9.401993e-06   8.946210e-06   1.086782e-05   1.128125e-05
K40   5.802503e-08   4.611422e-08   5.555980e-08   5.541193e-08   5.344520e-08   5.861829e-08   5.974432e-08   6.241688e-08   6.460093e-08   6.676030e-08   7.790273e-08   8.220516e-08   9.419578e-08   9.697232e-08   9.788199e-08   6.914837e-09   7.183542e-09   7.559590e-09   7.790856e-09   7.913850e-09   8.367537e-06   8.710442e-06   9.692231e-06   1.277804e-05   1.295490e-05   3.039662e-06   9.762663e-09   9.906235e-09   2.767924e-06   1.056689e-08   2.447449e-06   1.089210e-08   1.150379e-08   3.946504e-05   2.364678e-06   1.510042e-08   1.436972e-08   1.745619e-08   1.812134e-08
K41   2.622083e-06   1.967424e-06   2.163427e-06   2.210573e-06   2.165633e-06   2.251064e-06   2.303042e-06   2.361102e-06   2.426340e-06   2.478461e-06   2.579975e-06   2.655318e-06   2.742423e-06   2.812279e-06   2.789366e-06   3.273362e-07   3.400031e-07   3.577483e-07   3.686365e-07   3.744142e-07   1.013670e-04   6.153753e-05   5.319049e-05   2.946728e-05   2.322965e-05   1.970459e-05   4.614865e-07   4.682241e-07   1.038964e-05   4.993601e-07   2.717986e-05   5.146345e-07   5.434963e-07   8.847919e-05   3.331194e-05   7.133155e-07   6.787358e-07   8.245257e-07   8.558918e-07
Ca40  8.115159e-04   4.666389e-04   6.021830e-04   5.979280e-04   5.313766e-04   5.796213e-04   6.165534e-04   6.347720e-04   6.638351e-04   6.775245e-04   6.884062e-04   7.192502e-04   7.400204e-04   7.707186e-04   7.251582e-04   7.300880e-05   7.583401e-05   7.979189e-05   8.222037e-05   8.350902e-05   5.522762e-03   3.534011e-03   3.114560e-03   1.965181e-03   1.695332e-03   2.142830e-03   1.029295e-04   1.044323e-04   1.859135e-03   1.113769e-04   3.784497e-03   1.147836e-04   1.212209e-04   4.646133e-03   4.774597e-03   1.590973e-04   1.513846e-04   1.839015e-04   1.908974e-04
Ca42  6.013968e-06   3.115533e-06   3.689142e-06   3.474704e-06   3.406714e-06   3.621045e-06   3.771963e-06   3.922858e-06   3.997848e-06   4.064939e-06   4.202090e-06   4.357369e-06   4.388976e-06   4.603013e-06   4.448837e-06   5.116505e-07   5.314498e-07   5.591869e-07   5.762058e-07   5.852368e-07   1.610714e-04   1.389191e-04   1.317679e-04   9.592242e-05   7.897774e-05   1.133845e-04   7.213371e-07   7.318685e-07   5.022803e-05   7.805365e-07   6.490434e-05   8.044114e-07   8.495245e-07   2.390944e-04   7.848963e-05   1.114964e-06   1.060914e-06   1.288794e-06   1.337822e-06
Ca43  7.002516e-07   6.644565e-07   7.138382e-07   7.312059e-07   7.223728e-07   7.599372e-07   7.719956e-07   7.901740e-07   8.054142e-07   8.258864e-07   8.532845e-07   8.767319e-07   9.043451e-07   9.276948e-07   9.320176e-07   1.093034e-07   1.135331e-07   1.194585e-07   1.230942e-07   1.250235e-07   7.004397e-06   7.665450e-06   8.050488e-06   8.274292e-06   7.537943e-06   3.770737e-06   1.540985e-07   1.563483e-07   2.857317e-06   1.667452e-07   2.995128e-06   1.718456e-07   1.814830e-07   1.934272e-05   3.573342e-06   2.381887e-07   2.266419e-07   2.753237e-07   2.857974e-07
Ca44  1.095262e-05   1.051908e-05   1.135960e-05   1.164694e-05   1.133606e-05   1.211792e-05   1.224631e-05   1.250944e-05   1.283940e-05   1.311596e-05   1.335761e-05   1.373493e-05   1.422724e-05   1.451471e-05   1.459201e-05   1.728126e-06   1.794999e-06   1.888682e-06   1.946164e-06   1.976667e-06   2.273221e-05   2.467301e-05   2.523871e-05   2.568771e-05   2.514707e-05   2.179952e-05   2.436353e-06   2.471923e-06   2.267653e-05   2.636302e-06   2.548190e-05   2.716940e-06   2.869312e-06   3.334488e-05   2.950941e-05   3.765849e-06   3.583290e-06   4.352968e-06   4.518560e-06
Ca46  2.502426e-08   2.442079e-08   3.064338e-08   2.695358e-08   2.957870e-08   3.620253e-08   3.618670e-08   3.444638e-08   3.668911e-08   3.948754e-08   3.496211e-08   3.943960e-08   3.373224e-08   3.709983e-08   3.938854e-08   3.464402e-09   3.598464e-09   3.786273e-09   3.901509e-09   3.962658e-09   5.153675e-08   7.519716e-08   1.004988e-07   1.255671e-07   1.442858e-07   1.511737e-07   4.884198e-09   4.955506e-09   2.756443e-07   5.285038e-09   1.386339e-07   5.446696e-09   5.752158e-09   1.313095e-07   2.299524e-07   7.549460e-09   7.183483e-09   8.726468e-09   9.058434e-09
Ca48  9.826992e-07   9.878004e-07   1.024955e-06   1.055337e-06   1.064974e-06   1.087427e-06   1.112374e-06   1.133752e-06   1.159340e-06   1.182549e-06   1.211786e-06   1.235703e-06   1.257540e-06   1.283329e-06   1.303943e-06   1.690056e-07   1.755456e-07   1.847076e-07   1.903292e-07   1.933122e-07   1.395489e-06   1.487949e-06   1.510682e-06   1.533393e-06   1.557416e-06   1.587169e-06   2.382682e-07   2.417468e-07   1.659819e-06   2.578226e-07   1.722668e-06   2.657088e-07   2.806103e-07   1.497712e-06   1.829650e-06   3.682889e-07   3.504353e-07   4.257075e-07   4.419019e-07
Sc45  3.266500e-07   3.003516e-07   3.238300e-07   3.295140e-07   3.297311e-07   3.454834e-07   3.537560e-07   3.602233e-07   3.698016e-07   3.801281e-07   3.946959e-07   4.092078e-07   4.157099e-07   4.290171e-07   4.367344e-07   4.995542e-08   5.188854e-08   5.459667e-08   5.625833e-08   5.714008e-08   3.881657e-06   4.426176e-06   4.619596e-06   4.627355e-06   4.220127e-06   1.425013e-06   7.042835e-08   7.145659e-08   1.212545e-06   7.620833e-08   1.457026e-06   7.853937e-08   8.294403e-08   8.450025e-06   1.839608e-06   1.088605e-07   1.035832e-07   1.258325e-07   1.306193e-07
Ti46  3.799221e-06   1.847495e-06   2.154162e-06   2.082610e-06   2.010189e-06   2.116012e-06   2.193517e-06   2.281563e-06   2.325542e-06   2.363479e-06   2.427604e-06   2.499047e-06   2.521079e-06   2.621799e-06   2.576575e-06   3.069330e-07   3.188104e-07   3.354495e-07   3.456590e-07   3.510765e-07   3.105338e-05   2.416309e-05   2.334294e-05   1.770670e-05   1.547248e-05   1.527351e-05   4.327215e-07   4.390392e-07   9.068155e-06   4.682345e-07   1.783439e-05   4.825568e-07   5.096196e-07   3.701057e-05   2.243043e-05   6.688538e-07   6.364295e-07   7.731322e-07   8.025432e-07
Ti47  1.774704e-06   1.706159e-06   1.819748e-06   1.876168e-06   1.845608e-06   1.932942e-06   1.959142e-06   2.002453e-06   2.041056e-06   2.080791e-06   2.120850e-06   2.164017e-06   2.220794e-06   2.272573e-06   2.291910e-06   2.827363e-07   2.936774e-07   3.090048e-07   3.184094e-07   3.233999e-07   6.810266e-06   6.672763e-06   6.781385e-06   6.545036e-06   6.266310e-06   4.017570e-06   3.986085e-07   4.044281e-07   3.599226e-06   4.313218e-07   4.368383e-06   4.445150e-07   4.694444e-07   1.224771e-05   4.859667e-06   6.161255e-07   5.862574e-07   7.121833e-07   7.392757e-07
Ti48  2.017069e-05   1.830082e-05   2.153075e-05   2.135766e-05   2.016417e-05   2.235707e-05   2.287470e-05   2.353673e-05   2.405159e-05   2.463567e-05   2.507655e-05   2.606491e-05   2.703404e-05   2.782042e-05   2.703542e-05   2.862116e-06   2.972871e-06   3.128030e-06   3.223232e-06   3.273750e-06   3.290639e-05   3.629011e-05   3.706799e-05   3.795503e-05   3.818757e-05   4.180087e-05   4.035080e-06   4.093992e-06   4.787967e-05   4.366235e-06   5.294008e-05   4.499788e-06   4.752146e-06   3.755401e-05   6.302561e-05   6.236987e-06   5.934635e-06   7.209372e-06   7.483626e-06
Ti49  1.465384e-06   1.308257e-06   1.512224e-06   1.514757e-06   1.658035e-06   1.524753e-06   1.596013e-06   1.638421e-06   1.674639e-06   1.712396e-06   1.782871e-06   1.838351e-06   1.893423e-06   1.947646e-06   1.895826e-06   2.143792e-07   2.226751e-07   2.342968e-07   2.414276e-07   2.452116e-07   4.751162e-06   4.492881e-06   4.609366e-06   4.456643e-06   4.360449e-06   3.429669e-06   3.022370e-07   3.066496e-07   3.340856e-06   3.270413e-07   4.248114e-06   3.370447e-07   3.559469e-07   7.282487e-06   5.169447e-06   4.671650e-07   4.445181e-07   5.399989e-07   5.605412e-07
Ti50  1.253499e-06   1.242730e-06   1.310928e-06   1.342080e-06   1.352530e-06   1.394185e-06   1.425123e-06   1.452419e-06   1.488448e-06   1.522878e-06   1.584976e-06   1.627971e-06   1.675653e-06   1.714656e-06   1.726747e-06   2.096867e-07   2.178009e-07   2.291683e-07   2.361430e-07   2.398441e-07   2.085008e-06   2.305635e-06   2.404049e-06   2.537939e-06   2.632867e-06   2.558626e-06   2.956214e-07   2.999374e-07   2.805424e-06   3.198827e-07   3.490578e-06   3.296672e-07   3.481556e-07   3.323444e-06   4.671358e-06   4.569393e-07   4.347881e-07   5.281789e-07   5.482715e-07
V50   1.011594e-08   7.177372e-09   8.894248e-09   9.225875e-09   8.476570e-09   8.772694e-09   9.335425e-09   9.664106e-09   9.896253e-09   1.011441e-08   1.089771e-08   1.134435e-08   1.174433e-08   1.206195e-08   1.264772e-08   1.130257e-09   1.173994e-09   1.235267e-09   1.272862e-09   1.292812e-09   4.218222e-07   4.476126e-07   4.938135e-07   5.574966e-07   5.536219e-07   5.932107e-08   1.593463e-09   1.616728e-09   3.045157e-08   1.724237e-09   4.511183e-08   1.776978e-09   1.876634e-09   1.286481e-06   4.463895e-08   2.463002e-09   2.343602e-09   2.846999e-09   2.955303e-09
V51   3.457820e-06   2.865733e-06   3.449943e-06   3.456464e-06   3.370479e-06   3.433279e-06   3.638060e-06   3.707988e-06   3.811141e-06   3.864372e-06   4.045104e-06   4.171560e-06   4.276915e-06   4.390786e-06   4.209397e-06   4.605267e-07   4.783477e-07   5.033133e-07   5.186317e-07   5.267603e-07   9.566784e-06   7.453674e-06   7.396739e-06   6.950819e-06   6.887028e-06   7.233730e-06   6.492617e-07   6.587408e-07   7.332373e-06   7.025458e-07   9.407675e-06   7.240352e-07   7.646406e-07   9.495429e-06   1.173530e-05   1.003558e-06   9.549081e-07   1.160019e-06   1.204147e-06
Cr50  1.083881e-05   5.866700e-06   7.838703e-06   8.476091e-06   6.607034e-06   7.085042e-06   7.462408e-06   7.658335e-06   8.004813e-06   8.216695e-06   8.429135e-06   8.749950e-06   8.780258e-06   9.141891e-06   8.799675e-06   9.382856e-07   9.745944e-07   1.025460e-06   1.056670e-06   1.073231e-06   2.140886e-05   1.631197e-05   1.592772e-05   1.437715e-05   1.400786e-05   1.841383e-05   1.322818e-06   1.342131e-06   1.850407e-05   1.431380e-06   2.959432e-05   1.475163e-06   1.557893e-06   1.718908e-05   4.081880e-05   2.044667e-06   1.945547e-06   2.363443e-06   2.453352e-06
Cr52  1.423868e-04   1.180713e-04   1.525274e-04   1.444704e-04   1.365019e-04   1.489423e-04   1.614372e-04   1.647066e-04   1.686531e-04   1.713378e-04   1.796067e-04   1.880401e-04   1.892285e-04   1.968723e-04   1.844458e-04   1.881568e-05   1.954379e-05   2.056381e-05   2.118967e-05   2.152178e-05   2.171668e-04   2.307108e-04   2.360680e-04   2.425794e-04   2.466189e-04   2.961045e-04   2.652680e-05   2.691409e-05   3.597507e-04   2.870383e-05   3.877323e-04   2.958181e-05   3.124083e-05   2.230095e-04   4.960755e-04   4.100224e-05   3.901456e-05   4.739474e-05   4.919770e-05
Cr53  1.696427e-05   1.357234e-05   1.755852e-05   1.715393e-05   1.577675e-05   1.669187e-05   1.814439e-05   1.844027e-05   1.901220e-05   1.930537e-05   2.024628e-05   2.103633e-05   2.126681e-05   2.201627e-05   2.079747e-05   2.174525e-06   2.258673e-06   2.376556e-06   2.448887e-06   2.487269e-06   2.624697e-05   2.739672e-05   2.782503e-05   2.837365e-05   2.869582e-05   3.345847e-05   3.065698e-06   3.110457e-06   3.854747e-05   3.317297e-06   4.464948e-05   3.418766e-06   3.610497e-06   2.721865e-05   5.694260e-05   4.738622e-06   4.508906e-06   5.477402e-06   5.685770e-06
Cr54  3.501013e-06   3.307204e-06   3.600711e-06   3.702487e-06   3.632484e-06   3.773224e-06   3.898315e-06   3.978386e-06   4.079351e-06   4.177703e-06   4.406427e-06   4.541915e-06   4.704690e-06   4.810604e-06   4.791244e-06   5.514450e-07   5.727842e-07   6.026786e-07   6.210212e-07   6.307545e-07   6.330928e-06   6.711376e-06   6.949140e-06   7.179692e-06   7.396680e-06   7.633030e-06   7.774404e-07   7.887909e-07   8.293846e-06   8.412440e-07   1.091908e-05   8.669758e-07   9.155977e-07   9.379892e-06   1.474667e-05   1.201683e-06   1.143428e-06   1.389032e-06   1.441873e-06
Mn55  1.184893e-04   1.008664e-04   1.194044e-04   1.209055e-04   1.139955e-04   1.196561e-04   1.280232e-04   1.296222e-04   1.353625e-04   1.354685e-04   1.430771e-04   1.464332e-04   1.505413e-04   1.542857e-04   1.487688e-04   1.645084e-05   1.708743e-05   1.797925e-05   1.852645e-05   1.881682e-05   1.762743e-04   1.854320e-04   1.877899e-04   1.900104e-04   1.929207e-04   2.140721e-04   2.319278e-05   2.353140e-05   2.374793e-04   2.509619e-05   2.734970e-04   2.586383e-05   2.731433e-05   1.852295e-04   3.280960e-04   3.584888e-05   3.411102e-05   4.143794e-05   4.301429e-05
Fe54  7.125593e-04   5.567609e-04   7.030428e-04   7.393545e-04   6.225766e-04   6.616478e-04   7.039311e-04   7.161481e-04   7.459393e-04   7.625018e-04   7.864094e-04   8.153297e-04   8.209736e-04   8.506908e-04   8.243042e-04   9.057419e-05   9.407913e-05   9.898924e-05   1.020020e-04   1.036007e-04   9.833202e-04   1.083916e-03   1.093364e-03   1.102295e-03   1.111463e-03   1.273653e-03   1.276937e-04   1.295580e-04   1.444029e-03   1.381733e-04   1.756887e-03   1.423998e-04   1.503858e-04   1.021660e-03   2.232730e-03   1.973749e-04   1.878067e-04   2.281469e-04   2.368259e-04
Fe56  1.200784e-02   9.492495e-03   1.224774e-02   1.197419e-02   1.093329e-02   1.215096e-02   1.382737e-02   1.419613e-02   1.453092e-02   1.482907e-02   1.508167e-02   1.583770e-02   1.647493e-02   1.696378e-02   1.610966e-02   1.474417e-03   1.531472e-03   1.611402e-03   1.660445e-03   1.686469e-03   1.565899e-02   1.861648e-02   1.895910e-02   1.917778e-02   1.952344e-02   2.306173e-02   2.078668e-03   2.109016e-03   2.680046e-02   2.249262e-03   2.951450e-02   2.318062e-03   2.448064e-03   1.706502e-02   3.481109e-02   3.212979e-03   3.057222e-03   3.713902e-03   3.855184e-03
Fe57  3.416683e-04   2.438167e-04   3.392509e-04   3.398441e-04   2.734544e-04   3.353854e-04   4.038148e-04   4.101792e-04   4.201094e-04   4.273227e-04   4.339134e-04   4.447326e-04   4.909903e-04   4.934699e-04   4.722101e-04   3.466138e-05   3.600267e-05   3.788170e-05   3.903464e-05   3.964643e-05   4.539231e-04   5.571854e-04   5.693971e-04   5.843239e-04   5.957022e-04   6.981414e-04   4.886645e-05   4.957989e-05   8.085030e-04   5.287687e-05   9.596670e-04   5.449425e-05   5.755041e-05   5.616319e-04   1.168306e-03   7.553243e-05   7.187082e-05   8.730840e-05   9.062973e-05
Fe58  3.416730e-05   3.074306e-05   3.572801e-05   3.596486e-05   3.509587e-05   3.854588e-05   4.339349e-05   4.717921e-05   4.320866e-05   4.761935e-05   5.287105e-05   5.490640e-05   6.250870e-05   6.041149e-05   6.367822e-05   4.691755e-06   4.873311e-06   5.127656e-06   5.283717e-06   5.366529e-06   1.020939e-04   1.191124e-04   1.295602e-04   1.427460e-04   1.518217e-04   1.533410e-04   6.614548e-06   6.711120e-06   1.744155e-04   7.157397e-06   2.828548e-04   7.376326e-06   7.790006e-06   2.517242e-04   4.387093e-04   1.022405e-05   9.728413e-06   1.181804e-05   1.226761e-05
Co59  3.612742e-05   2.944579e-05   3.621530e-05   3.724272e-05   3.554549e-05   3.840891e-05   4.449114e-05   5.178431e-05   4.589099e-05   4.835829e-05   4.969297e-05   5.085417e-05   5.653451e-05   5.687736e-05   5.471541e-05   4.392632e-06   4.562613e-06   4.800742e-06   4.946853e-06   5.024386e-06   8.739694e-05   9.851478e-05   1.041733e-04   1.060695e-04   1.106549e-04   1.085690e-04   6.192838e-06   6.283252e-06   1.185792e-04   6.701077e-06   1.604407e-04   6.906048e-06   7.293354e-06   1.599761e-04   2.265215e-04   9.572214e-06   9.108178e-06   1.106458e-05   1.148549e-05
Ni58  5.836840e-04   4.145899e-04   5.365516e-04   6.011998e-04   4.469301e-04   5.396614e-04   8.277603e-04   9.255651e-04   7.984976e-04   9.077343e-04   8.245752e-04   7.706799e-04   9.370516e-04   8.320901e-04   9.600917e-04   6.320213e-05   6.564786e-05   6.907411e-05   7.117639e-05   7.229195e-05   6.826475e-04   7.922587e-04   7.975034e-04   8.218406e-04   8.371586e-04   9.247088e-04   8.910388e-05   9.040478e-05   1.046422e-03   9.641654e-05   1.213292e-03   9.936571e-05   1.049383e-04   7.637761e-04   1.451142e-03   1.377271e-04   1.310504e-04   1.591996e-04   1.652557e-04
Ni60  2.320887e-04   1.752402e-04   2.435406e-04   2.345700e-04   2.125679e-04   2.427395e-04   2.716569e-04   2.955980e-04   2.865112e-04   2.951936e-04   2.931217e-04   3.138983e-04   3.416222e-04   3.451905e-04   3.235184e-04   2.518386e-05   2.615840e-05   2.752364e-05   2.836133e-05   2.880584e-05   3.908270e-04   4.725902e-04   4.903713e-04   4.847781e-04   4.872827e-04   6.016247e-04   3.550482e-05   3.602318e-05   6.651156e-04   3.841866e-05   7.371930e-04   3.959380e-05   4.181430e-05   5.537331e-04   8.638020e-04   5.487947e-05   5.221906e-05   6.343552e-05   6.584869e-05
Ni61  1.261284e-05   8.647623e-06   1.262363e-05   1.268336e-05   9.825626e-06   1.315867e-05   1.673401e-05   1.946253e-05   1.670023e-05   1.792818e-05   1.825354e-05   1.859521e-05   2.293282e-05   2.141520e-05   2.184259e-05   1.112997e-06   1.156066e-06   1.216403e-06   1.253424e-06   1.273069e-06   3.074135e-05   3.774485e-05   4.067241e-05   4.698143e-05   4.893829e-05   3.862340e-05   1.569129e-06   1.592038e-06   4.566302e-05   1.697906e-06   7.324308e-05   1.749841e-06   1.847976e-06   9.091683e-05   1.098304e-04   2.425389e-06   2.307813e-06   2.803522e-06   2.910172e-06
Ni62  5.994103e-05   3.169112e-05   5.458850e-05   6.065472e-05   3.529319e-05   5.486442e-05   9.116501e-05   9.953195e-05   9.190419e-05   1.024416e-04   9.031514e-05   8.382501e-05   1.116612e-04   9.885066e-05   1.127004e-04   3.606804e-06   3.746376e-06   3.941904e-06   4.061877e-06   4.125539e-06   9.332871e-05   1.189494e-04   1.266812e-04   1.457551e-04   1.538519e-04   1.448435e-04   5.084958e-06   5.159198e-06   1.635288e-04   5.502275e-06   2.136742e-04   5.670578e-06   5.988596e-06   2.027186e-04   2.850789e-04   7.859774e-06   7.478753e-06   9.085161e-06   9.430773e-06
Ni64  7.034870e-06   6.336409e-06   7.616014e-06   7.407924e-06   7.426364e-06   8.201935e-06   8.075916e-06   8.334924e-06   8.457889e-06   8.758760e-06   9.524897e-06   1.005241e-05   1.091461e-05   1.123305e-05   1.137619e-05   9.482057e-07   9.848984e-07   1.036302e-06   1.067842e-06   1.084578e-06   1.827048e-05   2.214327e-05   2.495343e-05   2.746126e-05   3.010510e-05   3.168328e-05   1.336803e-06   1.356320e-06   4.236827e-05   1.446513e-06   5.944214e-05   1.490759e-06   1.574364e-06   5.172680e-05   1.046446e-04   2.066285e-06   1.966117e-06   2.388431e-06   2.479290e-06
Cu63  5.884860e-06   5.088794e-06   6.180460e-06   6.080363e-06   6.238192e-06   6.523247e-06   7.334976e-06   9.412209e-06   7.292725e-06   8.137600e-06   8.820048e-06   9.279016e-06   1.105638e-05   1.068675e-05   1.053983e-05   7.670269e-07   7.967085e-07   8.382898e-07   8.638033e-07   8.773418e-07   1.475870e-05   1.698427e-05   1.843042e-05   2.002643e-05   2.142843e-05   2.468080e-05   1.081373e-06   1.097161e-06   3.057851e-05   1.170120e-06   5.875609e-05   1.205911e-06   1.273542e-06   3.690366e-05   1.026552e-04   1.671468e-06   1.590440e-06   1.932061e-06   2.005559e-06
Cu65  2.444574e-06   2.285644e-06   2.666296e-06   2.645901e-06   2.601210e-06   2.870554e-06   3.027696e-06   3.243864e-06   3.143297e-06   3.325231e-06   3.417209e-06   3.618311e-06   3.724388e-06   3.836552e-06   3.689163e-06   3.526635e-07   3.663105e-07   3.854288e-07   3.971594e-07   4.033841e-07   6.742602e-06   7.942579e-06   8.829745e-06   9.942979e-06   1.084505e-05   8.831436e-06   4.971935e-07   5.044525e-07   1.110282e-05   5.379976e-07   1.492742e-05   5.544538e-07   5.855488e-07   1.995867e-05   2.481624e-05   7.685075e-07   7.312524e-07   8.883226e-07   9.221156e-07
Zn64  8.039336e-06   7.805703e-06   8.485161e-06   8.564566e-06   9.581105e-06   8.870686e-06   9.218947e-06   1.956180e-05   9.550088e-06   1.038858e-05   9.970515e-06   1.047264e-05   1.067136e-05   1.074947e-05   1.084913e-05   1.304481e-06   1.354960e-06   1.425677e-06   1.469068e-06   1.492093e-06   1.271793e-05   1.361476e-05   1.410126e-05   1.409434e-05   1.420416e-05   1.524290e-05   1.839089e-06   1.865939e-06   1.530445e-05   1.990020e-06   1.666257e-05   2.050891e-06   2.165909e-06   1.602897e-05   1.837043e-05   2.842662e-06   2.704858e-06   3.285851e-06   3.410849e-06
Zn66  5.483138e-06   4.847854e-06   5.711256e-06   5.850603e-06   5.377448e-06   6.094324e-06   6.885869e-06   6.669405e-06   7.097862e-06   7.406355e-06   7.235630e-06   7.391348e-06   8.026124e-06   7.996212e-06   8.094762e-06   7.586672e-07   7.880253e-07   8.291534e-07   8.543888e-07   8.677798e-07   1.180083e-05   1.324396e-05   1.429164e-05   1.547373e-05   1.646689e-05   1.599629e-05   1.069587e-06   1.085203e-06   1.639035e-05   1.157367e-06   1.936118e-05   1.192768e-06   1.259661e-06   2.786174e-05   2.938595e-05   1.653251e-06   1.573106e-06   1.911003e-06   1.983701e-06
Zn67  7.291009e-07   7.034978e-07   7.936717e-07   7.810052e-07   7.899324e-07   8.529694e-07   8.881265e-07   9.790614e-07   9.076828e-07   9.519053e-07   9.542925e-07   9.945533e-07   1.039960e-06   1.069949e-06   1.073947e-06   1.122094e-07   1.165516e-07   1.226346e-07   1.263670e-07   1.283476e-07   1.207893e-06   1.349110e-06   1.457845e-06   1.565937e-06   1.694538e-06   1.982688e-06   1.581956e-07   1.605052e-07   2.744042e-06   1.711785e-07   3.727631e-06   1.764145e-07   1.863082e-07   2.895728e-06   6.557082e-06   2.445215e-07   2.326677e-07   2.826439e-07   2.933960e-07
Zn68  3.272309e-06   3.186279e-06   3.503587e-06   3.512343e-06   3.578859e-06   3.770574e-06   3.768444e-06   4.385353e-06   3.902443e-06   4.033320e-06   4.068540e-06   4.182022e-06   4.411213e-06   4.482072e-06   4.574879e-06   5.200201e-07   5.401433e-07   5.683341e-07   5.856314e-07   5.948101e-07   6.009138e-06   6.825973e-06   7.337995e-06   7.797100e-06   8.349351e-06   8.785016e-06   7.331368e-07   7.438405e-07   1.124368e-05   7.933045e-07   1.407795e-05   8.175700e-07   8.634210e-07   1.375555e-05   2.496060e-05   1.133203e-06   1.078268e-06   1.309876e-06   1.359706e-06
Zn70  1.106785e-07   1.116922e-07   1.220470e-07   1.206187e-07   1.269188e-07   1.324741e-07   1.615059e-07   1.922487e-07   2.082158e-07   2.176000e-07   1.700978e-07   1.848535e-07   1.550557e-07   1.878446e-07   1.898184e-07   1.771848e-08   1.840413e-08   1.936466e-08   1.995403e-08   2.026677e-08   1.528828e-07   1.683784e-07   1.857674e-07   2.047630e-07   2.290539e-07   2.655846e-07   2.497993e-08   2.534464e-08   5.186707e-07   2.703001e-08   3.620594e-07   2.785680e-08   2.941907e-08   1.907019e-07   3.124661e-07   3.861126e-08   3.673949e-08   4.463099e-08   4.632881e-08
Ga69  3.220802e-07   3.136399e-07   3.581886e-07   3.500555e-07   3.575179e-07   3.862006e-07   3.967172e-07   4.376626e-07   4.349449e-07   4.494212e-07   4.297640e-07   4.518475e-07   4.582783e-07   4.847732e-07   4.588848e-07   4.933636e-08   5.124553e-08   5.392010e-08   5.556117e-08   5.643198e-08   8.205585e-07   8.859046e-07   9.833709e-07   1.038398e-06   1.127699e-06   1.132485e-06   6.955559e-08   7.057109e-08   1.493100e-06   7.526394e-08   2.038516e-06   7.756609e-08   8.191617e-08   2.555509e-06   3.754043e-06   1.075114e-07   1.022996e-07   1.242731e-07   1.290007e-07
Ga71  2.187023e-07   2.109453e-07   2.376097e-07   2.364292e-07   2.388829e-07   2.561719e-07   2.779068e-07   2.815624e-07   2.897550e-07   3.018511e-07   2.819521e-07   2.967377e-07   3.045973e-07   3.126738e-07   3.141080e-07   3.369299e-08   3.499681e-08   3.682334e-08   3.794406e-08   3.853877e-08   4.171802e-07   4.792838e-07   5.226887e-07   5.827886e-07   6.434222e-07   6.060132e-07   4.750119e-08   4.819470e-08   8.463251e-07   5.139956e-08   1.104678e-06   5.297176e-08   5.594253e-08   1.657552e-06   2.544082e-06   7.342216e-08   6.986285e-08   8.486913e-08   8.809766e-08
Ge70  3.692658e-07   3.543305e-07   3.998466e-07   3.991464e-07   4.017851e-07   4.331616e-07   4.188520e-07   4.181437e-07   4.237292e-07   4.318620e-07   4.467660e-07   4.601367e-07   4.958014e-07   4.951297e-07   4.807865e-07   5.684858e-08   5.904845e-08   6.213026e-08   6.402121e-08   6.502462e-08   1.164057e-06   1.226474e-06   1.324398e-06   1.328970e-06   1.400684e-06   1.610398e-06   8.014650e-08   8.131662e-08   1.504167e-06   8.672403e-08   1.986929e-06   8.937673e-08   9.438916e-08   3.246633e-06   3.971906e-06   1.238817e-07   1.178763e-07   1.431956e-07   1.486430e-07
Ge72  4.897984e-07   4.797402e-07   5.304999e-07   5.301163e-07   5.399766e-07   5.768662e-07   6.005274e-07   6.003075e-07   6.025794e-07   6.238231e-07   6.086590e-07   6.314747e-07   6.570165e-07   6.666622e-07   6.557500e-07   7.818596e-08   8.121152e-08   8.545006e-08   8.805074e-08   8.943077e-08   1.102352e-06   1.292867e-06   1.422976e-06   1.635480e-06   1.787253e-06   1.604469e-06   1.102284e-07   1.118378e-07   1.834741e-06   1.192748e-07   2.222250e-06   1.229231e-07   1.298169e-07   3.407082e-06   3.881782e-06   1.703791e-07   1.621196e-07   1.969423e-07   2.044342e-07
Ge73  1.433465e-07   1.394106e-07   1.552483e-07   1.536188e-07   1.596514e-07   1.718222e-07   1.834892e-07   1.744919e-07   1.779401e-07   1.830875e-07   1.825467e-07   1.894981e-07   2.026487e-07   2.069246e-07   2.035037e-07   2.241385e-08   2.328120e-08   2.449628e-08   2.524182e-08   2.563744e-08   2.336975e-07   2.624161e-07   2.843432e-07   3.016806e-07   3.271106e-07   4.069079e-07   3.159959e-08   3.206093e-08   6.435276e-07   3.419293e-08   9.038375e-07   3.523882e-08   3.721508e-08   5.288951e-07   1.575170e-06   4.884320e-08   4.647541e-08   5.645815e-08   5.860589e-08
Ge74  6.595136e-07   6.487024e-07   7.050926e-07   7.085003e-07   7.260023e-07   7.664164e-07   7.671452e-07   7.658549e-07   7.804842e-07   7.943745e-07   8.106446e-07   8.299513e-07   8.715016e-07   8.851067e-07   9.028132e-07   1.069357e-07   1.110738e-07   1.168709e-07   1.204279e-07   1.223154e-07   1.108738e-06   1.240895e-06   1.324461e-06   1.407451e-06   1.500865e-06   1.589766e-06   1.507606e-07   1.529616e-07   2.057681e-06   1.631333e-07   2.500535e-06   1.681232e-07   1.775519e-07   2.250910e-06   4.089832e-06   2.330292e-07   2.217326e-07   2.693599e-07   2.796067e-07
