# Cinquegrana, Heger & Karakas 2025
M      10.5   10.8   11.0   11.3   11.5   11.8   12.0   12.3   12.5   12.8   13.0   13.3   13.5   13.8   14.0   14.3   14.5   14.8   15.0   15.3   15.5   15.8   16.0   16.3   16.5   16.8   17.0   17.3   17.5   17.8   18.0   18.3   18.5   18.8   19.0   19.3   19.5   19.8   20.0
E      1.0   1.0   1.0   1.0   1.0   1.0   1.0   1.0   1.0   1.0   1.0   1.0   1.0   1.0   1.0   1.0   1.0   1.0   1.0   1.0   1.0   1.0   1.0   1.0   1.0   1.0   1.0   1.0   1.0   1.0   1.0   1.0   1.0   1.0   1.0   1.0   1.0   1.0   1.0
Mrem   1.578   1.534   1.552   1.574   1.649   11.662   1.604   1.642   1.680   12.636   12.878   1.457   1.484   1.520   1.553   1.581   1.598   1.645   14.826   15.071   1.466   1.603   1.651   16.045   16.290   1.645   1.634   1.574   17.254   17.489   17.735   17.967   18.220   18.448   18.685   18.871   19.188   19.371   19.596
H1    6.421016e+00   6.525534e+00   6.646730e+00   6.792066e+00   6.955818e+00   6.596943e-02   7.246226e+00   7.386384e+00   7.494751e+00   8.541187e-02   9.166555e-02   7.615800e+00   7.748461e+00   7.890433e+00   7.990185e+00   8.114981e+00   8.224740e+00   8.409973e+00   1.300778e-01   1.339826e-01   8.359462e+00   8.628755e+00   8.761379e+00   1.535411e-01   1.576278e-01   8.958046e+00   8.976875e+00   8.999225e+00   1.842994e-01   1.953202e-01   1.988645e-01   2.122336e-01   2.098130e-01   2.259408e-01   2.362455e-01   2.835324e-01   2.339626e-01   2.838351e-01   3.026312e-01
H2    4.771865e-08   4.999270e-08   5.224103e-08   5.418238e-08   5.586850e-08   4.075130e-08   5.967225e-08   6.277529e-08   6.352174e-08   4.595797e-08   4.730385e-08   6.832626e-08   7.103199e-08   7.035253e-08   7.115850e-08   7.305123e-08   7.489457e-08   7.761189e-08   5.829483e-08   5.980899e-08   7.842677e-08   8.264789e-08   8.340346e-08   6.560896e-08   6.714512e-08   8.849512e-08   8.949593e-08   9.424705e-08   7.308466e-08   7.465389e-08   7.615799e-08   7.764595e-08   7.919976e-08   8.073480e-08   8.245791e-08   8.405819e-08   8.569400e-08   8.698483e-08   8.872036e-08
He3   3.569605e-04   3.587443e-04   3.617324e-04   3.661047e-04   3.716954e-04   6.609238e-06   3.810041e-04   3.856027e-04   3.886034e-04   8.585094e-06   9.214376e-06   3.860075e-04   3.904889e-04   3.950664e-04   3.978689e-04   4.019304e-04   4.053022e-04   4.124205e-04   1.320972e-05   1.363026e-05   4.038560e-04   4.147155e-04   4.193659e-04   1.569323e-05   1.613000e-05   4.237891e-04   4.243341e-04   4.229686e-04   1.893743e-05   2.004881e-05   2.048307e-05   2.188340e-05   2.164174e-05   2.331652e-05   2.435289e-05   2.904160e-05   2.419290e-05   2.924912e-05   3.115726e-05
He4   2.453626e+00   2.573612e+00   2.655448e+00   2.740876e+00   2.811057e+00   2.194691e-02   3.006718e+00   3.090864e+00   3.170231e+00   2.844012e-02   3.052494e-02   3.871220e+00   3.958846e+00   4.036027e+00   4.139954e+00   4.228606e+00   4.329911e+00   4.386285e+00   4.333725e-02   4.464375e-02   4.899374e+00   4.934337e+00   5.010673e+00   5.117921e-02   5.255653e-02   5.367710e+00   5.484680e+00   5.595902e+00   6.139006e-02   6.510687e-02   6.620789e-02   7.064413e-02   6.983196e-02   7.519918e-02   7.871243e-02   9.449001e-02   7.785481e-02   9.451633e-02   1.008197e-01
Li6   2.466869e-12   2.516070e-12   2.576369e-12   2.668044e-12   2.758003e-12   2.099355e-12   2.970204e-12   2.895426e-12   3.058614e-12   2.250478e-12   2.286116e-12   2.848582e-12   2.891745e-12   3.012221e-12   3.168494e-12   3.248415e-12   3.325511e-12   3.646807e-12   2.581807e-12   2.617960e-12   3.160529e-12   3.309217e-12   3.396443e-12   2.753015e-12   2.788662e-12   3.433551e-12   3.472095e-12   3.493536e-12   2.935881e-12   2.967580e-12   2.998703e-12   3.031667e-12   3.066267e-12   3.085346e-12   3.133579e-12   3.170439e-12   3.217574e-12   3.236612e-12   3.278320e-12
Li7   2.383232e-08   3.452391e-08   4.348381e-08   4.299722e-08   4.274096e-08   2.529427e-10   5.087253e-08   5.742664e-08   5.386939e-08   2.953663e-10   3.045790e-10   9.819716e-08   9.744603e-08   9.355121e-08   9.616216e-08   8.906483e-08   9.298584e-08   8.042230e-08   3.539489e-10   3.595979e-10   1.183574e-07   1.163170e-07   1.066696e-07   3.782141e-10   3.826748e-10   1.222115e-07   1.294836e-07   1.510074e-07   4.018515e-10   4.062477e-10   4.101084e-10   4.144815e-10   4.188482e-10   4.216777e-10   4.278345e-10   4.324063e-10   4.384965e-10   4.407494e-10   4.460218e-10
Be9   2.546761e-12   2.682286e-12   2.778346e-12   2.866401e-12   2.929382e-12   9.086716e-13   3.186399e-12   3.077464e-12   3.230800e-12   1.177144e-12   1.259329e-12   3.009482e-12   3.039795e-12   3.214423e-12   4.104703e-12   4.345963e-12   4.640382e-12   5.495672e-12   1.779037e-12   1.834674e-12   3.592439e-12   3.447567e-12   3.621305e-12   2.088074e-12   2.141267e-12   3.587996e-12   3.760045e-12   3.722292e-12   2.393522e-12   2.488227e-12   2.530499e-12   2.609170e-12   2.613282e-12   2.687473e-12   2.727323e-12   2.807955e-12   2.788822e-12   2.865094e-12   2.900361e-12
B10   5.696152e-11   5.937364e-11   6.097746e-11   6.269862e-11   6.402573e-11   5.706044e-12   6.757723e-11   6.904128e-11   6.974819e-11   7.422558e-12   7.957067e-12   7.894602e-11   7.811625e-11   7.921045e-11   7.913443e-11   7.898252e-11   8.032886e-11   8.189699e-11   1.148982e-11   1.189158e-11   8.380725e-11   8.346119e-11   8.376084e-11   1.377331e-11   1.419437e-11   8.585739e-11   8.794760e-11   8.626319e-11   1.670249e-11   1.766140e-11   1.809713e-11   1.932441e-11   1.915790e-11   2.060261e-11   2.152893e-11   2.513183e-11   2.151008e-11   2.556653e-11   2.717369e-11
B11   1.599900e-08   2.512520e-08   2.886219e-08   3.351155e-08   3.344451e-08   2.533420e-11   5.008643e-08   3.080259e-08   4.622955e-08   3.295443e-11   3.531906e-11   1.348286e-07   1.481297e-07   1.959126e-07   1.656183e-07   1.793469e-07   1.870190e-07   2.304863e-07   5.101006e-11   5.277350e-11   2.920243e-07   3.038109e-07   2.843115e-07   6.119758e-11   6.307617e-11   3.137677e-07   4.114166e-07   3.295963e-07   7.421080e-11   7.845509e-11   8.041416e-11   8.586722e-11   8.515701e-11   9.154730e-11   9.563318e-11   1.112429e-10   9.566097e-11   1.133105e-10   1.202946e-10
C12   4.675010e-03   6.788701e-03   7.900115e-03   8.597436e-03   8.843531e-03   1.819514e-05   1.139204e-02   1.114288e-02   1.202074e-02   2.365296e-05   2.539335e-05   4.846695e-02   4.880007e-02   5.290374e-02   5.549274e-02   5.855072e-02   6.137170e-02   6.217865e-02   3.643690e-05   3.759164e-05   1.104840e-01   9.455975e-02   9.107253e-02   4.326358e-05   4.446063e-05   1.143764e-01   1.366786e-01   1.429909e-01   5.218303e-05   5.524921e-05   5.641856e-05   6.026212e-05   5.959218e-05   6.419674e-05   6.705298e-05   8.020935e-05   6.658308e-05   8.059474e-05   8.589411e-05
C13   5.702983e-05   5.834114e-05   5.963845e-05   6.120443e-05   6.276015e-05   2.538657e-07   6.590026e-05   6.739816e-05   6.859347e-05   3.271706e-07   3.528618e-07   7.353634e-05   7.503429e-05   7.628514e-05   7.597435e-05   7.731983e-05   7.860107e-05   8.075326e-05   4.891207e-07   4.985566e-07   8.256701e-05   8.697832e-05   8.640412e-05   5.581321e-07   5.694394e-07   9.006328e-05   9.200490e-05   9.471118e-05   6.561460e-07   7.003659e-07   7.011399e-07   7.459670e-07   7.335212e-07   7.901839e-07   8.264395e-07   1.065859e-06   8.063016e-07   1.011576e-06   1.089715e-06
N14   2.098965e-03   2.201620e-03   2.271440e-03   2.346666e-03   2.416305e-03   6.284129e-06   2.586386e-03   2.665748e-03   2.745197e-03   8.054273e-06   8.623554e-06   3.182702e-03   3.245930e-03   3.295079e-03   3.379514e-03   3.433276e-03   3.519086e-03   3.606362e-03   1.173971e-05   1.202977e-05   3.810010e-03   3.917101e-03   3.995320e-03   1.359428e-05   1.392270e-05   4.250921e-03   4.255702e-03   4.356456e-03   1.594567e-05   1.702298e-05   1.702295e-05   1.808092e-05   1.785630e-05   1.919192e-05   2.027259e-05   2.455188e-05   1.973419e-05   2.419471e-05   2.588085e-05
N15   9.834663e-07   1.241900e-06   1.416467e-06   1.453338e-06   1.470224e-06   1.223850e-08   1.724431e-06   1.957664e-06   1.895109e-06   1.591606e-08   1.707587e-08   5.607064e-06   5.878375e-06   6.462558e-06   7.552747e-06   7.385679e-06   7.783458e-06   5.815441e-06   2.456484e-08   2.537113e-08   1.562566e-05   1.113455e-05   1.092077e-05   2.926642e-08   3.010311e-08   1.413261e-05   1.563140e-05   1.908301e-05   3.536811e-08   3.743924e-08   3.827947e-08   4.089292e-08   4.046641e-08   4.358841e-08   4.552345e-08   5.402905e-08   4.528308e-08   5.458961e-08   5.811788e-08
O16   1.383556e-02   1.902753e-02   2.229382e-02   2.418892e-02   2.514733e-02   4.605481e-05   3.212837e-02   3.638084e-02   3.499848e-02   5.962111e-05   6.399907e-05   1.616678e-01   1.733466e-01   1.761424e-01   1.849288e-01   1.893493e-01   2.017289e-01   1.748037e-01   9.088860e-05   9.361870e-05   5.001881e-01   3.741168e-01   3.754507e-01   1.072918e-04   1.101431e-04   5.242806e-01   6.018751e-01   7.397269e-01   1.288546e-04   1.365251e-04   1.390769e-04   1.484479e-04   1.467518e-04   1.580418e-04   1.651842e-04   1.982772e-04   1.636713e-04   1.985293e-04   2.116563e-04
O17   2.074316e-05   2.015940e-05   2.001409e-05   1.979942e-05   1.951397e-05   2.780450e-08   1.926983e-05   1.913817e-05   1.819316e-05   3.279525e-08   3.447706e-08   1.721996e-05   1.668570e-05   1.688754e-05   1.752482e-05   1.688020e-05   1.689622e-05   1.655849e-05   4.040185e-08   4.104681e-08   1.739256e-05   1.457155e-05   1.453933e-05   4.490176e-08   4.566369e-08   1.435511e-05   1.690377e-05   1.453503e-05   5.146847e-08   5.488700e-08   5.478185e-08   5.802146e-08   5.729237e-08   6.159696e-08   6.497327e-08   7.803437e-08   6.313633e-08   7.721615e-08   8.249927e-08
O18   8.436872e-06   1.001269e-05   1.080351e-05   1.144955e-05   1.159416e-05   9.533590e-08   1.323333e-05   1.357746e-05   1.372937e-05   1.238524e-07   1.329867e-07   7.687158e-05   8.826556e-05   9.735008e-05   9.390119e-05   8.370787e-05   9.685552e-05   7.720866e-05   1.904468e-07   1.963884e-07   1.739957e-04   1.142310e-04   1.089708e-04   2.257585e-07   2.319161e-07   9.832236e-05   9.783247e-05   1.287595e-04   2.719991e-07   2.880323e-07   2.939349e-07   3.138972e-07   3.103587e-07   3.343181e-07   3.492337e-07   4.186513e-07   3.465694e-07   4.199161e-07   4.475836e-07
F19   4.499298e-07   5.041204e-07   5.552768e-07   5.546387e-07   5.797233e-07   4.172053e-09   5.325822e-07   7.941643e-07   7.114219e-07   5.404027e-09   5.801751e-09   5.517118e-07   5.738388e-07   8.181660e-07   2.198179e-06   2.109471e-06   2.126738e-06   1.148912e-06   8.248915e-09   8.496926e-09   5.229325e-06   9.489368e-07   8.656241e-07   9.739779e-09   9.998876e-09   9.029462e-07   1.897332e-06   1.626220e-06   1.170097e-08   1.239658e-08   1.263056e-08   1.348187e-08   1.332829e-08   1.435385e-08   1.500109e-08   1.800637e-08   1.486602e-08   1.803132e-08   1.922234e-08
Ne20  2.870415e-03   3.684011e-03   4.109315e-03   4.595414e-03   4.669199e-03   1.418409e-05   4.754912e-03   5.913415e-03   6.176013e-03   1.836650e-05   1.971149e-05   6.130676e-03   6.715988e-03   1.226046e-02   2.957028e-02   2.981972e-02   3.171907e-02   2.124100e-02   2.797351e-05   2.881379e-05   8.054586e-02   1.545981e-02   1.263922e-02   3.302174e-05   3.390207e-05   1.302739e-02   3.791878e-02   3.286559e-02   3.963336e-05   4.200755e-05   4.276257e-05   4.563636e-05   4.511493e-05   4.858310e-05   5.080635e-05   6.097936e-05   5.030641e-05   6.103596e-05   6.508313e-05
Ne21  9.526742e-06   1.053606e-05   1.125301e-05   1.178702e-05   1.226405e-05   3.728803e-08   1.473437e-05   1.334830e-05   1.556625e-05   4.806512e-08   5.138983e-08   2.434510e-05   2.473650e-05   2.876477e-05   4.773343e-05   5.008925e-05   5.408688e-05   4.725043e-05   7.168552e-08   7.376930e-08   5.704641e-05   4.441657e-05   4.458657e-05   8.415225e-08   8.630281e-08   4.997690e-05   7.124954e-05   6.632509e-05   1.004662e-07   1.065184e-07   1.082637e-07   1.154673e-07   1.141275e-07   1.229020e-07   1.285428e-07   1.542587e-07   1.271451e-07   1.543364e-07   1.645743e-07
Ne22  1.003281e-04   1.102978e-04   1.173849e-04   1.217399e-04   1.251928e-04   1.101554e-06   1.384119e-04   1.494939e-04   1.473706e-04   1.428284e-06   1.533648e-06   3.427995e-04   3.711727e-04   4.194020e-04   4.515685e-04   5.148024e-04   5.118834e-04   5.159228e-04   2.184556e-06   2.250684e-06   9.542182e-04   9.164108e-04   9.004028e-04   2.581283e-06   2.650224e-06   1.157318e-03   1.359675e-03   1.402566e-03   3.102520e-06   3.286813e-06   3.349473e-06   3.575540e-06   3.534846e-06   3.806866e-06   3.978356e-06   4.775018e-06   3.943221e-06   4.782225e-06   5.098133e-06
Na23  7.088467e-05   8.038942e-05   8.514890e-05   9.013345e-05   9.509785e-05   2.495669e-07   9.921194e-05   1.213517e-04   1.206029e-04   3.237932e-07   3.471162e-07   1.379416e-04   1.451553e-04   1.921202e-04   3.295243e-04   3.251983e-04   3.280259e-04   2.459976e-04   4.871436e-07   5.017421e-07   5.187664e-04   2.378196e-04   1.972253e-04   5.747699e-07   5.912625e-07   2.196758e-04   5.269546e-04   4.587714e-04   6.815497e-07   7.277074e-07   7.303428e-07   7.767890e-07   7.676761e-07   8.255046e-07   8.733445e-07   1.044814e-06   8.528929e-07   1.042302e-06   1.112716e-06
Mg24  9.641669e-04   1.226026e-03   1.357051e-03   1.451693e-03   1.393753e-03   3.391564e-06   1.713534e-03   1.980170e-03   1.595986e-03   4.392121e-06   4.713810e-06   2.030295e-03   2.406769e-03   2.696772e-03   6.742245e-03   7.064319e-03   7.585069e-03   4.322848e-03   6.690096e-06   6.891179e-06   2.099273e-02   3.863515e-03   6.290604e-03   7.898057e-06   8.108957e-06   7.268438e-03   6.362764e-03   7.711606e-03   9.478886e-06   1.004778e-05   1.022671e-05   1.091367e-05   1.078891e-05   1.161861e-05   1.215204e-05   1.458874e-05   1.203032e-05   1.459755e-05   1.556835e-05
Mg25  5.271867e-05   5.973390e-05   6.344259e-05   6.769971e-05   6.835719e-05   4.457537e-07   7.189624e-05   7.214342e-05   7.901813e-05   5.770113e-07   6.193647e-07   1.137355e-04   1.185940e-04   1.454702e-04   2.555877e-04   2.609856e-04   2.799500e-04   2.010017e-04   8.794852e-07   9.058972e-07   5.335670e-04   1.879066e-04   1.875801e-04   1.038193e-06   1.065777e-06   2.038077e-04   2.784597e-04   2.822012e-04   1.246803e-06   1.321033e-06   1.345695e-06   1.436370e-06   1.419955e-06   1.529185e-06   1.598314e-06   1.918533e-06   1.583646e-06   1.920922e-06   2.047953e-06
Mg26  6.399051e-05   6.980468e-05   7.451608e-05   7.635550e-05   7.846872e-05   5.130414e-07   7.606967e-05   8.788047e-05   8.898398e-05   6.643733e-07   7.129061e-07   1.034937e-04   1.090512e-04   1.401526e-04   2.430954e-04   2.446521e-04   2.536353e-04   1.692982e-04   1.010925e-06   1.041244e-06   6.777895e-04   1.748676e-04   1.633598e-04   1.193070e-06   1.224848e-06   1.803023e-04   2.704341e-04   2.731966e-04   1.431180e-06   1.517069e-06   1.543847e-06   1.647428e-06   1.628594e-06   1.753672e-06   1.834181e-06   2.201109e-06   1.815673e-06   2.203041e-06   2.349017e-06
Al27  6.492144e-05   7.371260e-05   8.263762e-05   8.122558e-05   8.380333e-05   3.859778e-07   1.003103e-04   1.155642e-04   9.298412e-05   5.001173e-07   5.367748e-07   1.747918e-04   2.167620e-04   1.891092e-04   2.962607e-04   3.066699e-04   3.212407e-04   1.786391e-04   7.621575e-07   7.851408e-07   7.551968e-04   3.192331e-04   5.760094e-04   9.001592e-07   9.243830e-07   6.764884e-04   4.414674e-04   5.785961e-04   1.080063e-06   1.145399e-06   1.164956e-06   1.243029e-06   1.228834e-06   1.323301e-06   1.385077e-06   1.662532e-06   1.370149e-06   1.663222e-06   1.774140e-06
Si28  1.521423e-03   2.299581e-03   2.518565e-03   2.792741e-03   2.696736e-03   4.504902e-06   3.277674e-03   2.437032e-03   2.906145e-03   5.833867e-06   6.261139e-06   3.233890e-02   2.951737e-02   2.392420e-02   1.280352e-02   1.279340e-02   1.382977e-02   1.511105e-02   8.885932e-06   9.152967e-06   1.993125e-02   4.176551e-02   4.554699e-02   1.049005e-05   1.077003e-05   5.704046e-02   5.164011e-02   6.939112e-02   1.258935e-05   1.334452e-05   1.358255e-05   1.449491e-05   1.432926e-05   1.543069e-05   1.613874e-05   1.937022e-05   1.597781e-05   1.938708e-05   2.067321e-05
Si29  3.162486e-05   3.636166e-05   3.841755e-05   3.940959e-05   3.921901e-05   2.369187e-07   4.476133e-05   4.313045e-05   4.284830e-05   3.068105e-07   3.292813e-07   1.248110e-04   1.412581e-04   9.538252e-05   8.545422e-05   9.324656e-05   1.003612e-04   7.955453e-05   4.673222e-07   4.813658e-07   1.527342e-04   1.857376e-04   4.478920e-04   5.516843e-07   5.664089e-07   4.494220e-04   2.135290e-04   2.607450e-04   6.620887e-07   7.018037e-07   7.143224e-07   7.623047e-07   7.535930e-07   8.115181e-07   8.487547e-07   1.018701e-06   8.402921e-07   1.019589e-06   1.087227e-06
Si30  2.535583e-05   2.977541e-05   3.188211e-05   3.196799e-05   3.208535e-05   1.615505e-07   3.894139e-05   3.742717e-05   3.381041e-05   2.092076e-07   2.245298e-07   8.380835e-05   1.181090e-04   6.514539e-05   7.223365e-05   8.275235e-05   9.002760e-05   5.240518e-05   3.186561e-07   3.282320e-07   1.183991e-04   1.493918e-04   4.183139e-04   3.761799e-07   3.862198e-07   4.641564e-04   1.541368e-04   2.386802e-04   4.514638e-07   4.785431e-07   4.870821e-07   5.198009e-07   5.138608e-07   5.533591e-07   5.787472e-07   6.946303e-07   5.729800e-07   6.952370e-07   7.413574e-07
P31   8.291185e-06   1.073975e-05   1.159071e-05   1.209902e-05   1.178193e-05   4.466585e-08   1.481597e-05   1.309385e-05   1.260024e-05   5.784352e-08   6.208009e-08   1.994835e-04   2.143801e-04   1.507572e-04   4.052708e-05   4.058183e-05   4.357221e-05   3.776431e-05   8.810624e-08   9.075420e-08   6.813345e-05   2.834616e-04   3.772884e-04   1.040125e-07   1.067892e-07   4.599683e-04   3.062342e-04   4.840720e-04   1.248260e-07   1.323155e-07   1.346724e-07   1.437180e-07   1.420753e-07   1.529959e-07   1.600196e-07   1.920611e-07   1.584201e-07   1.922256e-07   2.049793e-07
S32   6.730167e-04   1.034689e-03   1.149616e-03   1.284900e-03   1.241762e-03   2.319750e-06   1.456828e-03   1.079059e-03   1.307900e-03   3.004085e-06   3.224104e-06   2.688177e-02   2.281543e-02   1.784713e-02   6.955505e-03   6.481601e-03   6.879018e-03   7.454118e-03   4.575710e-06   4.713216e-06   1.168802e-02   2.696283e-02   2.017779e-02   5.401729e-06   5.545904e-06   3.024709e-02   3.264788e-02   4.580269e-02   6.482738e-06   6.871602e-06   6.994175e-06   7.463986e-06   7.378688e-06   7.945853e-06   8.310452e-06   9.974459e-06   8.227589e-06   9.983147e-06   1.064542e-05
S33   3.332041e-06   4.390506e-06   4.706734e-06   4.981216e-06   4.784708e-06   1.884522e-08   5.357887e-06   4.629369e-06   5.333669e-06   2.440464e-08   2.619203e-08   2.042114e-04   1.946951e-04   1.157599e-04   2.143136e-05   1.918351e-05   2.041917e-05   2.428154e-05   3.717226e-08   3.828935e-08   3.538751e-05   2.316976e-04   1.964150e-04   4.388273e-08   4.505399e-08   2.968403e-04   2.378839e-04   3.773583e-04   5.266465e-08   5.582375e-08   5.681947e-08   6.063613e-08   5.994317e-08   6.455073e-08   6.751272e-08   8.103088e-08   6.683950e-08   8.110139e-08   8.648162e-08
S34   1.443071e-05   1.703259e-05   1.723305e-05   1.829994e-05   1.835565e-05   1.088086e-07   1.966743e-05   1.771961e-05   2.009623e-05   1.409076e-07   1.512276e-07   4.589885e-04   3.984820e-04   2.416875e-04   6.280331e-05   5.688849e-05   6.179944e-05   1.002876e-04   2.146251e-07   2.210749e-07   9.484060e-05   4.536540e-04   4.506491e-04   2.533699e-07   2.601324e-07   5.982887e-04   4.294648e-04   7.091865e-04   3.040749e-07   3.223147e-07   3.280641e-07   3.501007e-07   3.460997e-07   3.727028e-07   3.898044e-07   4.678553e-07   3.859177e-07   4.682627e-07   4.993268e-07
S36   4.233353e-08   4.449227e-08   4.594146e-08   4.738417e-08   4.857827e-08   4.003348e-10   5.240375e-08   5.173569e-08   5.430322e-08   5.184351e-10   5.564052e-10   9.997941e-08   1.030135e-07   1.010736e-07   9.174170e-08   9.590642e-08   1.026085e-07   1.049785e-07   7.896608e-10   8.133913e-10   1.291193e-07   1.457169e-07   1.702004e-07   9.322125e-10   9.570937e-10   1.961631e-07   1.935847e-07   2.030764e-07   1.118769e-09   1.185878e-09   1.207032e-09   1.288110e-09   1.273390e-09   1.371269e-09   1.434190e-09   1.721359e-09   1.419890e-09   1.722858e-09   1.837151e-09
Cl35  3.066193e-06   3.546966e-06   3.735918e-06   3.909269e-06   3.852073e-06   2.446968e-08   4.267475e-06   3.988124e-06   4.329626e-06   3.168833e-08   3.400917e-08   2.215913e-04   2.258334e-04   1.663292e-04   1.541058e-05   1.309568e-05   1.342171e-05   1.649904e-05   4.826647e-08   4.971695e-08   2.775237e-05   2.934663e-04   1.519628e-04   5.697966e-08   5.850047e-08   2.554401e-04   3.196032e-04   5.128874e-04   6.838259e-08   7.248449e-08   7.377744e-08   7.873320e-08   7.783344e-08   8.381613e-08   8.766207e-08   1.052147e-07   8.678799e-08   1.053063e-07   1.122922e-07
Cl37  9.909474e-07   1.119345e-06   1.185638e-06   1.230191e-06   1.220855e-06   8.274270e-09   1.344617e-06   1.295315e-06   1.398511e-06   1.071521e-08   1.149999e-08   6.952479e-05   5.936759e-05   3.937954e-05   5.052518e-06   4.246238e-06   4.349487e-06   4.970515e-06   1.632101e-08   1.681148e-08   9.556422e-06   6.429560e-05   2.999738e-05   1.926732e-08   1.978157e-08   6.087003e-05   6.787058e-05   1.153299e-04   2.312315e-08   2.451018e-08   2.494738e-08   2.662314e-08   2.631889e-08   2.834190e-08   2.964238e-08   3.557770e-08   2.934682e-08   3.560869e-08   3.797093e-08
Ar36  1.409161e-04   2.159878e-04   2.375834e-04   2.648063e-04   2.547326e-04   5.191276e-07   2.994860e-04   2.260724e-04   2.657984e-04   6.722722e-07   7.215094e-07   8.035963e-03   6.594433e-03   4.847211e-03   1.379826e-03   1.265571e-03   1.329311e-03   1.368107e-03   1.023980e-06   1.054752e-06   2.520490e-03   7.179367e-03   3.662842e-03   1.208831e-06   1.241096e-06   7.027720e-03   8.153002e-03   1.292945e-02   1.450746e-06   1.537769e-06   1.565199e-06   1.670336e-06   1.651247e-06   1.778171e-06   1.859763e-06   2.232145e-06   1.841219e-06   2.234089e-06   2.382296e-06
Ar38  1.135952e-05   1.242610e-05   1.274993e-05   1.327094e-05   1.352714e-05   9.961360e-08   1.427463e-05   1.383094e-05   1.547494e-05   1.290000e-07   1.384479e-07   6.746647e-04   5.277981e-04   3.681900e-04   7.900348e-05   6.096439e-05   6.387589e-05   9.233752e-05   1.964879e-07   2.023927e-07   1.661254e-04   5.475221e-04   3.258917e-04   2.319585e-07   2.381495e-07   5.392762e-04   5.641923e-04   9.345307e-04   2.783786e-07   2.950771e-07   3.003405e-07   3.205149e-07   3.168521e-07   3.412070e-07   3.568635e-07   4.283185e-07   3.533052e-07   4.286915e-07   4.571304e-07
Ar40  1.741830e-08   1.829315e-08   1.882910e-08   1.947936e-08   2.002146e-08   1.637394e-10   2.161259e-08   2.096511e-08   2.223684e-08   2.120385e-10   2.275673e-10   3.050839e-08   3.170700e-08   3.240315e-08   3.997042e-08   4.337015e-08   4.853861e-08   5.394424e-08   3.229575e-10   3.326617e-10   4.940560e-08   4.374297e-08   5.225119e-08   3.812528e-10   3.914276e-10   5.490048e-08   5.545805e-08   5.750936e-08   4.575449e-10   4.849898e-10   4.936648e-10   5.268204e-10   5.207771e-10   5.608056e-10   5.865375e-10   7.039821e-10   5.806859e-10   7.045918e-10   7.513332e-10
K39   2.791652e-06   3.153337e-06   3.322514e-06   3.446581e-06   3.449185e-06   2.287650e-08   3.744256e-06   3.576785e-06   3.910243e-06   2.962516e-08   3.179490e-08   3.255082e-04   3.141348e-04   2.247823e-04   1.780456e-05   1.362661e-05   1.393870e-05   1.483595e-05   4.512393e-08   4.647997e-08   4.320659e-05   3.461952e-04   1.471104e-04   5.326982e-08   5.469162e-08   2.935332e-04   3.956513e-04   6.493622e-04   6.393032e-08   6.776516e-08   6.897393e-08   7.360703e-08   7.276584e-08   7.835901e-08   8.195455e-08   9.836437e-08   8.113739e-08   9.845004e-08   1.049811e-07
K40   4.799164e-09   5.513661e-09   5.913713e-09   6.215967e-09   6.277543e-09   3.660683e-11   7.045354e-09   7.391207e-09   7.682521e-09   4.744788e-11   5.093172e-11   2.898077e-07   3.757845e-07   2.675263e-07   2.665384e-08   2.458893e-08   2.554054e-08   2.365485e-08   7.237949e-11   7.456572e-11   6.383350e-08   5.131350e-07   7.099120e-07   8.550036e-11   8.779228e-11   9.624576e-07   6.942544e-07   8.318012e-07   1.026603e-10   1.088256e-10   1.107781e-10   1.182214e-10   1.168877e-10   1.258717e-10   1.316560e-10   1.580005e-10   1.303735e-10   1.581699e-10   1.686672e-10
K41   2.132160e-07   2.415806e-07   2.606605e-07   2.703348e-07   2.673692e-07   1.735607e-09   2.974422e-07   2.870564e-07   3.068324e-07   2.247617e-09   2.412232e-09   6.570073e-05   4.659860e-05   1.754189e-05   1.295361e-06   1.131725e-06   1.044856e-06   9.683286e-07   3.423486e-09   3.526367e-09   3.366289e-06   2.389412e-05   8.187526e-06   4.041503e-09   4.149373e-09   1.939191e-05   2.066128e-05   5.051120e-05   4.850300e-09   5.141243e-09   5.232951e-09   5.584457e-09   5.520638e-09   5.944984e-09   6.217772e-09   7.462760e-09   6.155775e-09   7.469260e-09   7.964763e-09
Ca40  1.237290e-04   1.959749e-04   2.130898e-04   2.377973e-04   2.258237e-04   3.871083e-07   2.702770e-04   2.022108e-04   2.339991e-04   5.013067e-07   5.380223e-07   5.462513e-03   3.478227e-03   2.314598e-03   1.141772e-03   1.077366e-03   1.125555e-03   1.082858e-03   7.635715e-07   7.865179e-07   2.425117e-03   2.315408e-03   1.282925e-03   9.014134e-07   9.254725e-07   2.087106e-03   2.964492e-03   4.713336e-03   1.081807e-06   1.146698e-06   1.167153e-06   1.245552e-06   1.231318e-06   1.325964e-06   1.386806e-06   1.664488e-06   1.372979e-06   1.665937e-06   1.776454e-06
Ca42  3.141034e-07   3.469390e-07   3.559205e-07   3.837699e-07   3.780847e-07   2.712880e-09   4.011912e-07   3.880491e-07   4.368798e-07   3.513190e-09   3.770496e-09   5.771393e-05   4.686069e-05   3.137237e-05   2.970717e-06   2.169702e-06   2.217684e-06   2.931767e-06   5.351160e-09   5.511970e-09   7.579742e-06   4.795489e-05   1.826577e-05   6.317166e-09   6.485774e-09   4.233533e-05   5.046297e-05   9.102716e-05   7.581374e-09   8.036140e-09   8.179485e-09   8.728916e-09   8.629161e-09   9.292445e-09   9.718833e-09   1.166484e-08   9.621927e-09   1.167500e-08   1.244951e-08
Ca43  8.001421e-08   8.779334e-08   8.908977e-08   1.013638e-07   9.920014e-08   5.795498e-10   1.023399e-07   9.875957e-08   9.945496e-08   7.505192e-10   8.054871e-10   5.581046e-07   5.313151e-07   3.654227e-07   1.957232e-07   2.421727e-07   2.025481e-07   1.949188e-07   1.143163e-09   1.177516e-09   4.551024e-07   6.221158e-07   6.928246e-07   1.349530e-09   1.385549e-09   9.378005e-07   6.787929e-07   8.609923e-07   1.619601e-09   1.716752e-09   1.747375e-09   1.864749e-09   1.843439e-09   1.985135e-09   2.076224e-09   2.491948e-09   2.055522e-09   2.494118e-09   2.659575e-09
Ca44  1.563627e-06   1.798937e-06   1.922788e-06   1.916846e-06   2.212728e-06   9.162892e-09   2.185600e-06   2.036895e-06   2.275349e-06   1.186598e-08   1.273504e-08   6.223266e-06   4.895699e-06   4.405681e-06   4.859723e-06   4.763341e-06   5.413074e-06   5.302612e-06   1.807381e-08   1.861696e-08   7.510920e-06   6.163370e-06   5.835175e-06   2.133655e-08   2.190603e-08   7.637345e-06   8.498779e-06   9.222118e-06   2.560648e-08   2.714247e-08   2.762663e-08   2.948236e-08   2.914543e-08   3.138570e-08   3.282585e-08   3.939859e-08   3.249855e-08   3.943291e-08   4.204884e-08
Ca46  1.939151e-09   2.035592e-09   2.095661e-09   2.173226e-09   2.254534e-09   1.836900e-11   2.539564e-09   2.257583e-09   2.538133e-09   2.378793e-11   2.553015e-11   3.150669e-09   3.249612e-09   3.335185e-09   5.085314e-09   5.852357e-09   6.843608e-09   8.234416e-09   3.623288e-11   3.732173e-11   4.070631e-09   4.065403e-09   4.596294e-09   4.277374e-11   4.391539e-11   4.363529e-09   4.188537e-09   4.109236e-09   5.133374e-11   5.441297e-11   5.538357e-11   5.910378e-11   5.842834e-11   6.291945e-11   6.580654e-11   7.898303e-11   6.515039e-11   7.905182e-11   8.429603e-11
Ca48  9.055433e-08   9.289899e-08   9.500378e-08   9.738055e-08   9.977243e-08   8.961039e-10   1.047805e-07   1.071203e-07   1.090430e-07   1.160458e-09   1.245450e-09   1.182301e-07   1.205016e-07   1.230874e-07   1.256237e-07   1.278371e-07   1.301281e-07   1.323606e-07   1.767566e-09   1.820684e-09   1.404958e-07   1.410479e-07   1.428928e-07   2.086652e-09   2.142345e-09   1.493161e-07   1.525274e-07   1.539055e-07   2.504238e-09   2.654454e-09   2.701803e-09   2.883288e-09   2.850338e-09   3.069430e-09   3.210272e-09   3.853067e-09   3.178262e-09   3.856423e-09   4.112254e-09
Sc45  2.892481e-08   3.106302e-08   3.229316e-08   3.462866e-08   3.374760e-08   2.648743e-10   3.738182e-08   3.766744e-08   3.735500e-08   3.430133e-10   3.681355e-10   5.485860e-07   4.724169e-07   2.837161e-07   8.317105e-08   8.052851e-08   7.848542e-08   7.364540e-08   5.224649e-10   5.381658e-10   2.122669e-07   4.603686e-07   3.776459e-07   6.167817e-10   6.332439e-10   6.161737e-07   4.444337e-07   8.259501e-07   7.402138e-10   7.846152e-10   7.986109e-10   8.522550e-10   8.425154e-10   9.072756e-10   9.489063e-10   1.138907e-09   9.394448e-10   1.139898e-09   1.215518e-09
Ti46  1.837765e-07   1.973091e-07   2.063244e-07   2.247147e-07   2.142498e-07   1.627425e-09   2.264292e-07   2.236512e-07   2.420823e-07   2.107521e-09   2.261876e-09   1.150577e-05   7.086412e-06   4.163791e-06   1.273848e-06   1.078448e-06   1.079787e-06   9.138491e-07   3.210097e-09   3.306565e-09   4.323053e-06   5.681609e-06   2.862211e-06   3.789592e-09   3.890738e-09   5.608401e-06   5.495538e-06   9.964502e-06   4.547976e-09   4.820784e-09   4.906776e-09   5.236372e-09   5.176531e-09   5.574427e-09   5.830212e-09   6.997599e-09   5.772079e-09   7.003694e-09   7.468311e-09
Ti47  2.048741e-07   2.168776e-07   2.326011e-07   2.480095e-07   2.484024e-07   1.499129e-09   2.525641e-07   2.408618e-07   2.429869e-07   1.941377e-09   2.083563e-09   6.054705e-07   5.237405e-07   4.366037e-07   4.151191e-07   4.617940e-07   4.471390e-07   4.525012e-07   2.957033e-09   3.045896e-09   6.432212e-07   5.531577e-07   6.605832e-07   3.490844e-09   3.584017e-09   8.320083e-07   6.863902e-07   7.799546e-07   4.189442e-09   4.440744e-09   4.519956e-09   4.823569e-09   4.768446e-09   5.134974e-09   5.370594e-09   6.445952e-09   5.317044e-09   6.451566e-09   6.879556e-09
Ti48  4.376171e-06   5.743681e-06   6.103562e-06   6.425681e-06   6.776850e-06   1.517555e-08   7.242806e-06   5.933483e-06   6.920237e-06   1.965240e-08   2.109174e-08   9.843741e-06   9.103067e-06   1.207349e-05   2.005352e-05   2.019635e-05   2.217588e-05   2.255736e-05   2.993380e-08   3.083335e-08   2.760518e-05   1.752643e-05   2.111816e-05   3.533753e-08   3.628070e-08   2.526670e-05   2.859375e-05   2.361416e-05   4.240937e-08   4.495328e-08   4.575514e-08   4.882859e-08   4.827058e-08   5.198091e-08   5.436608e-08   6.525183e-08   5.382399e-08   6.530867e-08   6.964117e-08
Ti49  1.865770e-07   2.389958e-07   2.470935e-07   2.695224e-07   2.505000e-07   1.136685e-09   3.001889e-07   2.596666e-07   2.616224e-07   1.472011e-09   1.579821e-09   7.319275e-07   6.451303e-07   5.865259e-07   8.557117e-07   8.286670e-07   7.916274e-07   7.851284e-07   2.242112e-09   2.309491e-09   1.265663e-06   9.053724e-07   9.784478e-07   2.646864e-09   2.717510e-09   1.170049e-06   1.100728e-06   1.125820e-06   3.176562e-09   3.367107e-09   3.427168e-09   3.657376e-09   3.615580e-09   3.893493e-09   4.072147e-09   4.887516e-09   4.031544e-09   4.891773e-09   5.216288e-09
Ti50  1.136295e-07   1.171961e-07   1.202121e-07   1.234254e-07   1.266184e-07   1.111804e-09   1.341091e-07   1.363531e-07   1.395009e-07   1.439790e-09   1.545240e-09   1.586474e-07   1.623202e-07   1.685120e-07   1.852639e-07   1.902973e-07   1.964724e-07   1.967118e-07   2.193034e-09   2.258938e-09   2.436417e-07   2.053660e-07   2.116704e-07   2.588927e-09   2.658026e-09   2.276886e-07   2.507867e-07   2.521934e-07   3.107030e-09   3.293404e-09   3.352150e-09   3.577320e-09   3.536438e-09   3.808268e-09   3.983012e-09   4.780533e-09   3.943298e-09   4.784697e-09   5.102108e-09
V50   7.454824e-10   8.557546e-10   9.043024e-10   9.694518e-10   9.005433e-10   5.992865e-12   1.024126e-09   1.049301e-09   9.741324e-10   7.760783e-12   8.329181e-12   1.009267e-08   8.574364e-09   3.547173e-09   3.024846e-09   2.916102e-09   2.906692e-09   2.411304e-09   1.182093e-11   1.217617e-11   9.072644e-09   5.986240e-09   2.287500e-08   1.395488e-11   1.432734e-11   2.675070e-08   5.445460e-09   7.803514e-09   1.674757e-11   1.775216e-11   1.806882e-11   1.928254e-11   1.906217e-11   2.052739e-11   2.146930e-11   2.576812e-11   2.125523e-11   2.579056e-11   2.750148e-11
V51   4.938947e-07   6.580142e-07   6.872216e-07   7.205601e-07   6.298296e-07   2.441811e-09   7.626104e-07   6.542361e-07   6.548046e-07   3.162155e-09   3.393751e-09   2.102099e-06   1.608909e-06   1.563229e-06   2.091197e-06   2.014195e-06   2.021986e-06   1.898645e-06   4.816476e-09   4.961218e-09   3.573876e-06   2.012334e-06   2.229217e-06   5.685959e-09   5.837720e-09   2.468312e-06   2.605633e-06   2.786748e-06   6.823849e-09   7.233174e-09   7.362197e-09   7.856729e-09   7.766942e-09   8.363950e-09   8.747734e-09   1.049930e-08   8.660511e-09   1.050844e-08   1.120556e-08
Cr50  6.512856e-07   7.942172e-07   8.380801e-07   8.884299e-07   8.352422e-07   4.974991e-09   9.224174e-07   8.325286e-07   8.834515e-07   6.442633e-09   6.914490e-09   1.092087e-05   5.140928e-06   3.969586e-06   4.171668e-06   3.934966e-06   4.056807e-06   3.519394e-06   9.813176e-09   1.010808e-08   1.272783e-05   4.183149e-06   3.289035e-06   1.158468e-08   1.189388e-08   4.018045e-06   4.977870e-06   6.212000e-06   1.390303e-08   1.473700e-08   1.499988e-08   1.600744e-08   1.582451e-08   1.704087e-08   1.782279e-08   2.139146e-08   1.764508e-08   2.141010e-08   2.283042e-08
Cr52  3.292387e-05   4.918708e-05   4.882388e-05   5.488552e-05   4.297163e-05   9.976478e-08   5.956419e-05   4.271616e-05   4.937000e-05   1.291958e-07   1.386580e-07   7.102356e-05   7.537975e-05   1.053170e-04   1.846844e-04   1.861149e-04   1.962594e-04   2.002264e-04   1.967861e-07   2.026999e-07   2.637110e-04   1.518137e-04   2.027526e-04   2.323105e-07   2.385110e-07   2.163212e-04   2.302350e-04   2.031841e-04   2.788011e-07   2.955249e-07   3.007964e-07   3.210014e-07   3.173330e-07   3.417249e-07   3.574051e-07   4.289685e-07   3.538414e-07   4.293421e-07   4.578242e-07
Cr53  2.623102e-06   3.631110e-06   3.613520e-06   4.029456e-06   3.331833e-06   1.152980e-08   4.229725e-06   3.353836e-06   3.561839e-06   1.493113e-08   1.602469e-08   6.720755e-06   6.401630e-06   7.845012e-06   1.325120e-05   1.355637e-05   1.377364e-05   1.361998e-05   2.274254e-08   2.342599e-08   2.187226e-05   1.062151e-05   1.424728e-05   2.684809e-08   2.756468e-08   1.471261e-05   1.534541e-05   1.408925e-05   3.222100e-08   3.415377e-08   3.476299e-08   3.709808e-08   3.667412e-08   3.949309e-08   4.130525e-08   4.957582e-08   4.089339e-08   4.961900e-08   5.291067e-08
Cr54  3.145330e-07   3.456156e-07   3.523264e-07   3.767317e-07   3.613273e-07   2.923879e-09   3.903569e-07   3.876294e-07   3.969601e-07   3.786435e-09   4.063753e-09   5.735385e-07   5.616442e-07   5.764790e-07   6.757554e-07   6.831113e-07   7.099941e-07   6.835401e-07   5.767355e-09   5.940673e-09   1.161860e-06   7.132893e-07   7.505384e-07   6.808494e-09   6.990216e-09   8.210144e-07   8.996676e-07   9.237152e-07   8.171028e-09   8.661164e-09   8.815659e-09   9.407822e-09   9.300309e-09   1.001518e-08   1.047473e-08   1.257209e-08   1.037029e-08   1.258304e-08   1.341779e-08
Mn55  1.560965e-05   2.081999e-05   2.349217e-05   2.217460e-05   2.018967e-05   8.722586e-08   2.385295e-05   2.093922e-05   2.071185e-05   1.129578e-07   1.212308e-07   3.638214e-05   3.394575e-05   3.924572e-05   5.814722e-05   5.885312e-05   6.368580e-05   5.958142e-05   1.720531e-07   1.772236e-07   1.009030e-04   5.009748e-05   6.115582e-05   2.031126e-07   2.085338e-07   6.428891e-05   6.673045e-05   6.555104e-05   2.437601e-07   2.583819e-07   2.629908e-07   2.806564e-07   2.774490e-07   2.987752e-07   3.124847e-07   3.750537e-07   3.093689e-07   3.753803e-07   4.002827e-07
Fe54  6.111021e-05   7.672689e-05   7.957108e-05   8.512448e-05   7.748061e-05   4.802437e-07   8.661263e-05   7.666074e-05   8.039640e-05   6.219175e-07   6.674666e-07   1.740954e-04   1.498085e-04   1.645220e-04   2.677567e-04   2.696760e-04   2.854112e-04   2.730942e-04   9.472813e-07   9.757485e-07   5.600206e-04   1.977308e-04   2.437748e-04   1.118287e-06   1.148135e-06   2.577748e-04   2.472268e-04   2.354192e-04   1.342082e-06   1.422586e-06   1.447962e-06   1.545224e-06   1.527565e-06   1.644982e-06   1.720462e-06   2.064952e-06   1.703308e-06   2.066750e-06   2.203856e-06
Fe56  2.570865e-03   4.743779e-03   5.124808e-03   5.209499e-03   4.278153e-03   7.817674e-06   5.526490e-03   3.635783e-03   4.832110e-03   1.012392e-05   1.086539e-05   5.934603e-03   5.603107e-03   7.259730e-03   1.378564e-02   1.513761e-02   1.619624e-02   1.570481e-02   1.542037e-05   1.588377e-05   1.948979e-02   1.098245e-02   1.398352e-02   1.820410e-05   1.868997e-05   1.547418e-02   1.719471e-02   1.339122e-02   2.184715e-05   2.315764e-05   2.357072e-05   2.515401e-05   2.486655e-05   2.677792e-05   2.800664e-05   3.361443e-05   2.772739e-05   3.364371e-05   3.587559e-05
Fe57  7.900447e-05   1.617020e-04   1.632982e-04   1.689885e-04   1.431236e-04   1.837821e-07   1.726163e-04   1.114357e-04   1.503940e-04   2.379985e-07   2.554295e-07   1.844835e-04   1.652298e-04   2.020536e-04   3.840679e-04   3.887515e-04   4.638718e-04   4.356494e-04   3.625104e-07   3.734043e-07   5.644581e-04   2.996612e-04   3.690613e-04   4.279517e-07   4.393739e-07   4.418879e-04   4.874309e-04   3.821973e-04   5.135946e-07   5.444024e-07   5.541132e-07   5.913340e-07   5.845762e-07   6.295098e-07   6.583951e-07   7.902261e-07   6.518303e-07   7.909143e-07   8.433827e-07
Fe58  3.168269e-06   7.363380e-06   4.765802e-06   1.116914e-05   4.427175e-06   2.487669e-08   5.701809e-06   4.453996e-06   5.207109e-06   3.221540e-08   3.457486e-08   6.317434e-06   6.703318e-06   7.364694e-06   1.098763e-05   1.156849e-05   1.275334e-05   1.267303e-05   4.906929e-08   5.054390e-08   2.115645e-05   1.151393e-05   1.362031e-05   5.792742e-08   5.947352e-08   1.601696e-05   1.985187e-05   1.973371e-05   6.952001e-08   7.369014e-08   7.500460e-08   8.004279e-08   7.912805e-08   8.521026e-08   8.912017e-08   1.069648e-07   8.823156e-08   1.070579e-07   1.141600e-07
Co59  5.350055e-06   1.095454e-05   1.105276e-05   1.732963e-05   8.409941e-06   2.329067e-08   1.046519e-05   7.423547e-06   8.398235e-06   3.016151e-08   3.237054e-08   1.271412e-05   1.157295e-05   1.301936e-05   1.966615e-05   2.491922e-05   2.123211e-05   2.149595e-05   4.594088e-08   4.732147e-08   3.246852e-05   1.805835e-05   1.958043e-05   5.423425e-08   5.568179e-08   2.384653e-05   2.341697e-05   2.685554e-05   6.508776e-08   6.899203e-08   7.022268e-08   7.493966e-08   7.408325e-08   7.977768e-08   8.343831e-08   1.001452e-07   8.260635e-08   1.002324e-07   1.068818e-07
Ni58  6.988794e-05   3.396769e-04   1.981014e-04   5.064879e-04   1.287664e-04   3.351112e-07   2.334481e-04   8.955453e-05   1.364535e-04   4.339703e-07   4.657542e-07   1.047928e-04   9.623258e-05   9.182762e-05   1.464796e-04   1.342893e-04   1.758711e-04   1.874528e-04   6.610073e-07   6.808715e-07   3.582431e-04   1.037756e-04   1.696256e-04   7.803341e-07   8.011616e-07   1.972917e-04   1.442868e-04   1.622551e-04   9.364967e-07   9.926721e-07   1.010379e-06   1.078248e-06   1.065926e-06   1.147858e-06   1.200528e-06   1.440911e-06   1.188558e-06   1.442166e-06   1.537838e-06
Ni60  6.616354e-05   1.201870e-04   1.347703e-04   1.394137e-04   1.282835e-04   1.335302e-07   1.473134e-04   1.011361e-04   1.351691e-04   1.729222e-07   1.855870e-07   1.608988e-04   1.425149e-04   1.846922e-04   3.616546e-04   4.050183e-04   4.231414e-04   4.128642e-04   2.633885e-07   2.713038e-07   4.991879e-04   2.920471e-04   3.541401e-04   3.109362e-07   3.192352e-07   4.046426e-04   4.792063e-04   3.579812e-04   3.731616e-07   3.955455e-07   4.026011e-07   4.296445e-07   4.247345e-07   4.573819e-07   4.783690e-07   5.741532e-07   4.735993e-07   5.746533e-07   6.127751e-07
Ni61  3.278339e-06   7.769208e-06   7.055773e-06   1.020405e-05   6.471546e-06   5.901346e-09   7.594992e-06   4.762426e-06   6.541621e-06   7.642265e-09   8.201984e-09   6.984911e-06   6.275952e-06   7.425172e-06   1.440950e-05   1.382499e-05   1.694838e-05   1.652179e-05   1.164041e-08   1.199022e-08   2.193655e-05   1.116489e-05   1.454100e-05   1.374177e-08   1.410854e-08   1.759739e-05   1.923561e-05   1.544005e-05   1.649181e-08   1.748107e-08   1.779289e-08   1.898807e-08   1.877107e-08   2.021391e-08   2.114144e-08   2.537460e-08   2.093064e-08   2.539670e-08   2.708149e-08
Ni62  1.343726e-05   5.465104e-05   3.779781e-05   7.066750e-05   2.880896e-05   1.912405e-08   4.453742e-05   1.879670e-05   2.885283e-05   2.476571e-08   2.657955e-08   2.537969e-05   2.205273e-05   2.340489e-05   4.977110e-05   4.312075e-05   5.806187e-05   5.783507e-05   3.772220e-08   3.885581e-08   9.046591e-05   3.241306e-05   4.840835e-05   4.453192e-08   4.572049e-08   5.954937e-05   5.326268e-05   5.010996e-05   5.344376e-08   5.664957e-08   5.766006e-08   6.153319e-08   6.082998e-08   6.550570e-08   6.851146e-08   8.222956e-08   6.782833e-08   8.230117e-08   8.776094e-08
Ni64  5.292303e-07   5.539693e-07   5.673627e-07   6.302381e-07   6.002700e-07   5.027590e-09   6.351406e-07   6.365018e-07   6.598515e-07   6.510748e-09   6.987594e-09   8.730705e-07   8.972596e-07   9.283793e-07   1.079276e-06   1.120685e-06   1.193932e-06   1.182240e-06   9.916927e-09   1.021494e-08   1.535620e-06   1.232230e-06   1.315876e-06   1.170716e-08   1.201963e-08   1.455673e-06   1.661558e-06   1.743307e-06   1.405003e-08   1.489281e-08   1.515846e-08   1.617668e-08   1.599182e-08   1.722103e-08   1.801123e-08   2.161763e-08   1.783164e-08   2.163646e-08   2.307179e-08
Cu63  7.782095e-07   1.617782e-06   1.228740e-06   3.242331e-06   1.093756e-06   4.066941e-09   1.258502e-06   1.036026e-06   1.158152e-06   5.266704e-09   5.652437e-09   1.515942e-06   1.456336e-06   1.856990e-06   2.388264e-06   3.037648e-06   2.890351e-06   2.635147e-06   8.022046e-09   8.263120e-09   3.399616e-06   2.968825e-06   2.716284e-06   9.470207e-09   9.722971e-09   3.199422e-06   3.851682e-06   3.410071e-06   1.136541e-08   1.204716e-08   1.226205e-08   1.308572e-08   1.293617e-08   1.393052e-08   1.456972e-08   1.748703e-08   1.442445e-08   1.750226e-08   1.866334e-08
Cu65  2.384106e-07   3.600872e-07   3.153354e-07   4.984485e-07   3.141626e-07   1.869898e-09   3.507332e-07   3.112851e-07   3.333710e-07   2.421524e-09   2.598877e-09   3.661160e-07   3.696470e-07   3.847324e-07   4.968423e-07   5.166497e-07   5.645010e-07   5.757302e-07   3.688375e-09   3.799216e-09   7.616132e-07   5.377293e-07   6.694773e-07   4.354211e-09   4.470426e-09   7.688363e-07   7.730969e-07   7.676266e-07   5.225587e-09   5.539042e-09   5.637845e-09   6.016549e-09   5.947792e-09   6.404971e-09   6.698866e-09   8.040184e-09   6.632072e-09   8.047187e-09   8.581028e-09
Zn64  1.318697e-06   2.009048e-06   2.209401e-06   8.919292e-06   2.084567e-06   6.916637e-09   3.024394e-06   2.844521e-06   2.231871e-06   8.957071e-09   9.613086e-09   2.605000e-06   2.327526e-06   3.972623e-06   5.540929e-06   1.163339e-05   6.952921e-06   6.940180e-06   1.364307e-08   1.405307e-08   9.213612e-06   7.146424e-06   8.544061e-06   1.610596e-08   1.653583e-08   6.856935e-06   1.151166e-05   6.407048e-06   1.932913e-08   2.048858e-08   2.085405e-08   2.225485e-08   2.200052e-08   2.369160e-08   2.477870e-08   2.974015e-08   2.453163e-08   2.976605e-08   3.174070e-08
Zn66  7.002530e-07   1.567045e-06   1.263548e-06   1.379241e-06   1.122987e-06   4.022616e-09   1.454715e-06   9.267547e-07   1.150345e-06   5.209303e-09   5.590832e-09   1.155519e-06   1.072675e-06   1.148718e-06   1.791006e-06   1.711808e-06   2.027530e-06   2.013742e-06   7.934615e-09   8.173061e-09   2.828857e-06   1.604681e-06   1.972069e-06   9.366993e-09   9.617002e-09   2.401689e-06   2.323113e-06   2.350243e-06   1.124154e-08   1.191586e-08   1.212841e-08   1.294310e-08   1.279518e-08   1.377869e-08   1.441093e-08   1.729644e-08   1.426724e-08   1.731151e-08   1.845993e-08
Zn67  6.268748e-08   8.066298e-08   7.038105e-08   1.368634e-07   7.222297e-08   5.949585e-10   8.052801e-08   7.779763e-08   7.950697e-08   7.704735e-10   8.269029e-10   8.699094e-08   8.837960e-08   9.251542e-08   1.043918e-07   1.139093e-07   1.107810e-07   1.167599e-07   1.173556e-09   1.208823e-09   1.528636e-07   1.154550e-07   1.229621e-07   1.385410e-09   1.422387e-09   1.227378e-07   1.401130e-07   1.413283e-07   1.662662e-09   1.762396e-09   1.793833e-09   1.914328e-09   1.892451e-09   2.037915e-09   2.131425e-09   2.558202e-09   2.110173e-09   2.560430e-09   2.730286e-09
Zn68  2.813281e-07   3.063155e-07   3.028780e-07   7.733044e-07   3.124692e-07   2.757258e-09   3.425920e-07   3.542429e-07   3.424348e-07   3.570659e-09   3.832174e-09   3.892914e-07   3.987631e-07   4.128793e-07   4.425176e-07   4.924707e-07   4.538393e-07   4.637966e-07   5.438694e-09   5.602135e-09   5.769234e-07   5.103909e-07   5.401082e-07   6.420502e-09   6.591868e-09   5.412934e-07   5.886440e-07   6.058654e-07   7.705390e-09   8.167595e-09   8.313286e-09   8.871704e-09   8.770318e-09   9.444451e-09   9.877813e-09   1.185565e-08   9.779322e-09   1.186598e-08   1.265316e-08
Zn70  9.615844e-09   9.900195e-09   1.014965e-08   1.041077e-08   1.072861e-08   9.394716e-11   1.170505e-08   1.128789e-08   1.199517e-08   1.216619e-10   1.305724e-10   1.238147e-08   1.262390e-08   1.290279e-08   1.514027e-08   1.602683e-08   1.677419e-08   1.762562e-08   1.853109e-10   1.908797e-10   1.500173e-08   1.478801e-08   1.524615e-08   2.187637e-10   2.246026e-10   1.576578e-08   1.611548e-08   1.597556e-08   2.625433e-10   2.782918e-10   2.832559e-10   3.022827e-10   2.988282e-10   3.217977e-10   3.365635e-10   4.039539e-10   3.332077e-10   4.043057e-10   4.311269e-10
Ga69  2.713102e-08   2.853045e-08   2.888009e-08   3.833050e-08   3.048897e-08   2.615920e-10   3.243683e-08   3.269646e-08   3.388876e-08   3.387626e-10   3.635735e-10   3.900089e-08   4.029692e-08   4.045023e-08   4.564279e-08   4.745641e-08   4.897452e-08   4.949993e-08   5.159904e-10   5.314967e-10   5.891352e-08   5.231909e-08   5.717039e-08   6.091384e-10   6.253966e-10   6.499281e-08   6.281630e-08   7.019371e-08   7.310409e-10   7.748921e-10   7.887143e-10   8.416936e-10   8.320747e-10   8.960324e-10   9.371472e-10   1.124793e-09   9.278030e-10   1.125773e-09   1.200455e-09
Ga71  1.826337e-08   1.904565e-08   1.931693e-08   2.170423e-08   2.031279e-08   1.786475e-10   2.151475e-08   2.189223e-08   2.227553e-08   2.313491e-10   2.482931e-10   2.514549e-08   2.568996e-08   2.645275e-08   2.887500e-08   2.979692e-08   3.085436e-08   3.125124e-08   3.523823e-10   3.629719e-10   3.760713e-08   3.199508e-08   3.350684e-08   4.159953e-10   4.270984e-10   3.616918e-08   3.894050e-08   4.082356e-08   4.992455e-10   5.291925e-10   5.386320e-10   5.748129e-10   5.682439e-10   6.119222e-10   6.400005e-10   7.681482e-10   6.336191e-10   7.688173e-10   8.198197e-10
Ge70  3.141239e-08   3.412506e-08   3.431498e-08   3.515101e-08   3.571487e-08   3.014234e-10   3.804799e-08   3.779211e-08   3.892381e-08   3.903444e-10   4.189332e-10   4.966988e-08   5.085185e-08   5.011820e-08   5.168982e-08   5.266382e-08   5.470977e-08   5.505813e-08   5.945579e-10   6.124252e-10   6.800515e-08   7.329687e-08   7.342025e-08   7.018891e-10   7.206228e-10   9.150366e-08   8.908213e-08   1.235181e-07   8.423531e-10   8.928813e-10   9.088082e-10   9.698544e-10   9.587709e-10   1.032467e-09   1.079842e-09   1.296060e-09   1.069075e-09   1.297189e-09   1.383243e-09
Ge72  4.213564e-08   4.390590e-08   4.441406e-08   5.925860e-08   4.665766e-08   4.145587e-10   4.914901e-08   5.029383e-08   5.101977e-08   5.368551e-10   5.761743e-10   5.833351e-08   5.978262e-08   6.072790e-08   6.344677e-08   6.518695e-08   6.707789e-08   6.744878e-08   8.177175e-10   8.422911e-10   7.644044e-08   7.457663e-08   7.834666e-08   9.653341e-10   9.910993e-10   8.533846e-08   8.588368e-08   9.301864e-08   1.158519e-09   1.228013e-09   1.249918e-09   1.333877e-09   1.318633e-09   1.419990e-09   1.485147e-09   1.782519e-09   1.470339e-09   1.784072e-09   1.902425e-09
Ge73  1.211984e-08   1.287513e-08   1.278239e-08   1.357285e-08   1.345123e-08   1.188430e-10   1.413470e-08   1.442987e-08   1.473632e-08   1.539022e-10   1.651740e-10   1.641800e-08   1.677573e-08   1.729129e-08   1.867869e-08   1.922637e-08   2.003260e-08   2.043435e-08   2.344180e-10   2.414626e-10   2.309382e-08   2.056008e-08   2.092987e-08   2.767358e-10   2.841220e-10   2.220914e-08   2.415777e-08   2.435496e-08   3.321169e-10   3.520388e-10   3.583184e-10   3.823872e-10   3.780173e-10   4.070737e-10   4.257525e-10   5.110012e-10   4.215073e-10   5.114463e-10   5.453751e-10
Ge74  5.750052e-08   5.908812e-08   6.044127e-08   6.201085e-08   6.351138e-08   5.669961e-10   6.665988e-08   6.817989e-08   6.941584e-08   7.342621e-10   7.880394e-10   7.709301e-08   7.873016e-08   8.034901e-08   8.309116e-08   8.459288e-08   8.662450e-08   8.765799e-08   1.118401e-09   1.152010e-09   9.745035e-08   9.411978e-08   9.647206e-08   1.320297e-09   1.355537e-09   1.020074e-07   1.051495e-07   1.074188e-07   1.584519e-09   1.679565e-09   1.709525e-09   1.824357e-09   1.803508e-09   1.942135e-09   2.031251e-09   2.437970e-09   2.010997e-09   2.440093e-09   2.601966e-09
