# Cinquegrana, Heger & Karakas 2025
M      10.5   10.8   11.0   11.3   11.5   11.8   12.0   12.3   12.5   12.8   13.0   13.3   13.5   13.8   14.0   14.3   14.5   14.8   15.0   15.3   15.5   15.8   16.0   16.3   16.5   16.8   17.0   17.3   17.5   17.8   18.0   18.3   18.5   18.8   19.0   19.3   19.5   19.8   20.0
E      1.0   1.0   1.0   1.0   1.0   1.0   1.0   1.0   1.0   1.0   1.0   1.0   1.0   1.0   1.0   1.0   1.0   1.0   1.0   1.0   1.0   1.0   1.0   1.0   1.0   1.0   1.0   1.0   1.0   1.0   1.0   1.0   1.0   1.0   1.0   1.0   1.0   1.0   1.0
Mrem   1.582   1.599   1.556   1.632   1.537   1.555   1.591   1.634   12.434   12.680   1.438   1.462   1.489   1.520   1.553   1.581   1.622   14.649   14.895   1.482   1.543   1.653   1.511   1.726   1.664   1.636   1.586   17.107   17.350   17.594   17.822   18.079   18.324   18.564   18.804   19.044   19.299   19.530   19.786
H1    6.421271e+00   6.544930e+00   6.655696e+00   6.826027e+00   6.956982e+00   7.099487e+00   7.264533e+00   7.406863e+00   4.943972e-02   5.231127e-02   7.501297e+00   7.624875e+00   7.756183e+00   7.882918e+00   7.993828e+00   8.116241e+00   8.265174e+00   7.577565e-02   7.875605e-02   8.307511e+00   8.488687e+00   8.675963e+00   8.207497e+00   8.914042e+00   8.915731e+00   8.935957e+00   8.951014e+00   1.072651e-01   1.124226e-01   1.172411e-01   1.335635e-01   1.288053e-01   1.322376e-01   1.396627e-01   1.473206e-01   1.547888e-01   1.513074e-01   1.656586e-01   1.607266e-01
H2    4.121115e-08   4.312729e-08   4.544736e-08   4.652696e-08   4.921626e-08   5.074538e-08   5.178119e-08   5.463066e-08   3.720339e-08   3.829588e-08   5.538731e-08   5.910626e-08   6.218422e-08   6.122078e-08   6.121518e-08   6.280731e-08   6.469658e-08   4.726655e-08   4.844510e-08   6.596658e-08   7.003055e-08   6.999401e-08   7.338320e-08   7.302104e-08   7.381485e-08   7.479656e-08   7.967143e-08   5.919485e-08   6.049829e-08   6.170513e-08   6.315252e-08   6.441945e-08   6.551227e-08   6.692974e-08   6.821627e-08   6.949039e-08   7.075768e-08   7.209154e-08   7.343703e-08
He3   3.369783e-04   3.395001e-04   3.413796e-04   3.467358e-04   3.501494e-04   3.538913e-04   3.593346e-04   3.633069e-04   4.967682e-06   5.264494e-06   3.592339e-04   3.626887e-04   3.661547e-04   3.700579e-04   3.733072e-04   3.762505e-04   3.813507e-04   7.718010e-06   8.040854e-06   3.767496e-04   3.830488e-04   3.898464e-04   3.670512e-04   3.969508e-04   3.955102e-04   3.948039e-04   3.938510e-04   1.108112e-05   1.162244e-05   1.212652e-05   1.381016e-05   1.333493e-05   1.370596e-05   1.448694e-05   1.527420e-05   1.605426e-05   1.573472e-05   1.721767e-05   1.671851e-05
He4   2.440728e+00   2.531445e+00   2.648824e+00   2.719109e+00   2.850889e+00   2.940590e+00   3.025894e+00   3.097761e+00   1.632082e-02   1.727087e-02   3.780375e+00   3.869073e+00   3.960349e+00   4.051086e+00   4.147729e+00   4.235916e+00   4.308852e+00   2.500740e-02   2.599049e-02   4.788522e+00   4.861241e+00   4.906520e+00   4.874394e+00   5.086423e+00   5.258079e+00   5.377959e+00   5.484388e+00   3.536746e-02   3.706526e-02   3.865605e-02   4.404268e-02   4.246381e-02   4.359277e-02   4.603885e-02   4.856926e-02   5.103090e-02   4.986367e-02   5.460059e-02   5.296771e-02
Li6   1.143575e-12   1.177867e-12   1.238950e-12   1.280661e-12   1.293307e-12   1.354538e-12   1.497247e-12   1.353345e-12   9.793055e-13   9.964213e-13   1.481355e-12   1.360243e-12   1.370713e-12   1.428353e-12   1.597678e-12   1.594435e-12   1.882550e-12   1.120871e-12   1.138394e-12   1.463116e-12   1.503948e-12   1.628479e-12   1.386738e-12   1.717830e-12   1.669944e-12   1.706213e-12   1.577331e-12   1.266539e-12   1.281330e-12   1.291314e-12   1.311605e-12   1.327223e-12   1.336321e-12   1.355646e-12   1.368789e-12   1.383829e-12   1.397919e-12   1.413473e-12   1.428244e-12
Li7   2.066024e-08   2.586779e-08   3.577047e-08   3.419501e-08   4.748137e-08   4.996351e-08   4.438450e-08   5.145061e-08   1.879638e-10   1.976203e-10   1.086825e-07   8.777287e-08   8.999775e-08   8.466311e-08   8.470860e-08   8.173100e-08   7.399221e-08   2.631549e-10   2.703154e-10   1.096050e-07   1.090735e-07   9.561913e-08   1.392546e-07   9.381872e-08   1.022534e-07   1.052582e-07   1.340646e-07   3.174887e-10   3.221125e-10   3.260228e-10   3.324600e-10   3.356929e-10   3.383615e-10   3.431512e-10   3.465985e-10   3.504046e-10   3.537709e-10   3.575862e-10   3.611615e-10
Be9   1.299456e-12   1.362485e-12   1.520181e-12   1.518151e-12   1.632780e-12   1.717103e-12   1.833135e-12   1.645657e-12   3.441429e-13   3.649937e-13   2.073797e-12   1.645357e-12   1.645835e-12   1.730060e-12   2.623995e-12   2.710194e-12   3.646730e-12   5.387320e-13   5.617634e-13   1.925421e-12   1.748096e-12   1.987305e-12   1.579161e-12   2.227173e-12   2.043574e-12   2.278207e-12   1.915671e-12   7.746796e-13   8.085027e-13   8.412621e-13   9.389762e-13   9.184967e-13   9.385662e-13   9.838728e-13   1.025896e-12   1.064471e-12   1.057843e-12   1.122508e-12   1.108527e-12
B10   2.559187e-11   2.639468e-11   2.744688e-11   2.802132e-11   2.934838e-11   3.024007e-11   3.063420e-11   3.105516e-11   2.160309e-12   2.291626e-12   3.676022e-11   3.621470e-11   3.555818e-11   3.651585e-11   3.627106e-11   3.635360e-11   3.806481e-11   3.385866e-12   3.535356e-12   3.975357e-11   3.930872e-11   3.863772e-11   3.647221e-11   3.893132e-11   3.983157e-11   4.259783e-11   4.070190e-11   4.917589e-12   5.163247e-12   5.385862e-12   6.119078e-12   5.933887e-12   6.105202e-12   6.452508e-12   6.809758e-12   7.157009e-12   7.040216e-12   7.694080e-12   7.487455e-12
B11   1.502041e-08   1.768568e-08   2.759250e-08   2.634774e-08   3.154362e-08   3.997018e-08   4.903093e-08   2.634311e-08   9.593646e-12   1.017845e-11   1.709162e-07   1.242718e-07   1.342281e-07   1.619948e-07   1.670648e-07   1.591652e-07   2.384011e-07   1.504004e-11   1.569962e-11   2.480653e-07   2.079712e-07   2.363852e-07   2.241195e-07   2.650917e-07   2.771243e-07   3.844985e-07   2.514664e-07   2.186909e-11   2.294292e-11   2.394378e-11   2.719177e-11   2.638602e-11   2.715092e-11   2.869305e-11   3.027215e-11   3.183417e-11   3.131654e-11   3.420659e-11   3.331164e-11
C12   4.062536e-03   4.863729e-03   7.248021e-03   7.028343e-03   9.546402e-03   1.083854e-02   1.112144e-02   1.065702e-02   6.845516e-06   7.255825e-06   5.249777e-02   4.820584e-02   5.000294e-02   5.176085e-02   5.591145e-02   5.722645e-02   6.347665e-02   1.063675e-05   1.108043e-05   1.014634e-01   9.115072e-02   8.488016e-02   1.080071e-01   8.838608e-02   1.028869e-01   1.274119e-01   1.325541e-01   1.525092e-05   1.599051e-05   1.668317e-05   1.899472e-05   1.833786e-05   1.884062e-05   1.990927e-05   2.099227e-05   2.205841e-05   2.160471e-05   2.364124e-05   2.295207e-05
C13   2.723819e-05   2.790835e-05   2.855824e-05   2.933349e-05   3.009188e-05   3.081550e-05   3.167608e-05   3.228766e-05   9.267265e-08   9.820964e-08   3.527164e-05   3.618870e-05   3.713200e-05   3.782094e-05   3.674574e-05   3.729325e-05   3.840110e-05   1.376885e-07   1.416036e-07   3.983353e-05   4.179482e-05   4.131793e-05   4.313549e-05   4.311575e-05   4.315512e-05   4.467084e-05   4.684839e-05   1.841358e-07   1.918111e-07   1.998418e-07   2.296486e-07   2.186980e-07   2.227014e-07   2.341449e-07   2.479447e-07   2.603467e-07   2.486165e-07   2.739260e-07   2.635930e-07
N14   1.104696e-03   1.147804e-03   1.193018e-03   1.228138e-03   1.284825e-03   1.326707e-03   1.370520e-03   1.405654e-03   2.276807e-06   2.394015e-06   1.629968e-03   1.658524e-03   1.690034e-03   1.737329e-03   1.771242e-03   1.807277e-03   1.849895e-03   3.300903e-06   3.400742e-06   1.951935e-03   2.014064e-03   2.052380e-03   1.981643e-03   2.128049e-03   2.177379e-03   2.208193e-03   2.209723e-03   4.421363e-06   4.625590e-06   4.817102e-06   5.501181e-06   5.277839e-06   5.401694e-06   5.691758e-06   6.017353e-06   6.319757e-06   6.119562e-06   6.718362e-06   6.498095e-06
N15   6.800151e-07   8.502097e-07   1.090041e-06   1.069612e-06   1.484358e-06   1.629919e-06   1.421535e-06   1.649302e-06   4.614918e-09   4.892082e-09   4.767713e-06   5.175933e-06   5.495011e-06   5.901864e-06   6.555320e-06   6.496420e-06   5.119090e-06   7.195175e-09   7.500406e-09   1.309981e-05   1.085716e-05   9.167252e-06   1.250959e-05   8.838556e-06   1.146648e-05   1.335056e-05   1.691652e-05   1.036883e-08   1.087791e-08   1.134821e-08   1.291158e-08   1.248247e-08   1.283555e-08   1.356701e-08   1.429973e-08   1.502861e-08   1.475130e-08   1.612692e-08   1.567405e-08
O16   1.109163e-02   1.426379e-02   1.962619e-02   2.013327e-02   2.863678e-02   3.179468e-02   3.059579e-02   3.489814e-02   1.723884e-05   1.824144e-05   1.390742e-01   1.572419e-01   1.709871e-01   1.750761e-01   1.788899e-01   1.871791e-01   1.737446e-01   2.644936e-05   2.749205e-05   4.275666e-01   3.903685e-01   3.293284e-01   5.179304e-01   3.385392e-01   4.415806e-01   5.247484e-01   6.808770e-01   3.746969e-05   3.927267e-05   4.095510e-05   4.665609e-05   4.499785e-05   4.619842e-05   4.879379e-05   5.146682e-05   5.407623e-05   5.286841e-05   5.787985e-05   5.615970e-05
O17   1.384736e-05   1.338926e-05   1.362389e-05   1.340568e-05   1.325848e-05   1.320419e-05   1.274424e-05   1.295399e-05   1.005081e-08   1.018896e-08   1.289089e-05   1.179291e-05   1.133113e-05   1.119870e-05   1.215478e-05   1.203223e-05   1.162173e-05   1.178836e-08   1.186653e-08   1.269150e-05   1.079652e-05   1.024961e-05   9.703229e-06   1.047789e-05   1.081223e-05   1.240081e-05   1.130691e-05   1.436532e-08   1.502043e-08   1.565351e-08   1.784883e-08   1.709842e-08   1.747057e-08   1.840196e-08   1.947293e-08   2.044338e-08   1.976887e-08   2.170234e-08   2.098952e-08
O18   3.955175e-06   4.331084e-06   5.157753e-06   5.165663e-06   6.090981e-06   6.479373e-06   6.467583e-06   6.586214e-06   3.581661e-08   3.795791e-08   2.573535e-05   3.842160e-05   4.448831e-05   4.652364e-05   4.351422e-05   3.997830e-05   3.963033e-05   5.552402e-08   5.781170e-08   6.885523e-05   5.900556e-05   4.794433e-05   6.666125e-05   3.244051e-05   4.805460e-05   4.852847e-05   4.956215e-05   7.937925e-08   8.321600e-08   8.680664e-08   9.886139e-08   9.540078e-08   9.799297e-08   1.035312e-07   1.091742e-07   1.147238e-07   1.122775e-07   1.228886e-07   1.192756e-07
F19   2.597376e-07   3.184446e-07   3.575953e-07   3.609420e-07   5.625137e-07   5.795517e-07   3.312837e-07   5.993123e-07   1.561510e-09   1.652852e-09   8.305205e-07   3.262117e-07   3.454756e-07   5.084072e-07   1.812461e-06   1.813907e-06   7.743316e-07   2.400595e-09   2.495729e-09   4.907379e-06   4.092047e-07   6.010798e-07   6.532768e-07   5.955848e-07   5.868513e-07   1.693582e-06   5.949861e-07   3.403975e-09   3.567843e-09   3.720632e-09   4.238511e-09   4.088080e-09   4.197273e-09   4.433098e-09   4.675816e-09   4.912903e-09   4.803568e-09   5.258777e-09   5.102616e-09
Ne20  2.080869e-03   2.578643e-03   3.462132e-03   3.422310e-03   5.100665e-03   5.432638e-03   4.094748e-03   5.288300e-03   5.301438e-06   5.609418e-06   1.598837e-02   4.890370e-03   5.397380e-03   9.824825e-03   2.773238e-02   2.907802e-02   1.985895e-02   8.125488e-06   8.445131e-06   7.479172e-02   5.692189e-03   1.351527e-02   1.316877e-02   1.347025e-02   1.266650e-02   4.085444e-02   1.029171e-02   1.150152e-05   1.205445e-05   1.257118e-05   1.432157e-05   1.381102e-05   1.417898e-05   1.497508e-05   1.579639e-05   1.659715e-05   1.622326e-05   1.776224e-05   1.723319e-05
Ne21  4.550855e-06   4.960266e-06   5.525136e-06   5.741678e-06   7.774373e-06   8.758893e-06   7.757815e-06   7.113002e-06   1.357665e-08   1.435019e-08   2.160453e-05   1.331821e-05   1.379430e-05   1.630100e-05   2.951638e-05   3.165849e-05   2.507242e-05   2.058782e-08   2.138318e-08   5.279093e-05   1.955907e-05   2.515626e-05   2.503207e-05   2.815850e-05   3.127726e-05   5.328344e-05   2.999596e-05   2.901507e-08   3.040793e-08   3.171198e-08   3.612716e-08   3.483176e-08   3.575517e-08   3.776144e-08   3.983474e-08   4.185381e-08   4.089856e-08   4.478151e-08   4.344420e-08
Ne22  4.737355e-05   5.045577e-05   5.565474e-05   5.682976e-05   6.435443e-05   6.763806e-05   6.689317e-05   7.264712e-05   4.126266e-07   4.369435e-07   1.789515e-04   1.741414e-04   2.008309e-04   2.007141e-04   2.259637e-04   2.482531e-04   2.507703e-04   6.358123e-07   6.612151e-07   4.608772e-04   4.346572e-04   4.165132e-04   5.143611e-04   4.804244e-04   5.263522e-04   6.124453e-04   6.855336e-04   9.028773e-07   9.463611e-07   9.869154e-07   1.124269e-06   1.084432e-06   1.113458e-06   1.176058e-06   1.240412e-06   1.303322e-06   1.274455e-06   1.395195e-06   1.353806e-06
Na23  4.439173e-05   4.948133e-05   5.399099e-05   5.721073e-05   7.096784e-05   7.692975e-05   6.349227e-05   8.432580e-05   9.275182e-08   9.792164e-08   1.531660e-04   7.543781e-05   8.265239e-05   1.058341e-04   2.289208e-04   2.372734e-04   1.457373e-04   1.380400e-07   1.429475e-07   5.445139e-04   1.024525e-04   1.034528e-04   1.683816e-04   1.184482e-04   1.115848e-04   3.573272e-04   1.447046e-04   1.900656e-07   1.989442e-07   2.076010e-07   2.367218e-07   2.275439e-07   2.333168e-07   2.461950e-07   2.601117e-07   2.732633e-07   2.656101e-07   2.913226e-07   2.821218e-07
Mg24  7.118445e-04   8.483460e-04   1.169023e-03   1.086346e-03   1.404446e-03   1.380421e-03   1.527420e-03   1.859937e-03   1.267666e-06   1.341342e-06   2.664323e-03   1.996736e-03   2.136163e-03   2.353434e-03   6.451220e-03   6.828698e-03   4.081638e-03   1.942846e-06   2.019269e-06   1.409208e-02   5.241336e-03   5.743269e-03   6.086026e-03   3.502115e-03   5.462978e-03   5.877809e-03   7.134388e-03   2.749587e-06   2.881737e-06   3.005312e-06   3.423892e-06   3.301640e-06   3.389549e-06   3.579857e-06   3.776373e-06   3.967765e-06   3.877922e-06   4.245978e-06   4.119333e-06
Mg25  2.755723e-05   3.003525e-05   3.524797e-05   3.496193e-05   4.001060e-05   4.130791e-05   3.908549e-05   4.034861e-05   1.668526e-07   1.765488e-07   9.353987e-05   6.390763e-05   6.614315e-05   7.977686e-05   1.558323e-04   1.576160e-04   1.060076e-04   2.559389e-07   2.660247e-07   2.772216e-04   8.581211e-05   1.091289e-04   1.060873e-04   1.078330e-04   1.119045e-04   1.661057e-04   1.179646e-04   3.625438e-07   3.799877e-07   3.962664e-07   4.514283e-07   4.353809e-07   4.469961e-07   4.721067e-07   4.979711e-07   5.232177e-07   5.115273e-07   5.600169e-07   5.433720e-07
Mg26  3.275733e-05   3.594249e-05   3.973240e-05   3.996950e-05   4.699292e-05   4.684780e-05   3.846448e-05   4.831114e-05   1.914442e-07   2.025526e-07   8.528245e-05   4.962079e-05   5.337727e-05   6.901632e-05   1.480421e-04   1.509808e-04   8.223527e-05   2.932227e-07   3.047410e-07   3.260365e-04   6.667132e-05   7.717162e-05   8.914070e-05   8.161264e-05   8.053621e-05   1.435880e-04   9.475670e-05   4.149206e-07   4.348656e-07   4.535043e-07   5.166410e-07   4.982251e-07   5.114974e-07   5.402128e-07   5.698372e-07   5.987210e-07   5.852413e-07   6.407538e-07   6.216731e-07
Al27  3.850969e-05   4.449817e-05   5.395664e-05   5.273456e-05   6.328021e-05   6.232416e-05   7.036716e-05   8.527579e-05   1.443187e-07   1.527229e-07   1.194523e-04   1.570914e-04   1.777398e-04   1.497811e-04   2.298003e-04   2.363857e-04   1.095360e-04   2.211223e-07   2.298095e-07   4.054634e-04   4.022190e-04   4.376639e-04   4.716815e-04   2.725414e-04   4.401726e-04   2.850662e-04   5.996856e-04   3.126578e-07   3.276617e-07   3.417305e-07   3.893505e-07   3.753787e-07   3.853518e-07   4.069681e-07   4.293481e-07   4.511098e-07   4.407483e-07   4.826337e-07   4.681848e-07
Si28  1.282502e-03   1.433207e-03   2.215294e-03   2.023098e-03   2.405928e-03   2.677287e-03   3.009539e-03   2.138020e-03   1.683765e-06   1.781615e-06   2.699127e-02   3.128256e-02   2.792904e-02   2.436078e-02   1.251726e-02   1.209427e-02   1.579067e-02   2.580501e-06   2.681985e-06   1.764867e-02   4.842574e-02   4.095742e-02   5.722085e-02   3.887656e-02   4.838691e-02   4.304473e-02   7.269532e-02   3.652040e-06   3.827564e-06   3.991673e-06   4.547523e-06   4.385264e-06   4.502053e-06   4.754798e-06   5.015667e-06   5.269917e-06   5.150888e-06   5.639630e-06   5.471540e-06
Si29  1.800376e-05   1.938952e-05   2.368010e-05   2.277103e-05   2.546808e-05   2.649475e-05   2.848232e-05   2.640815e-05   8.855132e-08   9.369737e-08   5.069396e-05   1.136872e-04   1.102152e-04   7.817112e-05   5.965773e-05   6.533799e-05   5.213655e-05   1.357117e-07   1.410489e-07   7.301502e-05   2.567557e-04   3.442922e-04   2.150554e-04   2.334381e-04   3.243590e-04   1.450201e-04   3.287607e-04   1.920654e-07   2.012965e-07   2.099272e-07   2.391599e-07   2.306266e-07   2.367687e-07   2.500609e-07   2.637803e-07   2.771516e-07   2.708920e-07   2.965954e-07   2.877555e-07
Si30  1.419546e-05   1.548258e-05   1.899806e-05   1.847380e-05   1.930319e-05   1.969118e-05   2.449770e-05   2.553294e-05   6.038137e-08   6.389028e-08   2.611183e-05   8.126575e-05   9.378446e-05   5.481118e-05   4.813147e-05   5.327644e-05   2.727414e-05   9.253941e-08   9.617873e-08   5.374276e-05   2.254699e-04   3.021967e-04   2.395113e-04   1.704974e-04   2.856195e-04   8.489356e-05   3.369257e-04   1.309672e-07   1.372619e-07   1.431470e-07   1.630803e-07   1.572619e-07   1.614502e-07   1.705141e-07   1.798690e-07   1.889868e-07   1.847190e-07   2.022457e-07   1.962181e-07
P31   5.434635e-06   5.925605e-06   8.140376e-06   7.440915e-06   8.594007e-06   9.228362e-06   1.084593e-05   1.020743e-05   1.669463e-08   1.766491e-08   1.176114e-04   1.918988e-04   1.939188e-04   1.482365e-04   3.353019e-05   3.124883e-05   3.159347e-05   2.558556e-08   2.659174e-08   4.947924e-05   3.075948e-04   2.983398e-04   4.052042e-04   2.513930e-04   3.230223e-04   1.998797e-04   5.012625e-04   3.620853e-08   3.794868e-08   3.957583e-08   4.508704e-08   4.347792e-08   4.463574e-08   4.714151e-08   4.972813e-08   5.224888e-08   5.106803e-08   5.591389e-08   5.424710e-08
S32   5.624254e-04   6.291622e-04   1.002934e-03   9.014663e-04   1.073967e-03   1.201061e-03   1.328304e-03   8.683301e-04   8.670358e-07   9.174225e-07   2.049443e-02   2.544138e-02   2.159582e-02   1.806869e-02   6.882512e-03   6.095870e-03   8.247975e-03   1.328800e-06   1.381057e-06   1.091401e-02   3.327103e-02   1.816870e-02   4.205374e-02   1.846037e-02   2.442093e-02   2.717080e-02   4.145023e-02   1.880577e-06   1.970962e-06   2.055468e-06   2.341696e-06   2.258143e-06   2.318283e-06   2.448431e-06   2.582762e-06   2.713685e-06   2.652394e-06   2.904066e-06   2.817510e-06
S33   2.320428e-06   2.466150e-06   3.471352e-06   3.091436e-06   3.776847e-06   4.137301e-06   4.150181e-06   3.259678e-06   7.043643e-09   7.452977e-09   5.364094e-05   1.929445e-04   1.765771e-04   1.265846e-04   1.950480e-05   1.609306e-05   2.594690e-05   1.079493e-08   1.121946e-08   3.034282e-05   3.004239e-04   1.660366e-04   3.494975e-04   1.621552e-04   2.205557e-04   1.694574e-04   3.874379e-04   1.527746e-08   1.601173e-08   1.669824e-08   1.902351e-08   1.834473e-08   1.883329e-08   1.989059e-08   2.098188e-08   2.204547e-08   2.154754e-08   2.359208e-08   2.288891e-08
S34   8.273500e-06   8.519099e-06   1.026601e-05   9.835605e-06   1.021633e-05   1.092138e-05   1.159661e-05   1.028326e-05   4.066860e-08   4.303200e-08   8.945922e-05   3.704310e-04   3.092564e-04   2.235874e-04   4.845546e-05   3.865305e-05   9.050038e-05   6.232777e-08   6.477894e-08   7.480177e-05   5.338595e-04   3.381657e-04   4.530270e-04   3.326386e-04   4.518581e-04   2.329543e-04   5.958056e-04   8.820908e-08   9.244860e-08   9.641238e-08   1.098380e-07   1.059189e-07   1.087398e-07   1.148444e-07   1.211453e-07   1.272863e-07   1.244114e-07   1.362161e-07   1.321562e-07
S36   2.102022e-08   2.168577e-08   2.278632e-08   2.326258e-08   2.425610e-08   2.510553e-08   2.601685e-08   2.563437e-08   1.496302e-10   1.583257e-10   5.386263e-08   6.284273e-08   6.347655e-08   5.997719e-08   4.328477e-08   4.441388e-08   4.650601e-08   2.293198e-10   2.383383e-10   5.499603e-08   9.554716e-08   9.159582e-08   1.020990e-07   8.557475e-08   1.016363e-07   9.831033e-08   1.184283e-07   3.245438e-10   3.401421e-10   3.547258e-10   4.041221e-10   3.897028e-10   4.000816e-10   4.225421e-10   4.457245e-10   4.683187e-10   4.577414e-10   5.011740e-10   4.862366e-10
Cl35  1.806309e-06   1.849149e-06   2.288163e-06   2.172152e-06   2.425427e-06   2.613403e-06   2.724413e-06   2.461069e-06   9.145851e-09   9.677351e-09   1.005198e-04   2.026195e-04   2.055870e-04   1.643249e-04   1.317296e-05   9.592070e-06   1.678202e-05   1.401672e-08   1.456796e-08   2.338456e-05   2.361013e-04   1.146523e-04   4.292284e-04   1.741994e-04   1.535410e-04   1.929821e-04   4.036200e-04   1.983710e-08   2.079052e-08   2.168192e-08   2.470117e-08   2.381982e-08   2.445420e-08   2.582706e-08   2.724404e-08   2.862506e-08   2.797855e-08   3.063328e-08   2.972026e-08
Cl37  5.564741e-07   5.727745e-07   6.925249e-07   6.502750e-07   7.579947e-07   8.094963e-07   8.195834e-07   7.198168e-07   3.092613e-09   3.272336e-09   1.878463e-05   6.291581e-05   5.566497e-05   4.282942e-05   4.165116e-06   3.015643e-06   5.168802e-06   4.739669e-09   4.926065e-09   7.560584e-06   8.939972e-05   2.452565e-05   1.197261e-04   2.590488e-05   4.148866e-05   4.734132e-05   9.514575e-05   6.707793e-09   7.030184e-09   7.331607e-09   8.352548e-09   8.054525e-09   8.269036e-09   8.733259e-09   9.212402e-09   9.679388e-09   9.460772e-09   1.035845e-08   1.004972e-08
Ar36  1.164572e-04   1.308740e-04   2.081860e-04   1.851533e-04   2.212353e-04   2.460847e-04   2.709582e-04   1.770569e-04   1.940305e-07   2.053063e-07   4.701499e-03   7.385790e-03   6.315969e-03   5.114083e-03   1.371918e-03   1.198262e-03   1.523805e-03   2.973668e-07   3.090613e-07   2.356996e-03   1.010382e-02   3.275083e-03   1.350679e-02   3.440321e-03   5.223219e-03   6.423789e-03   1.067244e-02   4.208469e-07   4.410737e-07   4.599849e-07   5.240388e-07   5.053408e-07   5.187992e-07   5.479246e-07   5.779860e-07   6.072847e-07   5.935687e-07   6.498893e-07   6.305194e-07
Ar38  6.181528e-06   6.131505e-06   6.973021e-06   6.788108e-06   7.304582e-06   7.694165e-06   8.079755e-06   7.478010e-06   3.723184e-08   3.939552e-08   1.870353e-04   5.267351e-04   4.151074e-04   3.271044e-04   6.487522e-05   4.232481e-05   9.447541e-05   5.706068e-08   5.930470e-08   1.397886e-04   6.047551e-04   2.334571e-04   6.516910e-04   2.419479e-04   3.537702e-04   3.122004e-04   6.159710e-04   8.075485e-08   8.463610e-08   8.826491e-08   1.005560e-07   9.696809e-08   9.955059e-08   1.051393e-07   1.109077e-07   1.165298e-07   1.138978e-07   1.247050e-07   1.209882e-07
Ar40  8.470314e-09   8.716466e-09   9.058361e-09   9.297945e-09   9.557525e-09   9.853896e-09   1.030962e-08   1.017275e-08   6.119839e-11   6.475455e-11   1.334100e-08   1.340478e-08   1.382350e-08   1.404471e-08   1.637190e-08   1.749651e-08   1.928005e-08   9.378776e-11   9.747583e-11   1.826243e-08   1.790867e-08   2.145171e-08   1.805051e-08   1.983302e-08   2.149146e-08   2.199719e-08   2.123681e-08   1.327290e-10   1.391080e-10   1.450720e-10   1.652739e-10   1.593761e-10   1.636203e-10   1.728058e-10   1.822865e-10   1.915266e-10   1.872002e-10   2.049629e-10   1.988532e-10
K39   1.630364e-06   1.643204e-06   2.004976e-06   1.883218e-06   2.120218e-06   2.283060e-06   2.366630e-06   2.016544e-06   8.550381e-09   9.047276e-09   1.541787e-04   2.974021e-04   2.865323e-04   2.203610e-04   1.564809e-05   1.034526e-05   1.643627e-05   1.310412e-08   1.361947e-08   3.749035e-05   3.247639e-04   1.060254e-04   6.551251e-04   1.325975e-04   1.468448e-04   2.470317e-04   4.674475e-04   1.854554e-08   1.943688e-08   2.027025e-08   2.309293e-08   2.226896e-08   2.286203e-08   2.414550e-08   2.547023e-08   2.676134e-08   2.615691e-08   2.863880e-08   2.778523e-08
K40   2.585662e-09   2.705413e-09   3.206509e-09   3.124284e-09   3.738734e-09   4.041178e-09   3.961800e-09   3.888937e-09   1.369388e-11   1.449259e-11   1.309194e-07   2.874477e-07   3.097430e-07   2.286108e-07   1.684115e-08   1.415638e-08   1.676938e-08   2.101972e-11   2.184938e-11   3.686778e-08   5.289152e-07   4.360466e-07   6.961682e-07   3.431017e-07   4.277178e-07   3.862695e-07   7.242988e-07   2.978258e-11   3.121641e-11   3.255721e-11   3.708834e-11   3.577145e-11   3.672784e-11   3.879056e-11   4.092033e-11   4.299649e-11   4.203137e-11   4.601875e-11   4.465331e-11
K41   1.214782e-07   1.262560e-07   1.547383e-07   1.467557e-07   1.726486e-07   1.881885e-07   1.889221e-07   1.630710e-07   6.487049e-10   6.864036e-10   1.234666e-05   6.058786e-05   4.072471e-05   2.030103e-05   1.170386e-06   8.012978e-07   1.079546e-06   9.941905e-10   1.033289e-09   2.778304e-06   4.766943e-05   6.381912e-06   7.373258e-05   5.672688e-06   1.163183e-05   1.355491e-05   4.349062e-05   1.407023e-09   1.474648e-09   1.537874e-09   1.752026e-09   1.689513e-09   1.734509e-09   1.831884e-09   1.932389e-09   2.030344e-09   1.984487e-09   2.172784e-09   2.108025e-09
Ca40  1.056890e-04   1.193539e-04   1.935403e-04   1.694643e-04   2.053861e-04   2.279596e-04   2.493107e-04   1.593128e-04   1.446866e-07   1.530949e-07   4.722828e-03   4.959906e-03   3.177352e-03   2.196869e-03   1.141094e-03   1.041742e-03   1.146823e-03   2.217434e-07   2.304639e-07   2.249520e-03   3.607428e-03   1.251020e-03   5.819631e-03   1.329154e-03   1.770871e-03   2.716026e-03   3.494028e-03   3.138212e-07   3.289042e-07   3.430061e-07   3.907704e-07   3.768275e-07   3.868633e-07   4.085818e-07   4.309983e-07   4.528460e-07   4.426182e-07   4.846158e-07   4.701719e-07
Ca42  1.742818e-07   1.700069e-07   2.012447e-07   1.898640e-07   2.060025e-07   2.192637e-07   2.337754e-07   2.099489e-07   1.013973e-09   1.072899e-09   1.197875e-05   4.645423e-05   3.924723e-05   2.980020e-05   2.490737e-06   1.499256e-06   3.298880e-06   1.553993e-09   1.615106e-09   6.343681e-06   5.506297e-05   1.299375e-05   8.188697e-05   1.398433e-05   2.298730e-05   2.688731e-05   5.790326e-05   2.199280e-09   2.304983e-09   2.403810e-09   2.738546e-09   2.640833e-09   2.711164e-09   2.863369e-09   3.020465e-09   3.173576e-09   3.101898e-09   3.396221e-09   3.294997e-09
Ca43  4.953060e-08   5.146788e-08   6.083463e-08   5.804306e-08   5.370168e-08   5.562115e-08   6.289343e-08   5.274608e-08   2.166140e-10   2.292023e-10   2.627052e-07   4.607633e-07   4.886561e-07   3.044666e-07   1.586602e-07   1.367027e-07   1.423727e-07   3.319778e-10   3.450335e-10   2.331174e-07   6.578683e-07   3.952422e-07   7.255858e-07   3.196883e-07   4.838025e-07   4.758148e-07   6.768411e-07   4.698300e-10   4.924111e-10   5.135234e-10   5.850326e-10   5.641583e-10   5.791832e-10   6.116985e-10   6.452589e-10   6.779677e-10   6.626553e-10   7.255311e-10   7.039067e-10
Ca44  1.084287e-06   1.185767e-06   1.383614e-06   1.455132e-06   1.376037e-06   1.415066e-06   1.606758e-06   1.373490e-06   3.424746e-09   3.623771e-09   5.488994e-06   5.170550e-06   4.117069e-06   3.854571e-06   4.238215e-06   4.420129e-06   4.762640e-06   5.248689e-09   5.455104e-09   6.130436e-06   5.899390e-06   4.957622e-06   7.486730e-06   5.567298e-06   5.922296e-06   7.242379e-06   6.718841e-06   7.428181e-09   7.785196e-09   8.118990e-09   9.249577e-09   8.919547e-09   9.157096e-09   9.671174e-09   1.020177e-08   1.071891e-08   1.047682e-08   1.147091e-08   1.112902e-08
Ca46  9.449316e-10   9.691985e-10   1.007107e-09   1.037415e-09   1.055615e-09   1.093192e-09   1.191553e-09   1.111828e-09   6.865647e-12   7.264635e-12   1.383646e-09   1.344838e-09   1.380169e-09   1.421428e-09   2.061231e-09   2.291836e-09   2.705770e-09   1.052214e-11   1.093594e-11   1.691680e-09   1.532438e-09   1.813012e-09   1.506416e-09   1.886470e-09   1.867535e-09   1.933289e-09   1.690941e-09   1.489140e-11   1.560712e-11   1.627628e-11   1.854278e-11   1.788117e-11   1.835738e-11   1.938797e-11   2.045167e-11   2.148839e-11   2.100306e-11   2.299592e-11   2.231053e-11
Ca48  4.518223e-08   4.629016e-08   4.748335e-08   4.870922e-08   5.009759e-08   5.130005e-08   5.255420e-08   5.366695e-08   3.349301e-10   3.543942e-10   5.832791e-08   5.911544e-08   6.027940e-08   6.150308e-08   6.281935e-08   6.391179e-08   6.498768e-08   5.133064e-10   5.334932e-10   6.900261e-08   6.922443e-08   7.035615e-08   6.825638e-08   7.259588e-08   7.369064e-08   7.535558e-08   7.553264e-08   7.264543e-10   7.613694e-10   7.940134e-10   9.045815e-10   8.723055e-10   8.955371e-10   9.458124e-10   9.977037e-10   1.048278e-09   1.024602e-09   1.121821e-09   1.088385e-09
Sc45  1.533189e-08   1.578298e-08   1.872769e-08   1.718859e-08   1.841066e-08   1.949168e-08   2.021363e-08   1.876342e-08   9.900012e-11   1.047534e-10   2.628072e-07   4.515078e-07   4.044756e-07   2.827281e-07   6.197572e-08   4.781937e-08   4.997924e-08   1.517254e-10   1.576923e-10   1.343363e-07   5.203618e-07   2.323359e-07   8.518337e-07   1.824135e-07   3.065499e-07   2.759780e-07   5.971363e-07   2.147286e-10   2.250489e-10   2.346980e-10   2.673802e-10   2.578399e-10   2.647068e-10   2.795674e-10   2.949056e-10   3.098547e-10   3.028564e-10   3.315928e-10   3.217097e-10
Ti46  9.863539e-08   9.678281e-08   1.184619e-07   1.121959e-07   1.135009e-07   1.194564e-07   1.271797e-07   1.232132e-07   6.082704e-10   6.436193e-10   6.489186e-06   8.721338e-06   5.726969e-06   3.739558e-06   1.047686e-06   7.504941e-07   8.653688e-07   9.322216e-10   9.688831e-10   3.142884e-06   6.944480e-06   1.995342e-06   1.033134e-05   2.156775e-06   3.214542e-06   3.205204e-06   6.962418e-06   1.319322e-09   1.382732e-09   1.442017e-09   1.642821e-09   1.584204e-09   1.626395e-09   1.717701e-09   1.811941e-09   1.903790e-09   1.860792e-09   2.037352e-09   1.976629e-09
Ti47  1.199928e-07   1.276173e-07   1.478604e-07   1.720756e-07   1.333739e-07   1.374860e-07   1.489571e-07   1.598788e-07   5.603182e-10   5.928804e-10   5.265723e-07   4.611560e-07   3.726228e-07   3.127767e-07   3.313770e-07   3.135923e-07   3.342295e-07   8.587311e-10   8.925024e-10   4.714705e-07   5.788121e-07   4.272773e-07   5.751321e-07   3.904769e-07   4.738724e-07   4.539598e-07   7.127033e-07   1.215315e-09   1.273726e-09   1.328337e-09   1.513311e-09   1.459315e-09   1.498180e-09   1.582288e-09   1.669099e-09   1.753707e-09   1.714098e-09   1.876740e-09   1.820804e-09
Ti48  3.493855e-06   3.901822e-06   5.189024e-06   5.336553e-06   5.096494e-06   5.603244e-06   6.305809e-06   4.704977e-06   5.672054e-09   6.001679e-09   1.547324e-05   9.491198e-06   7.522986e-06   1.065720e-05   1.907487e-05   1.994715e-05   2.163398e-05   8.692863e-09   9.034727e-09   2.480873e-05   1.587911e-05   2.081157e-05   1.360263e-05   2.395014e-05   2.483148e-05   2.923748e-05   2.120787e-05   1.230253e-08   1.289382e-08   1.344665e-08   1.531912e-08   1.477253e-08   1.516595e-08   1.601737e-08   1.689615e-08   1.775263e-08   1.735168e-08   1.899808e-08   1.843185e-08
Ti49  1.233517e-07   1.339304e-07   1.874152e-07   1.842786e-07   1.862138e-07   2.043009e-07   2.111508e-07   1.675595e-07   4.248502e-10   4.495399e-10   8.333326e-07   6.278366e-07   5.050947e-07   4.589663e-07   6.759449e-07   6.491849e-07   6.948012e-07   6.511159e-10   6.767223e-10   1.022989e-06   8.143012e-07   7.952067e-07   8.081360e-07   8.608606e-07   1.060577e-06   1.041466e-06   9.498932e-07   9.214886e-10   9.657774e-10   1.007186e-09   1.147438e-09   1.106497e-09   1.135966e-09   1.199739e-09   1.265561e-09   1.329714e-09   1.299681e-09   1.423001e-09   1.380589e-09
Ti50  5.650759e-08   5.801050e-08   5.975956e-08   6.132672e-08   6.328579e-08   6.497156e-08   6.680033e-08   6.784600e-08   4.155507e-10   4.396999e-10   7.883020e-08   7.771992e-08   7.943199e-08   8.172454e-08   8.879757e-08   9.144610e-08   9.227805e-08   6.368636e-10   6.619096e-10   1.072630e-07   9.554267e-08   9.879679e-08   9.759305e-08   1.020701e-07   1.059032e-07   1.166321e-07   1.106184e-07   9.013182e-10   9.446375e-10   9.851393e-10   1.122322e-09   1.082277e-09   1.111101e-09   1.173478e-09   1.237860e-09   1.300608e-09   1.271233e-09   1.391853e-09   1.350369e-09
V50   4.015108e-10   4.122933e-10   6.781325e-10   4.624269e-10   5.388403e-10   5.847737e-10   5.928002e-10   5.786538e-10   2.239909e-12   2.370078e-12   1.058187e-08   8.637560e-09   5.819357e-09   2.718868e-09   2.243753e-09   1.923205e-09   1.754443e-09   3.432834e-12   3.567837e-12   5.877379e-09   1.261470e-08   1.357568e-08   9.262332e-09   6.617168e-09   1.276549e-08   3.147143e-09   1.098134e-08   4.858301e-12   5.091802e-12   5.310115e-12   6.049560e-12   5.833708e-12   5.989074e-12   6.325300e-12   6.672332e-12   7.010560e-12   6.852221e-12   7.502391e-12   7.278784e-12
V51   3.301676e-07   3.622734e-07   5.306459e-07   4.481343e-07   5.484078e-07   6.296756e-07   5.782189e-07   4.135156e-07   9.126578e-10   9.656958e-10   2.628608e-06   1.707786e-06   1.251082e-06   1.286239e-06   1.697976e-06   1.685795e-06   1.665977e-06   1.398719e-09   1.453726e-09   2.678111e-06   1.906581e-06   1.844847e-06   1.907570e-06   2.010986e-06   2.530753e-06   2.390978e-06   2.110494e-06   1.979530e-09   2.074671e-09   2.163623e-09   2.464912e-09   2.376963e-09   2.440267e-09   2.577263e-09   2.718663e-09   2.856474e-09   2.791959e-09   3.056873e-09   2.965763e-09
Cr50  3.661362e-07   3.747083e-07   5.064599e-07   4.461285e-07   5.207567e-07   5.749460e-07   5.727488e-07   4.628328e-07   1.859466e-09   1.967526e-09   1.879506e-05   7.807152e-06   4.063379e-06   3.150769e-06   3.357828e-06   3.001323e-06   3.013237e-06   2.849775e-09   2.961848e-09   8.517780e-06   4.081996e-06   2.513517e-06   5.849345e-06   2.678066e-06   3.157408e-06   3.759201e-06   4.203274e-06   4.033131e-09   4.226972e-09   4.408205e-09   5.022057e-09   4.842867e-09   4.971844e-09   5.250963e-09   5.539053e-09   5.819833e-09   5.688388e-09   6.228129e-09   6.042500e-09
Cr52  2.483804e-05   2.758753e-05   4.387721e-05   3.643193e-05   4.661374e-05   5.538122e-05   5.535733e-05   3.043567e-05   3.728834e-08   3.945531e-08   1.348583e-04   7.288183e-05   5.988242e-05   9.412979e-05   1.771082e-04   1.836225e-04   1.924664e-04   5.714728e-08   5.939471e-08   2.098602e-04   1.432299e-04   1.852838e-04   1.180441e-04   2.191262e-04   2.348317e-04   2.768274e-04   1.661104e-04   8.087741e-08   8.476455e-08   8.839887e-08   1.007086e-07   9.711526e-08   9.970168e-08   1.052989e-07   1.110761e-07   1.167066e-07   1.140707e-07   1.248943e-07   1.211718e-07
Cr53  1.801109e-06   1.940927e-06   2.952818e-06   2.455643e-06   3.097785e-06   3.578257e-06   3.510185e-06   2.188564e-06   4.309408e-09   4.559844e-09   1.184632e-05   6.118484e-06   5.211009e-06   6.604239e-06   1.188625e-05   1.195821e-05   1.259017e-05   6.604502e-09   6.864237e-09   1.641840e-05   9.449638e-06   1.236539e-05   8.477828e-06   1.364973e-05   1.523868e-05   1.627409e-05   1.119301e-05   9.346989e-09   9.796226e-09   1.021624e-08   1.163888e-08   1.122360e-08   1.152251e-08   1.216938e-08   1.283704e-08   1.348776e-08   1.318313e-08   1.443401e-08   1.400381e-08
Cr54  1.633517e-07   1.663703e-07   1.958365e-07   1.796315e-07   1.994803e-07   2.147356e-07   2.132460e-07   1.974984e-07   1.092837e-09   1.156346e-09   6.860454e-07   3.352719e-07   3.112022e-07   3.151149e-07   3.784377e-07   3.750855e-07   3.719594e-07   1.674857e-09   1.740724e-09   6.031678e-07   3.993342e-07   3.973014e-07   3.999199e-07   3.927010e-07   4.299560e-07   4.677139e-07   4.602931e-07   2.370333e-09   2.484257e-09   2.590770e-09   2.951541e-09   2.846228e-09   2.922030e-09   3.086072e-09   3.255387e-09   3.420406e-09   3.343154e-09   3.660367e-09   3.551271e-09
Mn55  9.671000e-06   1.094174e-05   1.610444e-05   1.337483e-05   1.800759e-05   1.893511e-05   1.690980e-05   1.310125e-05   3.260176e-08   3.449638e-08   6.837623e-05   2.947149e-05   2.497333e-05   3.022189e-05   4.989821e-05   5.042152e-05   5.002204e-05   4.996473e-08   5.192969e-08   7.610434e-05   4.094440e-05   4.825928e-05   3.925590e-05   5.173203e-05   5.542054e-05   5.779326e-05   4.774039e-05   7.071234e-08   7.411093e-08   7.728847e-08   8.805106e-08   8.490934e-08   8.717068e-08   9.206444e-08   9.711548e-08   1.020384e-07   9.973375e-08   1.091969e-07   1.059423e-07
Fe54  3.383886e-05   3.557467e-05   4.875430e-05   4.186206e-05   5.054159e-05   5.649788e-05   5.464272e-05   4.276967e-05   1.794971e-07   1.899284e-07   5.749341e-04   1.325057e-04   1.032087e-04   1.133301e-04   2.085110e-04   2.059402e-04   2.171165e-04   2.750933e-07   2.859119e-07   3.745443e-04   1.507436e-04   1.817824e-04   1.234125e-04   1.757103e-04   1.958328e-04   1.876263e-04   1.617179e-04   3.893244e-07   4.080362e-07   4.255310e-07   4.847871e-07   4.674896e-07   4.799400e-07   5.068837e-07   5.346935e-07   5.617976e-07   5.491090e-07   6.012110e-07   5.832920e-07
Fe56  2.169755e-03   2.407238e-03   4.615257e-03   3.459771e-03   4.466586e-03   4.630143e-03   4.957971e-03   2.849174e-03   2.921954e-06   3.091760e-06   1.001767e-02   5.538478e-03   5.056568e-03   6.286665e-03   1.314090e-02   1.481991e-02   1.481099e-02   4.478121e-06   4.654232e-06   1.709081e-02   9.295709e-03   1.328732e-02   7.610724e-03   1.489298e-02   1.598828e-02   1.898351e-02   1.270727e-02   6.337639e-06   6.642240e-06   6.927029e-06   7.891633e-06   7.610055e-06   7.812729e-06   8.251335e-06   8.704037e-06   9.145254e-06   8.938701e-06   9.786847e-06   9.495151e-06
Fe57  7.801390e-05   8.255606e-05   1.539428e-04   1.106998e-04   1.459004e-04   1.488474e-04   1.575497e-04   8.881383e-05   6.869087e-08   7.268276e-08   3.036337e-04   1.763707e-04   1.421739e-04   1.755019e-04   3.514707e-04   4.224197e-04   4.078090e-04   1.052741e-07   1.094142e-07   5.145325e-04   2.500195e-04   3.598919e-04   2.109722e-04   3.960535e-04   4.108859e-04   4.769093e-04   3.392683e-04   1.489886e-07   1.561494e-07   1.628443e-07   1.855207e-07   1.789013e-07   1.836658e-07   1.939768e-07   2.046192e-07   2.149915e-07   2.101358e-07   2.300745e-07   2.232171e-07
Fe58  3.821647e-06   2.448665e-06   7.589835e-06   2.709635e-06   4.784317e-06   7.014577e-06   7.430706e-06   2.467228e-06   9.297975e-09   9.838316e-09   3.819459e-06   2.951812e-06   3.155067e-06   3.293652e-06   4.767600e-06   5.413163e-06   5.373370e-06   1.424987e-08   1.481027e-08   7.862188e-06   4.846090e-06   5.449702e-06   5.600437e-06   6.530031e-06   6.643793e-06   9.052680e-06   7.503760e-06   2.016706e-08   2.113633e-08   2.204256e-08   2.511203e-08   2.421602e-08   2.486095e-08   2.625664e-08   2.769719e-08   2.910119e-08   2.844392e-08   3.114281e-08   3.021460e-08
Co59  4.609201e-06   4.714849e-06   1.791541e-05   7.564655e-06   8.468678e-06   8.897808e-06   9.945514e-06   6.195718e-06   8.705183e-09   9.211074e-09   1.506570e-05   9.644469e-06   8.596180e-06   9.495672e-06   1.776962e-05   1.654832e-05   1.741711e-05   1.334137e-08   1.386604e-08   2.591391e-05   1.413842e-05   1.324961e-05   1.337950e-05   1.344941e-05   1.478941e-05   1.479705e-05   2.420971e-05   1.888131e-08   1.978878e-08   2.063724e-08   2.351102e-08   2.267213e-08   2.327594e-08   2.458265e-08   2.593136e-08   2.724584e-08   2.663048e-08   2.915730e-08   2.828827e-08
Ni58  1.436649e-04   9.099555e-05   2.989360e-04   1.138401e-04   2.259324e-04   2.826876e-04   2.966778e-04   7.288011e-05   1.252520e-07   1.325309e-07   1.779561e-04   7.448409e-05   6.826602e-05   6.342511e-05   9.505937e-05   1.648998e-04   1.622964e-04   1.919585e-07   1.995076e-07   2.170422e-04   8.329848e-05   9.356758e-05   6.819992e-05   1.467199e-04   9.853262e-05   1.087129e-04   1.082467e-04   2.716683e-07   2.847253e-07   2.969330e-07   3.382815e-07   3.262115e-07   3.348992e-07   3.537005e-07   3.731059e-07   3.920191e-07   3.831650e-07   4.195215e-07   4.070177e-07
Ni60  6.333703e-05   6.988273e-05   1.507123e-04   1.040154e-04   1.126519e-04   1.140369e-04   1.338587e-04   8.368063e-05   4.990861e-08   5.280899e-08   2.578890e-04   1.546781e-04   1.412737e-04   1.623920e-04   3.491284e-04   3.920889e-04   3.972024e-04   7.648881e-08   7.949689e-08   4.560249e-04   2.283348e-04   3.594446e-04   2.010864e-04   3.968982e-04   4.475686e-04   4.955645e-04   3.470369e-04   1.082504e-07   1.134532e-07   1.183175e-07   1.347935e-07   1.299840e-07   1.334458e-07   1.409374e-07   1.486698e-07   1.562060e-07   1.526780e-07   1.671648e-07   1.621825e-07
Ni61  4.235564e-06   3.820323e-06   1.003950e-05   5.057233e-06   6.648997e-06   7.350864e-06   8.044349e-06   3.815322e-06   2.205702e-09   2.333884e-09   1.131857e-05   6.556531e-06   5.056481e-06   6.361726e-06   1.278922e-05   1.503986e-05   1.510810e-05   3.380410e-09   3.513351e-09   1.900460e-05   9.044533e-06   1.332954e-05   8.194261e-06   1.505494e-05   1.543422e-05   1.689654e-05   1.247920e-05   4.784109e-09   5.014044e-09   5.229023e-09   5.957175e-09   5.744620e-09   5.897613e-09   6.228705e-09   6.570437e-09   6.903499e-09   6.747579e-09   7.387820e-09   7.167627e-09
Ni62  2.633580e-05   1.907446e-05   4.573673e-05   2.485776e-05   3.973705e-05   4.457673e-05   4.782787e-05   1.605289e-05   7.147853e-09   7.563242e-09   4.344102e-05   2.338856e-05   1.746097e-05   1.891263e-05   4.064277e-05   5.604285e-05   5.504901e-05   1.095464e-08   1.138545e-08   7.132088e-05   2.632274e-05   4.031374e-05   2.485037e-05   4.913487e-05   4.405791e-05   4.276344e-05   3.810292e-05   1.550350e-08   1.624863e-08   1.694530e-08   1.930497e-08   1.861616e-08   1.911195e-08   2.018489e-08   2.129232e-08   2.237165e-08   2.186637e-08   2.394115e-08   2.322759e-08
Ni64  2.576708e-07   2.645267e-07   5.018845e-07   2.804007e-07   2.883250e-07   2.966188e-07   3.178924e-07   3.090164e-07   1.879125e-09   1.988328e-09   3.757659e-07   3.686835e-07   3.776842e-07   3.920089e-07   4.323740e-07   4.501234e-07   4.643208e-07   2.879905e-09   2.993163e-09   5.276221e-07   4.580512e-07   4.883317e-07   4.777917e-07   5.023592e-07   5.245259e-07   5.963295e-07   5.487671e-07   4.075771e-09   4.271662e-09   4.454811e-09   5.075153e-09   4.894069e-09   5.024410e-09   5.306480e-09   5.597615e-09   5.881364e-09   5.748529e-09   6.293976e-09   6.106385e-09
Cu63  9.218750e-07   7.829928e-07   3.846160e-06   1.045020e-06   1.014539e-06   1.213957e-06   1.679108e-06   1.046153e-06   1.520070e-09   1.608408e-09   1.237701e-06   1.038768e-06   1.030202e-06   1.423735e-06   1.919698e-06   1.978629e-06   2.035815e-06   2.329626e-09   2.421243e-09   2.441851e-06   1.696218e-06   2.371555e-06   1.723067e-06   3.433614e-06   3.231501e-06   5.164271e-06   2.825925e-06   3.296992e-09   3.455452e-09   3.603606e-09   4.105416e-09   3.958933e-09   4.064368e-09   4.292542e-09   4.528048e-09   4.757580e-09   4.650126e-09   5.091352e-09   4.939605e-09
Cu65  1.976173e-07   1.684364e-07   5.710474e-07   1.914223e-07   2.259124e-07   2.581738e-07   2.909659e-07   1.816400e-07   6.988978e-10   7.395134e-10   2.643670e-07   2.099167e-07   2.143187e-07   2.201636e-07   2.933640e-07   3.241558e-07   3.357093e-07   1.071115e-09   1.113239e-09   3.929096e-07   2.947645e-07   3.522565e-07   2.921565e-07   4.086071e-07   4.205528e-07   4.843845e-07   3.931609e-07   1.515890e-09   1.588747e-09   1.656866e-09   1.887588e-09   1.820237e-09   1.868715e-09   1.973624e-09   2.081906e-09   2.187439e-09   2.138034e-09   2.340901e-09   2.271131e-09
Zn64  1.268196e-06   1.331743e-06   1.877843e-05   2.368414e-06   1.308592e-06   1.358597e-06   2.779079e-06   2.417945e-06   2.585180e-09   2.735415e-09   2.495345e-06   2.102974e-06   4.875211e-06   4.530563e-06   7.420253e-06   6.652564e-06   7.255596e-06   3.961989e-09   4.117802e-09   5.180745e-06   6.542699e-06   7.759225e-06   4.474770e-06   1.123639e-05   1.207279e-05   1.798812e-05   8.974531e-06   5.607186e-09   5.876680e-09   6.128645e-09   6.982072e-09   6.732947e-09   6.912262e-09   7.300316e-09   7.700841e-09   8.091205e-09   7.908459e-09   8.658850e-09   8.400774e-09
Zn66  7.966451e-07   6.572911e-07   9.518893e-07   8.137574e-07   1.034398e-06   1.106564e-06   1.133460e-06   6.449775e-07   1.503503e-09   1.590878e-09   1.276618e-06   8.346700e-07   7.090509e-07   7.960367e-07   1.342322e-06   1.640316e-06   1.651546e-06   2.304236e-09   2.394854e-09   2.038008e-06   1.091164e-06   1.419788e-06   1.002586e-06   1.724445e-06   1.606258e-06   1.700909e-06   1.451735e-06   3.261058e-09   3.417792e-09   3.564331e-09   4.060672e-09   3.915785e-09   4.020072e-09   4.245758e-09   4.478698e-09   4.705728e-09   4.599445e-09   5.035862e-09   4.885769e-09
Zn67  4.050913e-08   3.505078e-08   2.246049e-07   3.774602e-08   4.058588e-08   4.688800e-08   6.349936e-08   3.907518e-08   2.223732e-10   2.352962e-10   4.388102e-08   4.286961e-08   5.009724e-08   4.537575e-08   5.282020e-08   5.217544e-08   5.411442e-08   3.408042e-10   3.542070e-10   6.202407e-08   5.324748e-08   5.653780e-08   5.553108e-08   6.183870e-08   6.537401e-08   7.708158e-08   6.315595e-08   4.823215e-10   5.055030e-10   5.271766e-10   6.005871e-10   5.791578e-10   5.945822e-10   6.279619e-10   6.624146e-10   6.959930e-10   6.802735e-10   7.448210e-10   7.226217e-10
Zn68  1.455693e-07   1.445628e-07   1.171464e-06   1.616460e-07   1.586044e-07   1.682858e-07   2.408770e-07   1.763626e-07   1.030560e-09   1.090450e-09   1.867188e-07   1.894372e-07   2.202834e-07   2.077220e-07   2.335081e-07   2.158718e-07   2.286905e-07   1.579413e-09   1.641526e-09   2.467379e-07   2.431745e-07   2.530360e-07   2.423539e-07   2.656980e-07   2.975014e-07   3.262201e-07   3.245277e-07   2.235256e-09   2.342688e-09   2.443132e-09   2.783343e-09   2.684031e-09   2.755514e-09   2.910208e-09   3.069874e-09   3.225489e-09   3.152639e-09   3.451776e-09   3.348896e-09
Zn70  4.755544e-09   4.871015e-09   5.018294e-09   5.149525e-09   5.304371e-09   5.456969e-09   5.714568e-09   5.630337e-09   3.511393e-11   3.715454e-11   6.176929e-09   6.178561e-09   6.299961e-09   6.428120e-09   7.393687e-09   7.717686e-09   8.031636e-09   5.381482e-11   5.593120e-11   7.284385e-09   7.228855e-09   7.419636e-09   7.096276e-09   7.738072e-09   7.867615e-09   8.202412e-09   7.848614e-09   7.616117e-11   7.982164e-11   8.324403e-11   9.483594e-11   9.145214e-11   9.388773e-11   9.915858e-11   1.045988e-10   1.099010e-10   1.074189e-10   1.176112e-10   1.141059e-10
Ga69  1.388446e-08   1.402866e-08   5.934885e-08   1.498569e-08   1.531850e-08   1.588960e-08   1.817232e-08   1.638342e-08   9.777329e-11   1.034553e-10   1.879501e-08   1.897985e-08   1.964456e-08   1.981328e-08   2.191409e-08   2.239446e-08   2.293836e-08   1.498451e-10   1.557381e-10   2.505163e-08   2.441872e-08   2.522420e-08   2.523784e-08   2.630712e-08   2.818981e-08   2.913688e-08   3.077276e-08   2.120676e-10   2.222600e-10   2.317895e-10   2.640667e-10   2.546447e-10   2.614265e-10   2.761029e-10   2.912511e-10   3.060149e-10   2.991033e-10   3.274836e-10   3.177230e-10
Ga71  9.191339e-09   9.327025e-09   1.499077e-08   9.853539e-09   1.017109e-08   1.049593e-08   1.128251e-08   1.086337e-08   6.677174e-11   7.065210e-11   1.220808e-08   1.219012e-08   1.252460e-08   1.277179e-08   1.362260e-08   1.400103e-08   1.439686e-08   1.023329e-10   1.063573e-10   1.590448e-08   1.480721e-08   1.523388e-08   1.508550e-08   1.618623e-08   1.634514e-08   1.739590e-08   1.708230e-08   1.448261e-10   1.517868e-10   1.582947e-10   1.803376e-10   1.739030e-10   1.785345e-10   1.885574e-10   1.989024e-10   2.089850e-10   2.042649e-10   2.236465e-10   2.169807e-10
Ge70  1.695556e-08   1.678594e-08   2.419738e-08   1.802826e-08   1.882649e-08   1.929776e-08   1.927153e-08   1.920798e-08   1.126608e-10   1.192079e-10   2.247384e-08   2.354752e-08   2.399745e-08   2.433487e-08   2.490289e-08   2.596843e-08   2.612797e-08   1.726614e-10   1.794516e-10   3.019674e-08   3.137032e-08   3.107403e-08   3.468787e-08   3.383981e-08   3.610839e-08   3.410411e-08   4.561586e-08   2.443582e-10   2.561026e-10   2.670831e-10   3.042750e-10   2.934183e-10   3.012327e-10   3.181439e-10   3.355986e-10   3.526104e-10   3.446464e-10   3.773481e-10   3.661013e-10
Ge72  2.120987e-08   2.151790e-08   4.872013e-08   2.269955e-08   2.339909e-08   2.416296e-08   2.695900e-08   2.500184e-08   1.549465e-10   1.639511e-10   2.761565e-08   2.823661e-08   2.907235e-08   2.945677e-08   3.033608e-08   3.100048e-08   3.159047e-08   2.374676e-10   2.468065e-10   3.420462e-08   3.435327e-08   3.528452e-08   3.475134e-08   3.631518e-08   3.779323e-08   3.827572e-08   4.016551e-08   3.360748e-10   3.522273e-10   3.673293e-10   4.184806e-10   4.035490e-10   4.142965e-10   4.375550e-10   4.615611e-10   4.849581e-10   4.740050e-10   5.189808e-10   5.035126e-10
Ge73  6.022758e-09   6.172479e-09   8.540235e-09   6.511238e-09   6.711396e-09   6.886713e-09   7.150697e-09   7.173841e-09   4.441908e-11   4.700045e-11   7.992158e-09   7.987431e-09   8.160535e-09   8.372703e-09   8.835108e-09   9.065367e-09   9.561914e-09   6.807569e-11   7.075290e-11   1.014430e-08   9.487609e-09   9.744625e-09   9.501909e-09   1.012670e-08   1.031954e-08   1.100672e-08   1.062432e-08   9.634379e-11   1.009743e-10   1.053036e-10   1.199673e-10   1.156868e-10   1.187679e-10   1.254355e-10   1.323174e-10   1.390247e-10   1.358847e-10   1.487781e-10   1.443438e-10
Ge74  2.862486e-08   2.933679e-08   3.011855e-08   3.088771e-08   3.177213e-08   3.254047e-08   3.333136e-08   3.405195e-08   2.119219e-10   2.242375e-10   3.737389e-08   3.784884e-08   3.861935e-08   3.941698e-08   4.039289e-08   4.114421e-08   4.348914e-08   3.247868e-10   3.375597e-10   4.526545e-08   4.476596e-08   4.566321e-08   4.443537e-08   4.700362e-08   4.801915e-08   4.939731e-08   4.951923e-08   4.596529e-10   4.817449e-10   5.023999e-10   5.723602e-10   5.519380e-10   5.666375e-10   5.984484e-10   6.312818e-10   6.632821e-10   6.483014e-10   7.098152e-10   6.886593e-10
