# Cinquegrana, Heger & Karakas 2025
M      10.5   10.8   11.0   11.3   11.5   11.8   12.0   12.3   12.5   12.8   13.0   13.3   13.5   13.8   14.0   14.3   14.5   14.8   15.0   15.3   15.5   15.8   16.0   16.3   16.5   16.8   17.0   17.3   17.5   17.8   18.0   18.3   18.5   18.8   19.0   19.3   19.5   19.8   20.0
E      1.0   1.0   1.0   1.0   1.0   1.0   1.0   1.0   1.0   1.0   1.0   1.0   1.0   1.0   1.0   1.0   1.0   1.0   1.0   1.0   1.0   1.0   1.0   1.0   1.0   1.0   1.0   1.0   1.0   1.0   1.0   1.0   1.0   1.0   1.0   1.0   1.0   1.0   1.0
Mrem   1.309   1.326   1.507   1.409   1.533   1.534   1.478   1.518   1.424   1.540   1.575   1.605   1.631   1.625   10.908   11.048   11.152   11.301   11.434   1.462   1.464   1.498   1.499   1.554   1.557   1.590   1.615   12.406   1.668   1.668   1.698   12.638   12.624   1.497   12.543   1.661   1.683   1.585   11.119
H1    5.694425e+00   5.847820e+00   5.929491e+00   6.073985e+00   6.145882e+00   6.271005e+00   6.492213e+00   6.603529e+00   6.760602e+00   6.816313e+00   6.937815e+00   7.053135e+00   7.158982e+00   7.272548e+00   2.004938e+00   2.072467e+00   2.166392e+00   2.226105e+00   2.300295e+00   7.709436e+00   7.787586e+00   7.882691e+00   7.957705e+00   8.078924e+00   8.149588e+00   8.250275e+00   8.340236e+00   3.063891e+00   8.531971e+00   8.586200e+00   8.675099e+00   3.515213e+00   3.673378e+00   8.714579e+00   4.009874e+00   8.916739e+00   9.051842e+00   8.939620e+00   5.418558e+00
H2    6.610741e-08   6.888026e-08   7.207879e-08   7.437814e-08   7.808977e-08   8.028072e-08   8.143305e-08   8.473437e-08   9.115502e-08   9.590237e-08   9.978816e-08   1.036700e-07   1.070221e-07   1.103059e-07   9.091689e-08   9.344160e-08   9.626239e-08   9.911338e-08   1.022209e-07   1.271390e-07   1.287152e-07   1.336267e-07   1.363315e-07   1.390423e-07   1.447663e-07   1.460699e-07   1.498632e-07   1.296187e-07   1.572475e-07   1.603122e-07   1.645599e-07   1.428233e-07   1.458195e-07   1.711520e-07   1.525545e-07   1.802308e-07   1.844966e-07   1.873346e-07   1.671436e-07
He3   3.628344e-04   3.689266e-04   3.708848e-04   3.763224e-04   3.772247e-04   3.836477e-04   4.104336e-04   4.261880e-04   4.424578e-04   4.478763e-04   4.545405e-04   4.614130e-04   4.664528e-04   4.723280e-04   1.483499e-04   1.539095e-04   1.612551e-04   1.659833e-04   1.721481e-04   4.895349e-04   4.931106e-04   4.985104e-04   5.019621e-04   5.085442e-04   5.122543e-04   5.173669e-04   5.226369e-04   2.331183e-04   5.323446e-04   5.348386e-04   5.402953e-04   2.658732e-04   2.763013e-04   5.391668e-04   2.990946e-04   5.550197e-04   5.605360e-04   5.584999e-04   3.877328e-04
He4   3.155928e+00   3.217582e+00   3.214591e+00   3.388639e+00   3.452076e+00   3.556894e+00   3.645714e+00   3.723175e+00   3.881396e+00   3.868828e+00   3.960877e+00   4.042713e+00   4.150632e+00   4.277454e+00   9.794011e-01   1.018233e+00   1.065178e+00   1.102453e+00   1.141705e+00   5.287823e+00   5.413683e+00   5.504271e+00   5.632209e+00   5.710650e+00   5.823290e+00   5.923598e+00   6.022023e+00   1.611937e+00   6.216854e+00   6.336322e+00   6.434797e+00   1.901519e+00   1.998742e+00   6.733198e+00   2.222760e+00   6.948769e+00   7.079531e+00   7.124157e+00   3.153552e+00
Li6   1.056739e-10   1.086091e-10   1.118931e-10   1.134926e-10   1.167025e-10   1.184251e-10   1.190324e-10   1.210160e-10   1.253999e-10   1.286236e-10   1.313402e-10   1.345645e-10   1.375211e-10   1.398419e-10   1.190612e-10   1.210361e-10   1.233519e-10   1.254400e-10   1.273713e-10   1.470653e-10   1.493575e-10   1.525943e-10   1.546306e-10   1.580568e-10   1.590147e-10   1.623658e-10   1.647338e-10   1.474726e-10   1.696303e-10   1.706755e-10   1.738164e-10   1.550829e-10   1.576592e-10   1.770835e-10   1.618755e-10   1.847963e-10   1.877386e-10   1.868686e-10   1.702614e-10
Li7   1.701146e-08   1.521443e-08   1.275311e-08   2.331054e-08   3.541524e-08   1.977769e-08   1.343724e-08   1.735374e-08   6.776066e-08   6.545792e-08   6.471455e-08   6.892996e-08   6.983336e-08   7.398230e-08   2.853122e-09   2.901559e-09   2.950877e-09   3.002222e-09   3.051066e-09   1.799480e-07   1.967061e-07   1.960824e-07   2.110245e-07   1.879985e-07   2.172833e-07   1.924234e-07   2.020273e-07   3.490746e-09   1.916301e-07   1.978044e-07   1.993255e-07   3.662225e-09   3.721919e-09   2.672796e-07   3.804795e-09   2.462935e-07   2.455801e-07   2.782938e-07   4.018801e-09
Be9   6.687191e-11   6.870480e-11   7.032658e-11   7.250998e-11   7.351822e-11   7.647271e-11   1.004154e-10   1.047501e-10   1.096856e-10   1.122697e-10   1.145165e-10   1.169407e-10   1.189651e-10   1.209782e-10   9.186095e-11   9.556832e-11   9.868079e-11   1.019681e-10   1.050269e-10   1.261874e-10   1.277093e-10   1.293520e-10   1.307503e-10   1.338463e-10   1.343438e-10   1.374537e-10   1.386124e-10   1.213665e-10   1.427424e-10   1.437079e-10   1.460268e-10   1.273518e-10   1.287737e-10   1.473862e-10   1.317589e-10   1.557418e-10   1.583995e-10   1.561124e-10   1.376564e-10
B10   1.702127e-09   1.720021e-09   1.713140e-09   1.752229e-09   1.834223e-09   1.759951e-09   2.333736e-09   2.450540e-09   2.846423e-09   2.880119e-09   2.934536e-09   3.007674e-09   3.053224e-09   3.122195e-09   1.174595e-09   1.228975e-09   1.288737e-09   1.346588e-09   1.417173e-09   3.402684e-09   3.595918e-09   3.491246e-09   3.571376e-09   3.551656e-09   3.509671e-09   3.569583e-09   3.621897e-09   2.184666e-09   3.646280e-09   3.625045e-09   3.688475e-09   2.516062e-09   2.577608e-09   3.829691e-09   2.732605e-09   3.943937e-09   3.886054e-09   4.056869e-09   2.884435e-09
B11   2.625820e-08   3.408220e-08   2.389239e-08   4.026570e-08   3.303371e-08   3.686997e-08   2.544767e-08   3.430581e-08   5.940334e-08   5.165273e-08   5.994377e-08   6.533197e-08   6.692156e-08   6.718581e-08   4.241058e-09   4.447104e-09   4.658483e-09   4.884620e-09   5.160431e-09   1.832601e-07   2.825993e-07   2.058093e-07   2.314038e-07   4.592513e-07   2.096338e-07   5.284625e-07   4.664702e-07   8.082593e-09   4.622617e-07   4.651442e-07   4.924071e-07   9.064934e-09   9.216218e-09   6.008460e-07   9.560523e-09   9.690167e-07   1.129605e-06   9.148302e-07   9.805454e-09
C12   3.650781e-02   4.086121e-02   3.898741e-02   4.338094e-02   3.853652e-02   4.404277e-02   4.246605e-02   4.775503e-02   4.902235e-02   4.862354e-02   5.012063e-02   5.142548e-02   5.268876e-02   5.406129e-02   1.370767e-02   1.427734e-02   1.500451e-02   1.549308e-02   1.610274e-02   9.771356e-02   1.033598e-01   1.070075e-01   1.127691e-01   1.237490e-01   1.171409e-01   1.365766e-01   1.369013e-01   2.203391e-02   1.412810e-01   1.509278e-01   1.538207e-01   2.519591e-02   2.621456e-02   2.202862e-01   2.843540e-02   2.306046e-01   2.363338e-01   2.671006e-01   3.744566e-02
C13   1.842939e-03   1.894075e-03   1.922137e-03   1.980748e-03   2.016574e-03   2.073596e-03   2.100848e-03   2.168953e-03   2.259128e-03   2.300446e-03   2.350671e-03   2.400117e-03   2.446973e-03   2.497794e-03   7.077322e-04   7.365528e-04   7.754276e-04   7.979738e-04   8.262612e-04   2.696544e-03   2.728729e-03   2.763743e-03   2.782713e-03   2.822827e-03   2.836589e-03   2.850600e-03   2.882210e-03   1.046210e-03   2.889516e-03   2.856321e-03   2.854712e-03   1.159714e-03   1.200348e-03   2.769404e-03   1.285929e-03   2.761930e-03   2.824809e-03   2.786955e-03   1.771393e-03
N14   5.449034e-02   5.522964e-02   5.561290e-02   5.884348e-02   6.183627e-02   6.270268e-02   6.357856e-02   6.261973e-02   6.502831e-02   6.397934e-02   6.595776e-02   6.709648e-02   6.958221e-02   7.224882e-02   1.227317e-02   1.273879e-02   1.322699e-02   1.378425e-02   1.419910e-02   8.875827e-02   9.172003e-02   9.193484e-02   9.426131e-02   9.506697e-02   9.677522e-02   9.809885e-02   9.944659e-02   2.116180e-02   1.034546e-01   1.046814e-01   1.068301e-01   2.606750e-02   2.779629e-02   1.112356e-01   3.178026e-02   1.151309e-01   1.184045e-01   1.171426e-01   4.804776e-02
N15   1.651352e-05   1.947223e-05   2.043187e-05   2.527166e-05   1.734849e-05   2.755185e-05   2.272150e-05   2.955580e-05   2.188425e-05   2.196482e-05   2.237613e-05   2.297892e-05   2.351366e-05   2.423025e-05   6.787289e-06   7.066449e-06   7.414228e-06   7.665646e-06   7.973533e-06   3.465365e-05   3.600055e-05   3.797083e-05   3.926975e-05   5.726126e-05   4.111275e-05   7.372316e-05   5.520677e-05   1.113761e-05   8.140488e-05   7.587642e-05   8.238181e-05   1.281549e-05   1.332102e-05   7.138037e-05   1.445779e-05   1.462803e-04   1.524483e-04   8.101697e-05   1.856230e-05
O16   1.269457e-01   1.320289e-01   1.329967e-01   1.425866e-01   1.381109e-01   1.440902e-01   1.425583e-01   1.511203e-01   1.654868e-01   1.639456e-01   1.661351e-01   1.706201e-01   1.731684e-01   1.783250e-01   4.339888e-02   4.480049e-02   4.683961e-02   4.801147e-02   4.960056e-02   3.273136e-01   3.475728e-01   3.781197e-01   4.068487e-01   3.960355e-01   4.459321e-01   4.382559e-01   4.594222e-01   6.512069e-02   4.963188e-01   5.408594e-01   5.580714e-01   7.416983e-02   7.733931e-02   9.389156e-01   8.410338e-02   8.886543e-01   8.511201e-01   1.137291e+00   1.129357e-01
O17   1.881616e-04   1.887926e-04   1.844038e-04   1.853851e-04   1.803999e-04   1.747615e-04   1.692631e-04   1.557834e-04   1.506428e-04   1.470706e-04   1.438354e-04   1.416257e-04   1.387677e-04   1.361030e-04   2.968720e-05   2.990728e-05   3.050804e-05   3.124394e-05   3.128273e-05   1.286909e-04   1.294744e-04   1.284708e-04   1.299007e-04   1.380196e-04   1.307550e-04   1.412152e-04   1.398314e-04   3.796272e-05   1.441627e-04   1.470721e-04   1.464814e-04   4.284869e-05   4.490064e-05   1.595747e-04   4.882982e-05   1.785513e-04   1.699593e-04   1.680635e-04   6.678531e-05
O18   5.645850e-04   1.121063e-03   8.928322e-04   1.246096e-03   2.896115e-04   1.152601e-03   7.279371e-04   1.268626e-03   4.213777e-04   3.996684e-04   4.111715e-04   4.275561e-04   4.347062e-04   4.515553e-04   7.941230e-05   8.248486e-05   8.665810e-05   8.916735e-05   9.244223e-05   4.659205e-03   4.094222e-03   5.519000e-03   5.823637e-03   6.685737e-03   7.122032e-03   8.040011e-03   8.373480e-03   1.230470e-04   8.710463e-03   1.001805e-02   9.680376e-03   1.395246e-04   1.450699e-04   1.139505e-02   1.568136e-04   1.120350e-02   1.129404e-02   1.213458e-02   2.071109e-04
F19   1.037891e-05   1.127116e-05   1.300685e-05   1.525678e-05   1.112286e-05   1.885255e-05   1.424606e-05   2.002732e-05   1.289200e-05   1.283455e-05   1.289982e-05   1.316214e-05   1.331971e-05   1.358452e-05   3.888041e-06   4.012433e-06   4.193155e-06   4.292893e-06   4.432863e-06   1.474107e-05   1.486880e-05   1.552561e-05   1.581100e-05   1.823031e-05   1.689813e-05   1.962801e-05   2.085101e-05   5.762553e-06   2.217860e-05   2.345197e-05   2.368404e-05   6.517191e-06   6.778298e-06   3.175767e-05   7.329876e-06   3.004056e-05   2.882738e-05   3.314051e-05   9.785586e-06
Ne20  4.144281e-02   4.318189e-02   4.379723e-02   4.588832e-02   4.616875e-02   4.712986e-02   4.810167e-02   4.983604e-02   5.349520e-02   5.251615e-02   5.376081e-02   5.480324e-02   5.595863e-02   5.768926e-02   1.395669e-02   1.445352e-02   1.511213e-02   1.556493e-02   1.609509e-02   6.324096e-02   6.636017e-02   6.585771e-02   6.681868e-02   8.703999e-02   7.034059e-02   9.309543e-02   1.040785e-01   2.185570e-02   1.202329e-01   1.276238e-01   1.332413e-01   2.531383e-02   2.650621e-02   2.121866e-01   2.912176e-02   1.771354e-01   1.562076e-01   2.214129e-01   4.003954e-02
Ne21  1.359435e-04   1.496974e-04   1.503902e-04   1.725460e-04   1.601455e-04   1.869707e-04   1.768678e-04   1.960298e-04   1.945978e-04   1.838402e-04   1.876668e-04   1.935592e-04   2.029091e-04   2.174280e-04   3.939412e-05   4.126435e-05   4.324671e-05   4.518907e-05   4.696159e-05   2.557240e-04   2.679753e-04   2.737126e-04   2.796862e-04   4.553540e-04   3.052913e-04   5.479035e-04   4.874397e-04   7.129042e-05   6.462601e-04   6.250770e-04   6.989824e-04   8.666691e-05   9.172330e-05   9.170485e-04   1.036256e-04   1.178987e-03   1.233740e-03   1.168383e-03   1.524627e-04
Ne22  3.373714e-03   3.872319e-03   3.631665e-03   4.245702e-03   3.343453e-03   4.236744e-03   3.775761e-03   4.483258e-03   4.402452e-03   4.228018e-03   4.298297e-03   4.466830e-03   4.559534e-03   4.717080e-03   1.019989e-03   1.053465e-03   1.101779e-03   1.128675e-03   1.166475e-03   1.253678e-02   1.337556e-02   1.433492e-02   1.542164e-02   1.669585e-02   1.654871e-02   1.863131e-02   1.936919e-02   1.527453e-03   1.900979e-02   2.127572e-02   2.083613e-02   1.735468e-03   1.807193e-03   3.376379e-02   1.961942e-03   3.143240e-02   3.235804e-02   3.787430e-02   2.625326e-03
Na23  1.310551e-03   1.390040e-03   1.374280e-03   1.476857e-03   1.500618e-03   1.535834e-03   1.532776e-03   1.550329e-03   1.702298e-03   1.573629e-03   1.631488e-03   1.653337e-03   1.722419e-03   1.815350e-03   3.083096e-04   3.222689e-04   3.366448e-04   3.531614e-04   3.658916e-04   2.394565e-03   2.528451e-03   2.524445e-03   2.603465e-03   3.408690e-03   2.749138e-03   3.635153e-03   4.038674e-03   5.570404e-04   4.486689e-03   5.025298e-03   5.087895e-03   6.815287e-04   7.243552e-04   1.099196e-02   8.217974e-04   7.573429e-03   6.913877e-03   1.243773e-02   1.210551e-03
Mg24  9.950973e-03   1.026620e-02   1.045516e-02   1.097968e-02   1.103722e-02   1.127005e-02   1.153661e-02   1.192249e-02   1.257568e-02   1.276729e-02   1.295962e-02   1.314043e-02   1.339598e-02   1.375269e-02   3.336951e-03   3.455843e-03   3.613341e-03   3.721750e-03   3.848571e-03   1.619325e-02   2.034970e-02   1.790002e-02   1.889843e-02   1.919237e-02   1.979550e-02   2.023842e-02   2.264894e-02   5.227816e-03   2.598010e-02   2.706232e-02   2.796869e-02   6.056079e-03   6.341598e-03   3.655269e-02   6.968223e-03   3.343875e-02   2.959100e-02   3.619866e-02   9.583746e-03
Mg25  1.247594e-03   1.425988e-03   1.443215e-03   1.584332e-03   1.502782e-03   1.593093e-03   1.512630e-03   1.690655e-03   1.887297e-03   1.836360e-03   1.864495e-03   1.911662e-03   1.954100e-03   2.054823e-03   4.279278e-04   4.420037e-04   4.619934e-04   4.741744e-04   4.898442e-04   2.354928e-03   2.714511e-03   2.580132e-03   2.637423e-03   4.897227e-03   2.971838e-03   5.478208e-03   6.473705e-03   6.473020e-04   8.371768e-03   9.035434e-03   9.792328e-03   7.395954e-04   7.719565e-04   1.515749e-02   8.408532e-04   1.425578e-02   1.234132e-02   1.781368e-02   1.132346e-03
Mg26  1.623052e-03   1.800638e-03   1.812005e-03   2.001186e-03   1.917119e-03   2.064656e-03   1.973334e-03   2.163655e-03   2.304943e-03   2.293767e-03   2.355954e-03   2.416854e-03   2.474437e-03   2.586385e-03   5.162397e-04   5.358280e-04   5.603974e-04   5.789256e-04   5.991414e-04   3.294211e-03   3.726663e-03   3.602535e-03   3.698411e-03   5.355259e-03   4.111095e-03   5.920589e-03   6.846002e-03   8.321196e-04   8.629564e-03   9.186011e-03   1.004784e-02   9.742146e-04   1.022648e-03   1.389746e-02   1.131030e-03   1.364942e-02   1.219933e-02   1.599066e-02   1.579333e-03
Al27  1.143260e-03   1.184710e-03   1.204766e-03   1.273605e-03   1.269147e-03   1.296697e-03   1.322038e-03   1.370673e-03   1.456145e-03   1.475395e-03   1.473302e-03   1.496647e-03   1.530336e-03   1.585167e-03   3.793759e-04   3.929159e-04   4.108342e-04   4.231930e-04   4.376328e-04   2.015350e-03   2.772407e-03   2.372957e-03   2.541643e-03   2.394849e-03   2.804605e-03   2.535287e-03   2.888819e-03   5.950403e-04   3.444878e-03   3.722983e-03   3.822364e-03   6.897368e-04   7.223627e-04   5.879610e-03   7.940932e-04   4.944101e-03   4.200738e-03   6.251166e-03   1.093501e-03
Si28  1.677061e-02   1.663191e-02   1.422911e-02   1.703183e-02   1.549096e-02   1.602836e-02   1.586225e-02   1.677000e-02   2.023102e-02   1.824039e-02   1.885942e-02   1.924203e-02   1.961944e-02   1.989220e-02   4.432392e-03   4.590314e-03   4.799515e-03   4.943510e-03   5.111962e-03   5.654522e-02   5.968758e-02   5.974940e-02   6.424661e-02   4.908892e-02   6.734644e-02   5.381051e-02   5.134226e-02   6.943964e-03   4.349764e-02   4.470575e-02   4.586056e-02   8.044111e-03   8.423355e-03   6.533431e-02   9.255672e-03   6.384491e-02   7.638833e-02   7.547784e-02   1.272975e-02
Si29  7.090785e-04   7.445297e-04   7.533898e-04   8.136274e-04   8.059353e-04   8.269428e-04   8.320685e-04   8.677198e-04   9.227944e-04   9.610748e-04   9.596546e-04   9.748177e-04   9.943713e-04   1.023247e-03   2.331054e-04   2.414107e-04   2.524128e-04   2.599857e-04   2.688449e-04   1.811210e-03   2.919483e-03   2.578063e-03   2.915570e-03   1.587207e-03   3.511339e-03   1.757474e-03   1.755654e-03   3.651922e-04   2.062143e-03   2.094465e-03   2.194682e-03   4.230503e-04   4.429952e-04   2.216045e-03   4.867678e-04   2.733973e-03   2.856221e-03   2.480495e-03   6.694738e-04
Si30  4.845776e-04   5.175945e-04   5.476214e-04   5.939243e-04   6.103561e-04   6.304940e-04   6.114223e-04   6.596515e-04   6.477233e-04   7.464650e-04   7.646364e-04   7.744313e-04   7.904123e-04   8.079901e-04   1.589507e-04   1.646138e-04   1.721159e-04   1.772794e-04   1.833202e-04   1.490434e-03   2.676845e-03   2.352611e-03   2.685950e-03   1.151417e-03   3.355128e-03   1.304017e-03   1.244269e-03   2.490142e-04   1.709666e-03   1.672841e-03   1.804480e-03   2.884640e-04   3.020633e-04   1.543966e-03   3.319088e-04   2.289172e-03   2.346690e-03   1.800219e-03   4.564838e-04
P31   1.614933e-04   1.554545e-04   1.504133e-04   1.725302e-04   1.650676e-04   1.701152e-04   1.646654e-04   1.779619e-04   2.039389e-04   1.971713e-04   2.034370e-04   2.069640e-04   2.113549e-04   2.164588e-04   4.394648e-05   4.551247e-05   4.758671e-05   4.901472e-05   5.068502e-05   9.322160e-04   1.305691e-03   1.267632e-03   1.393624e-03   5.705485e-04   1.756026e-03   6.551528e-04   6.171350e-04   6.885287e-05   5.816031e-04   5.982288e-04   6.416711e-04   7.976343e-05   8.352439e-05   8.909185e-04   9.177907e-05   9.090360e-04   1.121838e-03   1.011270e-03   1.262336e-04
S32   9.136458e-03   8.831085e-03   7.240870e-03   8.532299e-03   7.843236e-03   8.112779e-03   8.074196e-03   8.480228e-03   1.018384e-02   9.084731e-03   9.428775e-03   9.610300e-03   9.798545e-03   9.914962e-03   2.282413e-03   2.363733e-03   2.471458e-03   2.545607e-03   2.632350e-03   3.596175e-02   3.391445e-02   3.415887e-02   3.650196e-02   2.414579e-02   3.327567e-02   2.456034e-02   2.531518e-02   3.575719e-03   2.030415e-02   2.115078e-02   2.125627e-02   4.142227e-03   4.337514e-03   3.491937e-02   4.766107e-03   2.791771e-02   3.234145e-02   3.987201e-02   6.555042e-03
S33   7.310786e-05   6.376451e-05   5.887006e-05   6.722918e-05   6.313110e-05   6.497751e-05   6.516153e-05   6.793984e-05   8.463200e-05   7.164759e-05   7.423795e-05   7.554186e-05   7.700829e-05   7.833080e-05   1.854188e-05   1.920251e-05   2.007766e-05   2.068003e-05   2.138471e-05   4.103857e-04   3.724741e-04   3.945658e-04   4.250927e-04   2.113187e-04   3.873322e-04   2.214473e-04   2.201092e-04   2.904848e-05   1.481107e-04   1.532592e-04   1.567207e-04   3.365070e-05   3.523718e-05   2.931985e-04   3.871899e-05   2.040601e-04   2.972961e-04   3.474813e-04   5.325202e-05
S34   5.522961e-04   3.783310e-04   3.612894e-04   4.511356e-04   4.038219e-04   4.117928e-04   3.964253e-04   4.267343e-04   5.699228e-04   4.570483e-04   4.860933e-04   4.967884e-04   5.065274e-04   5.109659e-04   1.070573e-04   1.108717e-04   1.159246e-04   1.194025e-04   1.234712e-04   3.953990e-03   2.188765e-03   4.027241e-03   4.335304e-03   2.147956e-03   4.545528e-03   2.571719e-03   2.049754e-03   1.677202e-04   1.257366e-03   1.325403e-03   1.377949e-03   1.942925e-04   2.034525e-04   2.274666e-03   2.235558e-04   2.374158e-03   3.694618e-03   3.008437e-03   3.074664e-04
S36   1.216119e-06   1.414491e-06   1.379216e-06   1.541527e-06   1.495325e-06   1.577499e-06   1.489867e-06   1.628770e-06   2.208937e-06   1.790160e-06   1.843601e-06   1.896713e-06   1.942177e-06   2.017321e-06   3.938912e-07   4.079252e-07   4.265161e-07   4.393125e-07   4.542822e-07   4.152333e-06   1.806023e-05   1.121071e-05   1.451681e-05   6.184620e-06   2.220133e-05   7.484042e-06   6.806012e-06   6.170857e-07   6.655172e-06   6.948407e-06   7.610486e-06   7.148518e-07   7.485539e-07   1.100709e-05   8.225189e-07   1.104608e-05   1.724809e-05   1.458711e-05   1.131248e-06
Cl35  1.024710e-04   8.189137e-05   7.512886e-05   8.208295e-05   7.974546e-05   8.173854e-05   8.306126e-05   8.563194e-05   1.079025e-04   8.964395e-05   9.218091e-05   9.368910e-05   9.555633e-05   9.754012e-05   2.407583e-05   2.493363e-05   2.606996e-05   2.685211e-05   2.776711e-05   7.106148e-04   1.027376e-03   8.520365e-04   9.065357e-04   3.616804e-04   1.141417e-03   4.056929e-04   3.521870e-04   3.771815e-05   1.663217e-04   1.746868e-04   1.751570e-04   4.369392e-05   4.575389e-05   4.658378e-04   5.027485e-05   2.276766e-04   5.238188e-04   4.817274e-04   6.914529e-05
Cl37  2.923466e-05   2.803691e-05   2.629316e-05   2.872937e-05   2.767501e-05   2.892929e-05   2.888383e-05   3.017524e-05   3.477215e-05   3.188020e-05   3.260968e-05   3.340422e-05   3.411358e-05   3.515868e-05   8.141092e-06   8.431151e-06   8.815395e-06   9.079875e-06   9.389276e-06   1.080650e-04   1.330768e-04   1.142414e-04   1.272768e-04   8.432810e-05   1.206700e-04   8.796222e-05   9.384424e-05   1.275416e-05   8.431483e-05   9.068212e-05   9.315119e-05   1.477483e-05   1.547139e-05   1.722778e-04   1.700013e-05   1.417952e-04   1.496241e-04   2.104271e-04   2.338105e-05
Ar36  1.996849e-03   1.910390e-03   1.601348e-03   1.810189e-03   1.718357e-03   1.774392e-03   1.784534e-03   1.859493e-03   2.117197e-03   1.969656e-03   2.035846e-03   2.069403e-03   2.108824e-03   2.136024e-03   5.107720e-04   5.289703e-04   5.530778e-04   5.696713e-04   5.890831e-04   7.306298e-03   6.113389e-03   6.149580e-03   6.537388e-03   4.314974e-03   5.107278e-03   4.212150e-03   4.530371e-03   8.001959e-04   3.806322e-03   3.989282e-03   3.964024e-03   9.269725e-04   9.706750e-04   6.570591e-03   1.066588e-03   4.818099e-03   5.173327e-03   7.226032e-03   1.466927e-03
Ar38  6.347915e-04   3.827486e-04   3.138562e-04   4.001874e-04   3.341067e-04   3.472286e-04   3.449434e-04   3.584477e-04   5.406072e-04   3.816956e-04   3.966030e-04   4.021020e-04   4.112309e-04   4.207724e-04   9.801027e-05   1.015023e-04   1.061282e-04   1.093122e-04   1.130371e-04   4.223717e-03   2.552371e-03   3.778247e-03   4.109446e-03   2.250923e-03   3.407645e-03   2.285934e-03   2.241899e-03   1.535468e-04   1.168372e-03   1.296949e-03   1.273317e-03   1.778735e-04   1.862595e-04   3.016016e-03   2.046639e-04   2.009500e-03   2.817802e-03   3.955916e-03   2.814835e-04
Ar40  5.107865e-07   6.432721e-07   6.300067e-07   7.470606e-07   6.893157e-07   7.653947e-07   6.573918e-07   7.885992e-07   9.140333e-07   8.691209e-07   9.055680e-07   9.408421e-07   9.654702e-07   1.014567e-06   1.610955e-07   1.668346e-07   1.744373e-07   1.796701e-07   1.857918e-07   1.762151e-06   7.076283e-06   4.044662e-06   5.176912e-06   2.846690e-06   6.777870e-06   3.412050e-06   3.575035e-06   2.523691e-07   4.703577e-06   4.826435e-06   5.637779e-06   2.923502e-07   3.061327e-07   6.943955e-06   3.363809e-07   7.625387e-06   8.612642e-06   8.282142e-06   4.626382e-07
K39   1.081733e-04   8.124899e-05   7.005293e-05   7.617584e-05   7.403738e-05   7.629541e-05   7.759993e-05   7.984825e-05   1.044100e-04   8.354967e-05   8.553050e-05   8.706711e-05   8.883360e-05   9.086134e-05   2.250830e-05   2.331024e-05   2.437259e-05   2.510382e-05   2.595924e-05   7.957651e-04   1.371827e-03   8.786434e-04   9.623267e-04   3.615188e-04   9.160350e-04   3.567258e-04   3.682776e-04   3.526239e-05   1.599628e-04   1.702520e-04   1.683318e-04   4.084909e-05   4.277494e-05   5.739632e-04   4.700155e-05   2.067651e-04   4.191009e-04   5.902214e-04   6.464336e-05
K40   2.596342e-07   1.448717e-07   1.351944e-07   1.566011e-07   1.383494e-07   1.543087e-07   1.453106e-07   1.600080e-07   5.352461e-07   1.710762e-07   1.750538e-07   1.810385e-07   1.848930e-07   1.933686e-07   3.609546e-08   3.738740e-08   3.909732e-08   4.027638e-08   4.165489e-08   9.868135e-06   4.566495e-05   2.312569e-05   2.881672e-05   4.457576e-06   3.111822e-05   5.074367e-06   4.322032e-06   5.663777e-08   7.719629e-07   8.539646e-07   8.644667e-07   6.563184e-08   6.873077e-08   5.332476e-06   7.553161e-08   1.485564e-06   8.049784e-06   6.046921e-06   1.038976e-07
K41   7.157859e-06   6.074620e-06   5.396285e-06   5.909866e-06   5.693921e-06   5.922061e-06   5.955961e-06   6.162312e-06   7.509430e-06   6.440053e-06   6.590637e-06   6.724358e-06   6.861348e-06   7.030568e-06   1.707671e-06   1.768514e-06   1.849113e-06   1.904590e-06   1.969490e-06   7.393168e-05   7.937854e-05   4.716958e-05   5.258735e-05   1.785611e-05   2.953060e-05   1.601074e-05   2.123415e-05   2.675306e-06   1.283241e-05   1.357671e-05   1.353377e-05   3.099160e-06   3.245272e-06   4.129303e-05   3.565939e-06   1.672787e-05   2.060008e-05   4.283879e-05   4.904397e-06
Ca40  1.390608e-03   1.477351e-03   1.197129e-03   1.351160e-03   1.286589e-03   1.329287e-03   1.336114e-03   1.395507e-03   1.556752e-03   1.478894e-03   1.532407e-03   1.552347e-03   1.580733e-03   1.597020e-03   3.808776e-04   3.944479e-04   4.124246e-04   4.247981e-04   4.392733e-04   4.901966e-03   4.805921e-03   3.432725e-03   3.619957e-03   2.765753e-03   2.558617e-03   2.697238e-03   3.072135e-03   5.966979e-04   2.760409e-03   2.902757e-03   2.880617e-03   6.912340e-04   7.238225e-04   4.850777e-03   7.953438e-04   3.369272e-03   3.466615e-03   4.981069e-03   1.093872e-03
Ca42  2.492248e-05   1.167696e-05   8.572984e-06   1.112584e-05   9.100975e-06   9.562622e-06   9.436282e-06   9.794722e-06   1.561205e-05   1.045564e-05   1.089072e-05   1.103285e-05   1.129669e-05   1.157962e-05   2.669215e-06   2.764317e-06   2.890299e-06   2.977014e-06   3.078457e-06   2.041872e-04   1.164388e-04   1.516714e-04   1.645359e-04   7.400929e-05   1.058716e-04   6.852158e-05   7.212887e-05   4.181699e-06   3.432633e-05   3.900889e-05   3.722348e-05   4.844214e-06   5.072597e-06   1.197255e-04   5.573824e-06   5.594726e-05   7.477328e-05   1.459160e-04   7.665932e-06
Ca43  1.953267e-06   1.819365e-06   1.800209e-06   1.896821e-06   1.909248e-06   2.014125e-06   1.995474e-06   2.057499e-06   2.444016e-06   2.147678e-06   2.191184e-06   2.231816e-06   2.280138e-06   2.344999e-06   5.702217e-07   5.905381e-07   6.174515e-07   6.359764e-07   6.576475e-07   1.381338e-05   1.898981e-05   1.947533e-05   2.216492e-05   6.069171e-06   1.987331e-05   6.415084e-06   6.005520e-06   8.933321e-07   4.041547e-06   4.189351e-06   4.312856e-06   1.034864e-06   1.083654e-06   8.229854e-06   1.190730e-06   5.593989e-06   9.002740e-06   1.039968e-05   1.637665e-06
Ca44  2.735051e-05   2.842476e-05   2.825419e-05   2.960647e-05   2.984323e-05   3.056034e-05   3.138917e-05   3.224876e-05   3.349357e-05   3.338352e-05   3.397014e-05   3.466801e-05   3.538868e-05   3.609160e-05   9.015411e-06   9.336621e-06   9.762131e-06   1.005502e-05   1.039764e-05   5.299806e-05   5.711257e-05   6.136829e-05   6.574927e-05   4.836297e-05   6.516653e-05   5.048045e-05   5.081113e-05   1.412390e-05   5.251719e-05   5.352122e-05   5.467051e-05   1.636158e-05   1.713295e-05   6.141487e-05   1.882587e-05   6.119951e-05   6.435893e-05   6.667077e-05   2.589208e-05
Ca46  5.399406e-08   7.812293e-08   7.396803e-08   9.221105e-08   8.733529e-08   9.856127e-08   7.520944e-08   9.942985e-08   9.866133e-08   1.208851e-07   1.298695e-07   1.375071e-07   1.413059e-07   1.474783e-07   1.807335e-08   1.871728e-08   1.957031e-08   2.015746e-08   2.084433e-08   1.832001e-07   3.691919e-07   4.078722e-07   4.814893e-07   3.964958e-07   7.795070e-07   4.980061e-07   5.646533e-07   2.831443e-08   1.014992e-06   1.068492e-06   1.278026e-06   3.280034e-08   3.434672e-08   8.643316e-07   3.774054e-08   1.219089e-06   1.224540e-06   1.013151e-06   5.190628e-08
Ca48  2.616816e-06   2.683449e-06   2.705515e-06   2.802141e-06   2.840068e-06   2.909661e-06   2.998320e-06   3.056754e-06   3.152752e-06   3.164711e-06   3.228774e-06   3.287659e-06   3.351309e-06   3.423498e-06   8.816807e-07   9.130941e-07   9.547078e-07   9.833510e-07   1.016859e-06   3.875328e-06   3.945403e-06   3.998898e-06   4.063881e-06   4.154907e-06   4.182344e-06   4.284642e-06   4.347974e-06   1.381276e-06   4.485110e-06   4.548907e-06   4.613336e-06   1.600115e-06   1.675553e-06   4.840029e-06   1.841115e-06   4.947929e-06   5.021017e-06   5.079758e-06   2.532169e-06
Sc45  8.154343e-07   8.547686e-07   8.337050e-07   8.988495e-07   8.861163e-07   9.252745e-07   9.157142e-07   9.607590e-07   1.144834e-06   1.026227e-06   1.044543e-06   1.068926e-06   1.093465e-06   1.130231e-06   2.606111e-07   2.698964e-07   2.821967e-07   2.906632e-07   3.005677e-07   7.442987e-06   6.628910e-06   9.862272e-06   1.100487e-05   2.553968e-06   1.041030e-05   2.786313e-06   2.826871e-06   4.082837e-07   2.728512e-06   2.901542e-06   3.087169e-06   4.729689e-07   4.952673e-07   3.878418e-06   5.442049e-07   3.713678e-06   4.733871e-06   4.781292e-06   7.484697e-07
Ti46  6.903210e-06   7.050500e-06   5.042525e-06   6.122801e-06   5.347951e-06   5.607319e-06   5.582018e-06   5.752309e-06   7.543487e-06   6.109446e-06   6.328775e-06   6.411581e-06   6.557873e-06   6.715804e-06   1.601230e-06   1.658281e-06   1.733856e-06   1.785875e-06   1.846729e-06   4.641729e-05   2.966892e-05   3.162387e-05   3.302399e-05   1.786926e-05   2.483576e-05   1.713777e-05   2.017848e-05   2.508552e-06   1.465538e-05   1.583300e-05   1.536048e-05   2.905986e-06   3.042990e-06   3.758790e-05   3.343670e-06   1.826277e-05   2.197059e-05   3.844044e-05   4.598701e-06
Ti47  4.558615e-06   4.657657e-06   4.614817e-06   4.875434e-06   4.880347e-06   5.032864e-06   5.129240e-06   5.251425e-06   5.594821e-06   5.430755e-06   5.550274e-06   5.644777e-06   5.757159e-06   5.888315e-06   1.474999e-06   1.527552e-06   1.597169e-06   1.645088e-06   1.701145e-06   1.542119e-05   1.725025e-05   1.560608e-05   1.676837e-05   8.406252e-06   1.552622e-05   8.649818e-06   9.027920e-06   2.310793e-06   8.423791e-06   8.573201e-06   8.751153e-06   2.676897e-06   2.803100e-06   1.181036e-05   3.080076e-06   9.784172e-06   1.088488e-05   1.223344e-05   4.236168e-06
Ti48  4.640963e-05   4.914843e-05   4.763766e-05   5.141469e-05   5.076149e-05   5.196147e-05   5.316818e-05   5.511805e-05   5.726317e-05   5.742586e-05   5.877159e-05   5.980656e-05   6.104369e-05   6.188334e-05   1.493130e-05   1.546328e-05   1.616801e-05   1.665309e-05   1.722055e-05   7.768534e-05   8.331600e-05   8.049107e-05   8.338631e-05   8.427616e-05   8.291853e-05   8.867709e-05   8.835715e-05   2.339196e-05   9.458136e-05   9.713200e-05   9.901683e-05   2.709800e-05   2.837555e-05   1.067668e-04   3.117935e-05   1.106548e-04   1.121925e-04   1.121431e-04   4.288238e-05
Ti49  3.489952e-06   3.692047e-06   3.534434e-06   3.867240e-06   3.843557e-06   3.979982e-06   3.920079e-06   4.078643e-06   4.366202e-06   4.270591e-06   4.402760e-06   4.466011e-06   4.552115e-06   4.629265e-06   1.118389e-06   1.158236e-06   1.211022e-06   1.247355e-06   1.289859e-06   1.033278e-05   9.741685e-06   1.002661e-05   1.048237e-05   6.950018e-06   1.048161e-05   7.299456e-06   7.484228e-06   1.752113e-06   7.576379e-06   7.890524e-06   7.977734e-06   2.029704e-06   2.125395e-06   1.058390e-05   2.335407e-06   1.000721e-05   1.009134e-05   1.132664e-05   3.211991e-06
Ti50  3.268400e-06   3.424150e-06   3.444763e-06   3.619843e-06   3.622296e-06   3.754165e-06   3.801450e-06   3.930011e-06   4.085180e-06   4.110576e-06   4.191451e-06   4.281582e-06   4.368924e-06   4.485795e-06   1.093909e-06   1.132884e-06   1.184514e-06   1.220052e-06   1.261626e-06   5.794801e-06   6.549129e-06   6.706509e-06   7.032512e-06   6.510502e-06   7.996157e-06   6.894910e-06   7.269945e-06   1.713761e-06   8.121187e-06   8.434975e-06   8.784952e-06   1.985276e-06   2.078873e-06   1.108445e-05   2.284287e-06   1.152443e-05   1.078571e-05   1.272700e-05   3.141684e-06
V50   2.121778e-08   2.386302e-08   1.968577e-08   2.435796e-08   2.211854e-08   2.317450e-08   2.194532e-08   2.376914e-08   3.480447e-08   2.651036e-08   2.803834e-08   2.834443e-08   2.892541e-08   2.926273e-08   5.896407e-09   6.106490e-09   6.384789e-09   6.576346e-09   6.800438e-09   1.236422e-06   1.151368e-06   1.486469e-06   1.601706e-06   7.726754e-08   1.621173e-06   8.479480e-08   8.532988e-08   9.237547e-09   6.847843e-08   6.823130e-08   7.218755e-08   1.070107e-08   1.120558e-08   1.027495e-07   1.231281e-08   9.455564e-08   1.444248e-07   1.146735e-07   1.693436e-08
V51   7.797745e-06   8.342212e-06   7.610301e-06   8.554522e-06   8.246354e-06   8.505555e-06   8.487088e-06   8.851492e-06   9.580237e-06   9.373933e-06   9.709404e-06   9.816307e-06   9.991178e-06   1.009025e-05   2.402509e-06   2.488108e-06   2.601502e-06   2.679553e-06   2.770860e-06   2.004390e-05   2.483684e-05   1.619691e-05   1.691065e-05   1.490201e-05   1.587415e-05   1.555471e-05   1.591640e-05   3.763867e-06   1.609452e-05   1.671895e-05   1.691109e-05   4.360184e-06   4.565747e-06   2.254900e-05   5.016891e-06   1.986936e-05   2.026451e-05   2.238225e-05   6.899958e-06
Cr50  1.801731e-05   2.289721e-05   1.580350e-05   2.015264e-05   1.746887e-05   1.821650e-05   1.778236e-05   1.900990e-05   2.252422e-05   2.083065e-05   2.179974e-05   2.233457e-05   2.272884e-05   2.280514e-05   4.894917e-06   5.069318e-06   5.300349e-06   5.459370e-06   5.645400e-06   4.047965e-05   4.450409e-05   3.362560e-05   3.512506e-05   4.227638e-05   3.182482e-05   4.393690e-05   4.364982e-05   7.668572e-06   4.975340e-05   5.006018e-05   5.132421e-05   8.883519e-06   9.302337e-06   7.406376e-05   1.022151e-05   6.567728e-05   6.444592e-05   7.191139e-05   1.405810e-05
Cr52  3.089267e-04   3.322809e-04   3.090268e-04   3.483398e-04   3.296330e-04   3.411901e-04   3.455291e-04   3.581175e-04   3.820897e-04   3.814921e-04   3.994335e-04   4.013713e-04   4.074331e-04   4.088787e-04   9.815902e-05   1.016563e-04   1.062893e-04   1.094781e-04   1.132087e-04   5.066685e-04   5.358486e-04   5.104782e-04   5.340839e-04   5.806887e-04   5.268422e-04   6.248211e-04   6.108914e-04   1.537798e-04   6.441680e-04   6.806150e-04   6.966815e-04   1.781435e-04   1.865422e-04   7.495865e-04   2.049745e-04   7.897905e-04   8.082415e-04   8.186676e-04   2.819107e-04
Cr53  3.676270e-05   4.111146e-05   3.591264e-05   4.168556e-05   3.882963e-05   4.024213e-05   4.021309e-05   4.218047e-05   4.585592e-05   4.521880e-05   4.753072e-05   4.778682e-05   4.849221e-05   4.858840e-05   1.134422e-05   1.174841e-05   1.228383e-05   1.265237e-05   1.308351e-05   6.323299e-05   6.719791e-05   6.302106e-05   6.571398e-05   7.282666e-05   6.428007e-05   7.840711e-05   7.612339e-05   1.777231e-05   8.144270e-05   8.568660e-05   8.774086e-05   2.058801e-05   2.155865e-05   9.926850e-05   2.368887e-05   1.038250e-04   1.054387e-04   1.071136e-04   3.258038e-05
Cr54  8.801476e-06   9.417826e-06   9.131048e-06   9.819726e-06   9.641298e-06   1.003677e-05   1.008499e-05   1.051798e-05   1.115038e-05   1.109886e-05   1.134380e-05   1.156573e-05   1.180317e-05   1.210626e-05   2.876818e-06   2.979316e-06   3.115097e-06   3.208556e-06   3.317889e-06   1.651993e-05   1.889056e-05   1.725677e-05   1.799093e-05   1.883838e-05   1.893617e-05   2.006001e-05   2.089361e-05   4.506938e-06   2.280973e-05   2.378086e-05   2.458645e-05   5.220981e-06   5.467127e-06   3.274193e-05   6.007337e-06   3.301578e-05   3.205656e-05   3.724596e-05   8.262163e-06
Mn55  2.691547e-04   2.925932e-04   2.688463e-04   2.995382e-04   2.888673e-04   2.987443e-04   3.003062e-04   3.121509e-04   3.317164e-04   3.317627e-04   3.432812e-04   3.484332e-04   3.537014e-04   3.559417e-04   8.582192e-05   8.887967e-05   9.293030e-05   9.571840e-05   9.898005e-05   4.426379e-04   4.949613e-04   4.420758e-04   4.581496e-04   4.935524e-04   4.587471e-04   5.246344e-04   5.167102e-04   1.344520e-04   5.469095e-04   5.648284e-04   5.763094e-04   1.557536e-04   1.630966e-04   6.386027e-04   1.792123e-04   6.671909e-04   6.754204e-04   6.873010e-04   2.464788e-04
Fe54  1.561179e-03   1.829677e-03   1.500666e-03   1.786363e-03   1.639266e-03   1.690648e-03   1.686943e-03   1.775151e-03   1.968670e-03   1.918216e-03   2.010921e-03   2.042753e-03   2.077460e-03   2.082129e-03   4.725140e-04   4.893492e-04   5.116510e-04   5.270016e-04   5.449594e-04   2.593482e-03   2.900855e-03   2.669697e-03   2.788608e-03   3.284419e-03   2.722456e-03   3.494239e-03   3.360750e-03   7.402593e-04   3.821325e-03   3.879598e-03   3.991212e-03   8.575400e-04   8.979692e-04   4.624677e-03   9.866980e-04   5.012212e-03   5.022351e-03   4.831284e-03   1.357051e-03
Fe56  2.421981e-02   2.646573e-02   2.437940e-02   2.749760e-02   2.645137e-02   2.759761e-02   2.714547e-02   2.883279e-02   3.027951e-02   3.130114e-02   3.227703e-02   3.304884e-02   3.350466e-02   3.381522e-02   7.691845e-03   7.965898e-03   8.328938e-03   8.578824e-03   8.871151e-03   3.799333e-02   4.281837e-02   3.918418e-02   4.045419e-02   4.599698e-02   4.106365e-02   4.905166e-02   4.794444e-02   1.205035e-02   5.320657e-02   5.478647e-02   5.641274e-02   1.395951e-02   1.461764e-02   5.649254e-02   1.606202e-02   6.549494e-02   6.487065e-02   6.069264e-02   2.209082e-02
Fe57  6.083608e-04   7.100650e-04   6.080955e-04   7.233331e-04   6.656894e-04   7.048386e-04   6.791327e-04   7.613178e-04   7.939497e-04   8.406468e-04   8.608488e-04   8.916426e-04   8.968443e-04   9.124941e-04   1.808240e-04   1.872666e-04   1.958012e-04   2.016756e-04   2.085478e-04   1.028404e-03   1.314073e-03   1.094440e-03   1.139001e-03   1.372354e-03   1.160214e-03   1.480909e-03   1.447637e-03   2.832861e-04   1.674240e-03   1.740524e-03   1.794566e-03   3.281677e-04   3.436394e-04   1.921897e-03   3.775946e-04   2.223380e-03   2.158226e-03   2.035173e-03   5.193229e-04
Fe58  7.655116e-05   8.984445e-05   8.794730e-05   9.855134e-05   9.254591e-05   1.018575e-04   9.611763e-05   1.072853e-04   1.174695e-04   1.176113e-04   1.218913e-04   1.225428e-04   1.258501e-04   1.371512e-04   2.447629e-05   2.534835e-05   2.650359e-05   2.729875e-05   2.822896e-05   2.247691e-04   3.010303e-04   2.788082e-04   3.018179e-04   3.364098e-04   3.510953e-04   3.785607e-04   4.065622e-04   3.834553e-05   4.742660e-04   5.101252e-04   5.377513e-04   4.442068e-05   4.651492e-05   8.550693e-04   5.111109e-05   8.704729e-04   8.416012e-04   1.046696e-03   7.029539e-05
Co59  7.442489e-05   8.545797e-05   7.848193e-05   8.918352e-05   8.613912e-05   9.114595e-05   8.660725e-05   9.659507e-05   1.028876e-04   1.064321e-04   1.115095e-04   1.119278e-04   1.136359e-04   1.244187e-04   2.291580e-05   2.373227e-05   2.481385e-05   2.555832e-05   2.642923e-05   1.820866e-04   2.007819e-04   1.983377e-04   2.083188e-04   2.254256e-04   2.221891e-04   2.486030e-04   2.635508e-04   3.590081e-05   3.153460e-04   3.349798e-04   3.551967e-04   4.158864e-05   4.354936e-05   4.391001e-04   4.785250e-05   4.860961e-04   4.697075e-04   5.143892e-04   6.581371e-05
Ni58  1.123651e-03   1.395938e-03   1.103342e-03   1.330003e-03   1.210191e-03   1.275154e-03   1.239507e-03   1.505169e-03   1.526265e-03   1.700984e-03   1.800724e-03   1.822824e-03   1.775091e-03   1.983966e-03   3.297175e-04   3.414650e-04   3.570270e-04   3.677386e-04   3.802694e-04   1.811726e-03   2.421000e-03   1.904630e-03   1.966863e-03   2.419170e-03   1.971560e-03   2.604798e-03   2.538774e-03   5.165485e-04   2.983456e-03   3.180232e-03   3.252899e-03   5.983863e-04   6.265976e-04   3.208560e-03   6.885120e-04   4.012880e-03   3.786645e-03   3.181403e-03   9.469418e-04
Ni60  4.408612e-04   4.814357e-04   4.324839e-04   4.989109e-04   4.844906e-04   5.083054e-04   4.833002e-04   5.319461e-04   5.536841e-04   5.833146e-04   5.978792e-04   6.126965e-04   6.258494e-04   6.462989e-04   1.313810e-04   1.360620e-04   1.422629e-04   1.465311e-04   1.515242e-04   8.303862e-04   8.979540e-04   8.789728e-04   9.083380e-04   1.028335e-03   8.808836e-04   1.106626e-03   1.078176e-03   2.058267e-04   1.212858e-03   1.242392e-03   1.302034e-03   2.384363e-04   2.496775e-04   1.389678e-03   2.743482e-04   1.618237e-03   1.656897e-03   1.583217e-03   3.773236e-04
Ni61  2.050093e-05   2.613331e-05   2.164452e-05   2.687725e-05   2.525787e-05   2.581547e-05   2.419972e-05   2.929913e-05   3.208765e-05   3.463045e-05   3.624364e-05   3.611155e-05   3.662088e-05   4.122643e-05   5.806361e-06   6.013236e-06   6.287285e-06   6.475917e-06   6.696586e-06   6.037570e-05   8.428041e-05   8.766661e-05   9.606337e-05   8.093991e-05   1.039185e-04   9.384415e-05   8.997625e-05   9.096477e-06   1.081078e-04   1.138857e-04   1.210468e-04   1.053765e-05   1.103445e-05   2.053544e-04   1.212477e-05   2.138002e-04   2.110742e-04   2.528742e-04   1.667575e-05
Ni62  8.023996e-05   1.215334e-04   7.638264e-05   1.111626e-04   9.147317e-05   1.002398e-04   8.924582e-05   1.321151e-04   1.294783e-04   1.607777e-04   1.650743e-04   1.733450e-04   1.655686e-04   1.857981e-04   1.881624e-05   1.948664e-05   2.037473e-05   2.098601e-05   2.170112e-05   2.143210e-04   3.318893e-04   2.871415e-04   3.147570e-04   2.943311e-04   3.720951e-04   3.424646e-04   3.108555e-04   2.947827e-05   3.866523e-04   4.157125e-04   4.356109e-04   3.414857e-05   3.575852e-05   5.148294e-04   3.929184e-05   6.455549e-04   6.476835e-04   5.945850e-04   5.403984e-05
Ni64  1.581871e-05   2.012634e-05   1.985327e-05   2.359403e-05   2.051674e-05   2.362093e-05   2.084046e-05   2.421162e-05   2.551511e-05   2.717082e-05   2.696880e-05   2.802054e-05   2.856736e-05   3.064985e-05   4.946669e-06   5.122914e-06   5.356387e-06   5.517090e-06   5.705087e-06   4.978939e-05   6.638318e-05   6.165304e-05   6.462126e-05   8.299930e-05   8.062976e-05   9.198317e-05   1.133825e-04   7.749649e-06   1.553018e-04   1.692466e-04   1.859942e-04   8.977441e-06   9.400687e-06   2.779390e-04   1.032957e-05   2.994792e-04   2.317668e-04   3.418881e-04   1.420673e-05
Cu63  1.285171e-05   1.571385e-05   1.483880e-05   1.694834e-05   1.562095e-05   1.711722e-05   1.586350e-05   1.801470e-05   2.065003e-05   2.019740e-05   2.088846e-05   2.036264e-05   2.083459e-05   2.461644e-05   4.001482e-06   4.144051e-06   4.332913e-06   4.462909e-06   4.614985e-06   3.425392e-05   3.818702e-05   3.823943e-05   3.960243e-05   6.277441e-05   4.526122e-05   6.911352e-05   8.520963e-05   6.268881e-06   1.024143e-04   1.161118e-04   1.227342e-04   7.262072e-06   7.604446e-06   2.435994e-04   8.355846e-06   2.175127e-04   1.682798e-04   2.948541e-04   1.149217e-05
Cu65  5.730587e-06   6.719713e-06   6.642006e-06   7.590963e-06   7.362632e-06   7.801035e-06   7.221968e-06   8.061913e-06   8.737903e-06   9.046219e-06   9.457063e-06   9.711585e-06   9.896995e-06   1.058149e-05   1.839801e-06   1.905351e-06   1.992186e-06   2.051956e-06   2.121877e-06   1.814799e-05   1.970837e-05   2.282772e-05   2.378184e-05   2.385880e-05   3.032175e-05   2.706900e-05   3.047932e-05   2.882305e-06   4.101929e-05   4.269393e-05   4.760797e-05   3.338955e-06   3.496371e-06   6.403642e-05   3.841850e-06   7.494250e-05   6.496877e-05   7.966885e-05   5.283870e-06
Zn64  2.040172e-05   2.109463e-05   2.102460e-05   2.200590e-05   2.299998e-05   2.437231e-05   2.335465e-05   2.397011e-05   2.478445e-05   2.499561e-05   2.935660e-05   2.596553e-05   2.645803e-05   3.711486e-05   6.805311e-06   7.047777e-06   7.368975e-06   7.590060e-06   7.848694e-06   3.255288e-05   3.242093e-05   3.288107e-05   3.352895e-05   3.416486e-05   3.421122e-05   3.546389e-05   3.563521e-05   1.066147e-05   3.675099e-05   3.726066e-05   3.787735e-05   1.235059e-05   1.293286e-05   4.138880e-05   1.421077e-05   4.345755e-05   4.538278e-05   4.553800e-05   1.954471e-05
Zn66  1.264063e-05   1.420909e-05   1.328731e-05   1.492881e-05   1.462026e-05   1.521058e-05   1.463447e-05   1.641953e-05   1.680141e-05   1.784875e-05   1.812161e-05   1.895725e-05   1.911107e-05   1.971003e-05   3.957870e-06   4.098885e-06   4.285689e-06   4.414269e-06   4.564687e-06   3.247708e-05   3.076368e-05   3.512781e-05   3.652298e-05   3.394052e-05   4.145693e-05   3.779643e-05   3.930713e-05   6.200558e-06   4.810814e-05   4.903878e-05   5.371264e-05   7.182924e-06   7.521567e-06   6.956055e-05   8.264777e-06   7.700621e-05   7.550134e-05   8.424546e-05   1.136692e-05
Zn67  1.779102e-06   2.097605e-06   2.074385e-06   2.344430e-06   2.316223e-06   2.392177e-06   2.241744e-06   2.460182e-06   2.553331e-06   2.795780e-06   2.900481e-06   2.934278e-06   3.002660e-06   3.287226e-06   5.853824e-07   6.062390e-07   6.338679e-07   6.528853e-07   6.751326e-07   3.341222e-06   4.054364e-06   3.741170e-06   3.814434e-06   6.116821e-06   4.656683e-06   6.919785e-06   8.056314e-06   9.170834e-07   1.286501e-05   1.345335e-05   1.493148e-05   1.062379e-06   1.112465e-06   1.684686e-05   1.222388e-06   2.317464e-05   1.620937e-05   2.068557e-05   1.681206e-06
Zn68  8.228938e-06   8.982901e-06   9.195163e-06   1.013935e-05   9.336889e-06   1.044225e-05   9.879015e-06   1.091541e-05   1.088090e-05   1.116163e-05   1.161382e-05   1.166972e-05   1.187498e-05   1.290870e-05   2.712879e-06   2.809536e-06   2.937578e-06   3.025712e-06   3.128814e-06   1.733388e-05   1.981353e-05   1.994989e-05   2.071674e-05   2.293651e-05   2.465943e-05   2.482615e-05   2.979694e-05   4.250104e-06   3.965621e-05   4.289711e-05   4.734317e-05   4.923456e-06   5.155575e-06   6.477679e-05   5.665000e-06   6.244800e-05   5.408413e-05   8.110753e-05   7.791332e-06
Zn70  2.745867e-07   4.187651e-07   3.663882e-07   4.307214e-07   4.783485e-07   4.646847e-07   3.823591e-07   4.667545e-07   5.197418e-07   7.491493e-07   8.843403e-07   9.426785e-07   9.527478e-07   9.213754e-07   9.243503e-08   9.572840e-08   1.000912e-07   1.030941e-07   1.066071e-07   4.845412e-07   5.429228e-07   5.546058e-07   5.061104e-07   1.627993e-06   7.494924e-07   2.090943e-06   2.010452e-06   1.448124e-07   5.091398e-06   4.757605e-06   5.880942e-06   1.677553e-07   1.756642e-07   1.061640e-06   1.930217e-07   8.135971e-06   4.461567e-06   1.449671e-06   2.654715e-07
Ga69  7.875340e-07   9.242708e-07   9.182696e-07   1.041637e-06   9.830292e-07   1.073483e-06   9.708559e-07   1.118480e-06   1.207824e-06   1.225406e-06   1.338527e-06   1.390038e-06   1.411705e-06   1.457874e-06   2.573815e-07   2.665518e-07   2.786997e-07   2.870613e-07   2.968430e-07   2.285145e-06   2.040214e-06   2.438891e-06   2.368900e-06   3.297722e-06   2.806049e-06   3.831939e-06   4.376700e-06   4.032242e-07   6.533043e-06   6.901425e-06   7.908522e-06   4.671078e-07   4.891298e-07   1.021012e-05   5.374610e-07   1.107951e-05   9.561001e-06   1.292389e-05   7.391944e-07
Ga71  5.392381e-07   6.107439e-07   6.227339e-07   7.060001e-07   7.064661e-07   7.186300e-07   6.623685e-07   7.458577e-07   8.113349e-07   8.820367e-07   9.664492e-07   9.976564e-07   1.012968e-06   1.038375e-06   1.757721e-07   1.820346e-07   1.903307e-07   1.960411e-07   2.027212e-07   1.143025e-06   1.670325e-06   1.526978e-06   1.625167e-06   2.007621e-06   2.246415e-06   2.391099e-06   2.528844e-06   2.753715e-07   4.204301e-06   4.201616e-06   4.882961e-06   3.189992e-07   3.340385e-07   6.891310e-06   3.670451e-07   6.881677e-06   6.528638e-06   8.362661e-06   5.048137e-07
Ge70  9.341318e-07   1.005100e-06   1.036594e-06   1.166064e-06   1.007341e-06   1.163609e-06   1.090250e-06   1.229815e-06   1.181825e-06   1.147582e-06   1.179207e-06   1.207669e-06   1.226407e-06   1.265963e-06   2.965718e-07   3.071384e-07   3.211360e-07   3.307707e-07   3.420419e-07   3.115159e-06   2.361925e-06   3.052626e-06   3.090969e-06   2.836576e-06   3.246556e-06   2.965193e-06   3.738495e-06   4.646212e-07   4.294486e-06   4.886269e-06   5.299738e-06   5.382321e-07   5.636073e-07   1.044317e-05   6.192977e-07   6.997359e-06   6.488461e-06   1.297759e-05   8.517482e-07
Ge72  1.258003e-06   1.350140e-06   1.388641e-06   1.541360e-06   1.494369e-06   1.575423e-06   1.481601e-06   1.652025e-06   1.699082e-06   1.749605e-06   1.910606e-06   1.944518e-06   1.975416e-06   2.043706e-06   4.078862e-07   4.224188e-07   4.416702e-07   4.549213e-07   4.704229e-07   3.454709e-06   3.630374e-06   4.435944e-06   4.819470e-06   3.905200e-06   6.062884e-06   4.513431e-06   4.763822e-06   6.390108e-07   6.283606e-06   6.449994e-06   7.335768e-06   7.402506e-07   7.751500e-07   1.153340e-05   8.517431e-07   1.015043e-05   1.092949e-05   1.447195e-05   1.171441e-06
Ge73  3.538101e-07   4.045340e-07   4.179731e-07   4.755264e-07   4.645071e-07   4.926298e-07   4.407320e-07   5.141334e-07   5.192935e-07   5.675358e-07   6.142394e-07   6.243392e-07   6.419630e-07   6.747280e-07   1.169302e-07   1.210963e-07   1.266152e-07   1.304139e-07   1.348578e-07   6.588843e-07   7.581312e-07   7.214206e-07   7.278372e-07   1.360339e-06   8.625875e-07   1.606910e-06   1.940090e-06   1.831875e-07   3.135303e-06   3.431235e-06   3.847812e-06   2.122103e-07   2.222151e-07   5.146483e-06   2.441723e-07   6.213976e-06   4.518691e-06   6.572356e-06   3.358212e-07
Ge74  1.677346e-06   1.809123e-06   1.867426e-06   2.054721e-06   1.895369e-06   2.125362e-06   1.999606e-06   2.231934e-06   2.181879e-06   2.229562e-06   2.281595e-06   2.326388e-06   2.375989e-06   2.464942e-06   5.578701e-07   5.777464e-07   6.040768e-07   6.222004e-07   6.434021e-07   3.298280e-06   3.845444e-06   3.814994e-06   3.915709e-06   4.483520e-06   4.776149e-06   4.852412e-06   5.966418e-06   8.739815e-07   7.934002e-06   8.784006e-06   9.638322e-06   1.012448e-06   1.060181e-06   1.312339e-05   1.164938e-06   1.257049e-05   1.053548e-05   1.644741e-05   1.602191e-06
