# Cinquegrana, Heger & Karakas 2025
M      10.5   10.8   11.0   11.3   11.5   11.8   12.0   12.3   12.5   12.8   13.0   13.3   13.5   13.8   14.0   14.3   14.5   14.8   15.0   15.3   15.5   15.8   16.0   16.3   16.5   16.8   17.0   17.3   17.5   17.8   18.0   18.3   18.5   18.8   19.0   19.3   19.5   19.8   20.0
E      1.0   1.0   1.0   1.0   1.0   1.0   1.0   1.0   1.0   1.0   1.0   1.0   1.0   1.0   1.0   1.0   1.0   1.0   1.0   1.0   1.0   1.0   1.0   1.0   1.0   1.0   1.0   1.0   1.0   1.0   1.0   1.0   1.0   1.0   1.0   1.0   1.0   1.0   1.0
Mrem   1.578   1.594   1.552   1.632   1.533   11.726   1.608   12.223   12.471   12.720   12.968   1.470   1.504   1.525   1.566   1.587   14.458   1.564   1.435   1.545   1.699   1.504   15.948   16.196   1.596   1.643   1.609   17.187   17.436   17.681   17.926   18.174   18.426   18.670   18.919   19.165   19.409   19.656   19.909
H1    6.438913e+00   6.570472e+00   6.666444e+00   6.833669e+00   6.965067e+00   1.806032e-02   7.244593e+00   2.034749e-02   2.151384e-02   2.278200e-02   2.390181e-02   7.641095e+00   7.773037e+00   7.905287e+00   8.025279e+00   8.153040e+00   3.130181e-02   8.269486e+00   8.209840e+00   8.418130e+00   8.684950e+00   8.522514e+00   3.931110e-02   4.089095e-02   8.869950e+00   8.961657e+00   9.000365e+00   4.716020e-02   4.853381e-02   5.210832e-02   5.534375e-02   5.704284e-02   5.544194e-02   6.036629e-02   6.098988e-02   6.365219e-02   6.828954e-02   7.063126e-02   6.871919e-02
H2    3.083360e-08   3.247901e-08   3.445618e-08   3.503165e-08   3.764116e-08   2.382335e-08   3.914632e-08   2.530334e-08   2.601824e-08   2.678346e-08   2.753697e-08   4.513240e-08   4.422724e-08   4.479087e-08   4.928422e-08   4.692048e-08   3.201774e-08   4.794032e-08   4.832648e-08   5.194522e-08   5.108492e-08   5.483391e-08   3.673248e-08   3.755543e-08   5.610346e-08   5.876054e-08   5.673766e-08   4.075806e-08   4.162417e-08   4.245529e-08   4.330746e-08   4.413628e-08   4.503405e-08   4.585726e-08   4.670027e-08   4.755375e-08   4.841623e-08   4.920058e-08   5.010588e-08
He3   3.007861e-04   3.033250e-04   3.038870e-04   3.085344e-04   3.109772e-04   1.830825e-06   3.175062e-04   2.067333e-06   2.187778e-06   2.320531e-06   2.435656e-06   3.208276e-04   3.247729e-04   3.266140e-04   3.296843e-04   3.328158e-04   3.227350e-06   3.330598e-04   3.287239e-04   3.351734e-04   3.438795e-04   3.352070e-04   4.068626e-06   4.233309e-06   3.435509e-04   3.457402e-04   3.462035e-04   4.885355e-06   5.027878e-06   5.401055e-06   5.738732e-06   5.915391e-06   5.746066e-06   6.260696e-06   6.324554e-06   6.602033e-06   7.086414e-06   7.330335e-06   7.128406e-06
He4   2.434639e+00   2.532340e+00   2.652332e+00   2.718420e+00   2.848654e+00   5.924031e-03   3.013893e+00   6.673725e-03   7.056232e-03   7.472122e-03   7.839412e-03   3.869988e+00   3.946896e+00   4.047264e+00   4.128885e+00   4.230653e+00   1.026611e-02   4.507980e+00   4.718088e+00   4.768395e+00   4.747663e+00   5.019150e+00   1.289287e-02   1.341101e-02   5.298523e+00   5.409069e+00   5.515235e+00   1.546714e-02   1.591764e-02   1.708997e-02   1.815110e-02   1.870835e-02   1.818330e-02   1.979834e-02   2.000286e-02   2.087602e-02   2.239693e-02   2.316494e-02   2.253784e-02
Li6   3.044052e-13   3.336926e-13   4.053203e-13   4.120640e-13   4.027405e-13   1.552930e-13   5.757351e-13   1.722923e-13   1.803487e-13   1.885384e-13   1.952318e-13   4.304667e-13   5.221743e-13   5.859836e-13   4.340294e-13   7.430516e-13   2.317255e-13   4.678854e-13   4.532983e-13   4.328842e-13   5.885057e-13   4.182608e-13   2.574466e-13   2.612029e-13   4.793155e-13   4.613878e-13   6.700085e-13   2.739981e-13   2.769954e-13   2.807809e-13   2.838140e-13   2.865463e-13   2.887059e-13   2.918043e-13   2.945210e-13   2.974855e-13   3.001663e-13   3.028579e-13   3.064510e-13
Li7   1.680256e-08   2.034778e-08   3.102938e-08   2.674456e-08   3.994013e-08   6.786099e-11   3.288271e-08   7.680985e-11   8.131190e-11   8.638095e-11   9.064244e-11   6.872017e-08   6.939936e-08   6.563997e-08   7.667118e-08   5.890283e-08   1.205872e-10   7.403907e-08   8.465674e-08   9.017570e-08   7.075031e-08   1.089580e-07   1.521964e-10   1.580691e-10   9.351025e-08   1.008239e-07   9.043155e-08   1.804927e-10   1.855041e-10   1.952234e-10   2.042824e-10   2.092326e-10   2.072342e-10   2.187463e-10   2.211685e-10   2.273528e-10   2.360117e-10   2.406919e-10   2.400573e-10
Be9   5.410334e-13   6.144543e-13   7.938048e-13   7.553495e-13   8.586436e-13   3.577285e-14   9.908357e-13   4.054343e-14   4.291299e-14   4.560825e-14   4.791364e-14   8.333024e-13   9.425559e-13   1.408470e-12   8.079502e-13   2.030142e-12   6.417858e-14   1.090943e-12   1.186551e-12   7.606582e-13   1.098893e-12   7.455897e-13   8.220476e-14   8.567736e-14   7.922712e-13   7.487187e-13   1.445911e-12   9.953145e-14   1.025655e-13   1.096812e-13   1.165804e-13   1.203658e-13   1.173468e-13   1.276164e-13   1.289781e-13   1.345646e-13   1.441934e-13   1.490741e-13   1.452378e-13
B10   5.909522e-12   6.120217e-12   6.435050e-12   6.562237e-12   6.916596e-12   2.255382e-13   7.254685e-12   2.554413e-13   2.700081e-13   2.868500e-13   3.015200e-13   9.691955e-12   9.768208e-12   9.552172e-12   9.571387e-12   1.202775e-11   4.036392e-13   1.110979e-11   1.128421e-11   1.133023e-11   1.073089e-11   1.166765e-11   5.150763e-13   5.365797e-13   1.265107e-11   1.283775e-11   1.806051e-11   6.203649e-13   6.385858e-13   6.849343e-13   7.276129e-13   7.503905e-13   7.295342e-13   7.943120e-13   8.025159e-13   8.375371e-13   8.985407e-13   9.293429e-13   9.041814e-13
B11   1.142253e-08   1.568662e-08   2.572328e-08   2.412546e-08   2.685316e-08   1.000192e-12   4.306216e-08   1.133229e-12   1.197672e-12   1.273374e-12   1.337857e-12   1.121012e-07   1.438127e-07   1.503694e-07   1.058049e-07   2.187691e-07   1.792996e-12   1.518484e-07   1.832344e-07   1.544203e-07   1.725004e-07   1.679001e-07   2.292098e-12   2.387145e-12   2.188773e-07   2.101532e-07   3.737014e-07   2.763819e-12   2.845145e-12   3.050824e-12   3.241408e-12   3.343110e-12   3.250957e-12   3.539653e-12   3.576265e-12   3.732379e-12   4.004280e-12   4.141602e-12   4.029496e-12
C12   3.211884e-03   4.303227e-03   6.624448e-03   6.383533e-03   8.915291e-03   7.106811e-07   1.011942e-02   8.020623e-07   8.485355e-07   8.999615e-07   9.442584e-07   4.677159e-02   5.197289e-02   5.179417e-02   4.825556e-02   5.868426e-02   1.248216e-06   6.885631e-02   9.736459e-02   8.034759e-02   6.747542e-02   1.029417e-01   1.570759e-06   1.633971e-06   1.080055e-01   1.098943e-01   1.342002e-01   1.884531e-06   1.939423e-06   2.082252e-06   2.211544e-06   2.279445e-06   2.215474e-06   2.412252e-06   2.437171e-06   2.543557e-06   2.728867e-06   2.822443e-06   2.746036e-06
C13   7.019973e-06   7.218953e-06   7.435654e-06   7.609264e-06   7.871510e-06   9.047551e-09   8.244325e-06   1.021584e-08   1.073724e-08   1.131845e-08   1.183679e-08   1.166660e-05   1.029510e-05   1.005780e-05   1.092769e-05   1.063158e-05   1.458824e-08   1.078660e-05   1.134071e-05   1.255495e-05   1.129151e-05   1.434998e-05   1.784583e-08   1.854112e-08   1.339039e-05   1.462727e-05   1.346330e-05   2.136636e-08   2.198781e-08   2.361171e-08   2.507625e-08   2.584342e-08   2.511735e-08   2.734827e-08   2.763078e-08   2.883691e-08   3.093781e-08   3.199870e-08   3.113246e-08
N14   3.500629e-04   3.632977e-04   3.772243e-04   3.874980e-04   4.028094e-04   2.161732e-07   4.267967e-04   2.415081e-07   2.548165e-07   2.682069e-07   2.813691e-07   5.111638e-04   5.178823e-04   5.331661e-04   5.419737e-04   5.594699e-04   3.556394e-07   5.763221e-04   5.853512e-04   6.046284e-04   6.151780e-04   6.223324e-04   4.434314e-07   4.611751e-07   6.545008e-04   6.698104e-04   6.772685e-04   5.318457e-07   5.473354e-07   5.876530e-07   6.241379e-07   6.432960e-07   6.252410e-07   6.807749e-07   6.878074e-07   7.178313e-07   7.701285e-07   7.965370e-07   7.749739e-07
N15   4.723869e-07   5.777051e-07   8.491192e-07   7.920458e-07   1.231525e-06   4.809106e-10   1.073563e-06   5.431491e-10   5.745706e-10   6.095166e-10   6.399749e-10   4.701248e-06   5.070051e-06   5.435976e-06   5.085390e-06   4.595132e-06   8.509117e-10   7.130061e-06   1.077692e-05   9.151033e-06   6.322541e-06   1.155911e-05   1.073994e-09   1.117385e-09   1.241231e-05   1.268936e-05   1.681297e-05   1.288932e-09   1.326482e-09   1.424121e-09   1.512566e-09   1.559034e-09   1.515292e-09   1.649880e-09   1.666923e-09   1.739687e-09   1.866431e-09   1.930433e-09   1.878174e-09
O16   8.774674e-03   1.129223e-02   1.697340e-02   1.687428e-02   2.660671e-02   1.764134e-06   2.611368e-02   1.988000e-06   2.101981e-06   2.225946e-06   2.335357e-06   1.495144e-01   1.549775e-01   1.589899e-01   1.691580e-01   1.612916e-01   3.058746e-06   2.512853e-01   4.181633e-01   3.392853e-01   2.312948e-01   4.578168e-01   3.841431e-06   3.995812e-06   4.965205e-01   5.074884e-01   5.800280e-01   4.608435e-06   4.742663e-06   5.091960e-06   5.408122e-06   5.574155e-06   5.417716e-06   5.898918e-06   5.959854e-06   6.220012e-06   6.673168e-06   6.901997e-06   6.715153e-06
O17   5.197247e-06   5.153317e-06   5.197298e-06   5.145390e-06   5.270499e-06   8.452801e-10   5.094338e-06   8.861711e-10   9.299390e-10   9.599139e-10   9.987702e-10   5.155221e-06   5.947099e-06   6.200883e-06   4.857368e-06   6.024730e-06   1.153158e-09   6.139729e-06   7.256092e-06   5.393128e-06   5.285033e-06   5.574225e-06   1.432568e-09   1.489975e-09   5.909720e-06   5.886568e-06   9.551954e-06   1.718348e-09   1.768397e-09   1.898647e-09   2.016530e-09   2.078436e-09   2.020104e-09   2.199529e-09   2.222250e-09   2.319256e-09   2.488224e-09   2.573547e-09   2.503879e-09
O18   9.837251e-07   1.095793e-06   1.332162e-06   1.309353e-06   1.582309e-06   3.708088e-09   1.641142e-06   4.184163e-09   4.426662e-09   4.692903e-09   4.923739e-09   9.940528e-06   1.050698e-05   9.916868e-06   1.166445e-05   1.041097e-05   6.490303e-09   1.389672e-05   1.811796e-05   1.659358e-05   9.367324e-06   1.727413e-05   8.160684e-09   8.488855e-09   1.432112e-05   1.383508e-05   1.210378e-05   9.790428e-09   1.007559e-08   1.081764e-08   1.148932e-08   1.184206e-08   1.150972e-08   1.253201e-08   1.266147e-08   1.321416e-08   1.417687e-08   1.466301e-08   1.426607e-08
F19   1.157437e-07   1.555390e-07   2.189466e-07   2.011629e-07   3.961471e-07   1.600550e-10   1.481580e-07   1.804717e-10   1.908242e-10   2.021067e-10   2.120512e-10   2.449441e-07   1.256934e-06   1.545217e-06   2.485361e-07   7.171645e-07   2.779132e-10   2.527251e-06   1.872823e-06   2.214045e-07   3.440175e-07   2.159233e-07   3.490341e-10   3.630611e-10   3.383212e-07   3.553608e-07   5.127363e-06   4.187241e-10   4.309201e-10   4.626574e-10   4.913840e-10   5.064698e-10   4.922557e-10   5.359779e-10   5.415146e-10   5.651526e-10   6.063265e-10   6.271180e-10   6.101413e-10
Ne20  1.358016e-03   1.881519e-03   2.810686e-03   2.663340e-03   4.338938e-03   5.415278e-07   2.942274e-03   6.101128e-07   6.450852e-07   6.831109e-07   7.166877e-07   6.218831e-03   2.118770e-02   2.369812e-02   7.082178e-03   1.867224e-02   9.385755e-07   4.322496e-02   4.240254e-02   4.918072e-03   1.080948e-02   5.002422e-03   1.178732e-06   1.226103e-06   8.707432e-03   8.695169e-03   7.877884e-02   1.414085e-06   1.455272e-06   1.562453e-06   1.659466e-06   1.710413e-06   1.662410e-06   1.810066e-06   1.828764e-06   1.908592e-06   2.047642e-06   2.117858e-06   2.060525e-06
Ne21  1.202401e-06   1.447491e-06   1.842859e-06   1.865247e-06   2.851610e-06   1.366699e-09   2.157521e-06   1.538524e-09   1.626650e-09   1.722417e-09   1.807105e-09   5.203046e-06   1.190840e-05   1.354061e-05   4.688048e-06   9.867145e-06   2.366007e-09   2.405638e-05   1.090304e-05   6.818922e-06   6.995585e-06   8.310959e-06   2.971358e-09   3.090771e-09   1.058816e-05   1.019532e-05   5.202153e-05   3.564637e-09   3.668463e-09   3.938645e-09   4.183198e-09   4.311625e-09   4.190620e-09   4.562831e-09   4.609965e-09   4.811198e-09   5.161716e-09   5.338717e-09   5.194192e-09
Ne22  1.177082e-05   1.259872e-05   1.408671e-05   1.430240e-05   1.667967e-05   4.238575e-08   1.682559e-05   4.780764e-08   5.055553e-08   5.355669e-08   5.619232e-08   4.691681e-05   5.574963e-05   5.665515e-05   5.737135e-05   6.332697e-05   7.372580e-08   9.174875e-05   1.184153e-04   1.032265e-04   9.751701e-05   1.357190e-04   9.260653e-08   9.632843e-08   1.561818e-04   1.653058e-04   1.963388e-04   1.110972e-07   1.143331e-07   1.227537e-07   1.303755e-07   1.343782e-07   1.306068e-07   1.422074e-07   1.436764e-07   1.499481e-07   1.608725e-07   1.663889e-07   1.618846e-07
Na23  1.647638e-05   2.001116e-05   2.436801e-05   2.483676e-05   3.310500e-05   9.044996e-09   2.259108e-05   1.011565e-08   1.068680e-08   1.129320e-08   1.184572e-08   3.522930e-05   1.435063e-04   1.489250e-04   3.325998e-05   8.539817e-05   1.536078e-08   2.528641e-04   5.844179e-05   3.153201e-05   2.878925e-05   3.258573e-05   1.927302e-08   2.004735e-08   3.061184e-05   5.245529e-05   4.957137e-04   2.312086e-08   2.379428e-08   2.554674e-08   2.713295e-08   2.796594e-08   2.718108e-08   2.959530e-08   2.990102e-08   3.120625e-08   3.347977e-08   3.462782e-08   3.369041e-08
Mg24  6.327986e-04   7.026934e-04   1.001147e-03   9.137576e-04   1.312744e-03   1.294482e-07   1.305056e-03   1.458371e-07   1.541964e-07   1.632854e-07   1.713116e-07   1.606101e-03   4.105100e-03   5.249558e-03   3.642070e-03   3.144075e-03   2.243465e-07   7.702347e-03   2.601746e-02   4.538757e-03   4.888131e-03   3.883390e-03   2.817502e-07   2.930733e-07   5.222225e-03   5.415206e-03   1.078447e-02   3.380062e-07   3.478511e-07   3.734703e-07   3.966593e-07   4.088370e-07   3.973630e-07   4.326568e-07   4.371261e-07   4.562074e-07   4.894442e-07   5.062277e-07   4.925236e-07
Mg25  9.814035e-06   1.103893e-05   1.361885e-05   1.328421e-05   1.801084e-05   1.707288e-08   1.310384e-05   1.923711e-08   2.033988e-08   2.153902e-08   2.259764e-08   2.820087e-05   7.102670e-05   7.664521e-05   3.092021e-05   3.450511e-05   2.959495e-08   9.408524e-05   1.821057e-04   3.607971e-05   3.522624e-05   4.385236e-05   3.716762e-08   3.866133e-08   4.308033e-05   4.161713e-05   1.228457e-04   4.458874e-08   4.588746e-08   4.926706e-08   5.232608e-08   5.393252e-08   5.241891e-08   5.707476e-08   5.766434e-08   6.018149e-08   6.456598e-08   6.678001e-08   6.497220e-08
Mg26  1.123264e-05   1.275035e-05   1.528730e-05   1.503963e-05   2.159270e-05   1.953569e-08   1.223684e-05   2.200954e-08   2.327114e-08   2.464284e-08   2.585410e-08   2.072430e-05   7.497395e-05   8.183419e-05   2.892453e-05   2.992657e-05   3.385846e-08   9.967861e-05   1.845873e-04   2.239004e-05   2.298249e-05   2.029214e-05   4.252195e-08   4.423084e-08   2.269405e-05   3.260357e-05   1.180889e-04   5.101214e-08   5.249795e-08   5.636442e-08   5.986411e-08   6.170198e-08   5.997032e-08   6.529688e-08   6.597140e-08   6.885117e-08   7.386728e-08   7.640026e-08   7.433203e-08
Al27  2.495187e-05   2.495555e-05   3.254806e-05   3.153024e-05   4.390954e-05   1.471478e-08   4.518955e-05   1.657515e-08   1.752513e-08   1.855791e-08   1.947025e-08   9.879260e-05   1.285515e-04   1.579520e-04   2.593537e-04   6.030907e-05   2.549644e-08   1.719163e-04   7.517877e-04   3.382252e-04   3.180376e-04   2.601759e-04   3.202007e-08   3.330690e-08   3.454368e-04   4.131535e-04   2.542744e-04   3.841339e-08   3.953224e-08   4.244378e-08   4.507914e-08   4.646310e-08   4.515911e-08   4.917014e-08   4.967807e-08   5.184661e-08   5.562386e-08   5.753126e-08   5.597383e-08
Si28  9.072316e-04   1.246003e-03   1.950225e-03   1.743445e-03   2.030495e-03   1.719401e-07   2.711623e-03   1.937109e-07   2.048143e-07   2.168871e-07   2.275479e-07   2.529681e-02   1.680352e-02   1.196765e-02   2.580569e-02   1.417532e-02   2.979941e-07   1.212324e-02   1.747309e-02   4.147133e-02   2.657568e-02   5.665566e-02   3.742425e-07   3.892827e-07   5.477732e-02   5.238517e-02   2.681545e-02   4.489660e-07   4.620428e-07   4.960722e-07   5.268736e-07   5.430490e-07   5.278083e-07   5.746883e-07   5.806248e-07   6.059701e-07   6.501177e-07   6.724109e-07   6.542080e-07
Si29  8.661353e-06   9.620473e-06   1.296706e-05   1.201045e-05   1.435187e-05   9.042551e-09   1.666770e-05   1.018751e-08   1.077146e-08   1.140638e-08   1.196704e-08   5.654887e-05   3.861577e-05   3.484129e-05   1.751540e-04   2.988390e-05   1.567191e-08   3.765655e-05   1.255306e-04   1.974486e-04   2.273320e-04   1.792578e-04   1.968191e-08   2.047289e-08   2.536202e-04   2.356708e-04   7.080842e-05   2.361172e-08   2.429945e-08   2.608910e-08   2.770898e-08   2.855967e-08   2.775814e-08   3.022362e-08   3.053583e-08   3.186877e-08   3.419055e-08   3.536298e-08   3.440567e-08
Si30  7.515247e-06   7.839009e-06   9.977683e-06   9.785046e-06   1.057216e-05   6.166023e-09   1.423847e-05   6.946775e-09   7.344964e-09   7.777912e-09   8.160226e-09   3.402879e-05   1.891501e-05   2.402294e-05   1.487993e-04   1.106846e-05   1.068655e-08   2.246414e-05   1.086575e-04   1.831807e-04   1.993253e-04   1.160125e-04   1.342094e-08   1.396030e-08   1.781008e-04   2.101808e-04   3.707363e-05   1.610064e-08   1.656960e-08   1.778995e-08   1.889454e-08   1.947461e-08   1.892806e-08   2.060925e-08   2.082214e-08   2.173106e-08   2.331427e-08   2.411374e-08   2.346095e-08
P31   3.230699e-06   3.787654e-06   5.627276e-06   4.925655e-06   5.933371e-06   1.704704e-09   7.825172e-06   1.920532e-09   2.030615e-09   2.150308e-09   2.256005e-09   1.449314e-04   6.929088e-05   2.847109e-05   1.828936e-04   2.717296e-05   2.954428e-09   2.426798e-05   5.281976e-05   2.603048e-04   1.770996e-04   2.835154e-04   3.710382e-09   3.859496e-09   2.861016e-04   3.189910e-04   6.012998e-05   4.451220e-09   4.580868e-09   4.918249e-09   5.223625e-09   5.383994e-09   5.232892e-09   5.697678e-09   5.756535e-09   6.007818e-09   6.445514e-09   6.666537e-09   6.486067e-09
S32   3.863702e-04   5.374417e-04   8.901946e-04   7.645246e-04   8.940080e-04   8.853865e-08   1.200906e-03   9.974932e-08   1.054669e-07   1.116837e-07   1.171733e-07   2.116969e-02   1.202304e-02   7.265362e-03   1.468187e-02   8.263207e-03   1.534489e-07   6.391522e-03   8.393947e-03   2.769407e-02   1.110168e-02   4.494391e-02   1.927121e-07   2.004569e-07   3.466497e-02   2.947778e-02   1.518240e-02   2.311902e-07   2.379240e-07   2.554471e-07   2.713079e-07   2.796372e-07   2.717892e-07   2.959296e-07   2.989865e-07   3.120378e-07   3.347711e-07   3.462508e-07   3.368774e-07
S33   1.302100e-06   1.631432e-06   2.554574e-06   2.157393e-06   2.779696e-06   7.192713e-10   3.036403e-06   8.103443e-10   8.567931e-10   9.072965e-10   9.518936e-10   1.313108e-04   4.378624e-05   2.019271e-05   1.388302e-04   2.613471e-05   1.246589e-09   1.558619e-05   1.881687e-05   2.458078e-04   8.845437e-05   3.466142e-04   1.565556e-09   1.628473e-09   3.037175e-04   2.660309e-04   5.879063e-05   1.878145e-09   1.932849e-09   2.075203e-09   2.204053e-09   2.271719e-09   2.207963e-09   2.404074e-09   2.428909e-09   2.534935e-09   2.719616e-09   2.812874e-09   2.736727e-09
S34   3.269810e-06   3.932072e-06   4.915780e-06   4.648076e-06   4.744952e-06   4.152934e-09   6.068525e-06   4.678774e-09   4.946961e-09   5.238558e-09   5.496053e-09   2.445138e-04   7.553510e-05   4.430196e-05   1.210431e-04   7.176066e-05   7.197569e-09   3.200126e-05   2.823679e-05   3.393205e-04   1.509978e-04   6.151758e-04   9.039225e-09   9.402497e-09   5.831531e-04   2.779008e-04   8.772494e-05   1.084405e-08   1.115990e-08   1.198183e-08   1.272579e-08   1.311648e-08   1.274836e-08   1.388067e-08   1.402406e-08   1.463623e-08   1.570255e-08   1.624101e-08   1.580134e-08
S36   5.966858e-09   6.204804e-09   6.619466e-09   6.642381e-09   7.004418e-09   1.527971e-11   7.390029e-09   1.721441e-11   1.820113e-11   1.927399e-11   2.022139e-11   3.490407e-08   2.294989e-08   1.329863e-08   4.339981e-08   1.368373e-08   2.648170e-11   1.288514e-08   1.511417e-08   5.501970e-08   3.818872e-08   6.468406e-08   3.325762e-11   3.459419e-11   6.429055e-08   6.082407e-08   2.300479e-08   3.989804e-11   4.106014e-11   4.408421e-11   4.682142e-11   4.825887e-11   4.690448e-11   5.107054e-11   5.159810e-11   5.385045e-11   5.777369e-11   5.975481e-11   5.813719e-11
Cl35  7.853197e-07   9.169062e-07   1.245996e-06   1.100194e-06   1.333569e-06   9.339422e-10   1.526005e-06   1.052197e-09   1.112509e-09   1.178085e-09   1.235993e-09   1.696583e-04   5.563362e-05   1.371492e-05   1.439786e-04   1.694983e-05   1.618642e-09   8.967808e-06   1.068837e-05   1.972613e-04   6.274623e-05   2.863658e-04   2.032807e-09   2.114502e-09   1.909486e-04   2.497541e-04   3.130317e-05   2.438690e-09   2.509720e-09   2.694561e-09   2.861867e-09   2.949729e-09   2.866945e-09   3.121587e-09   3.153833e-09   3.291503e-09   3.531304e-09   3.652396e-09   3.553521e-09
Cl37  2.186520e-07   2.468760e-07   3.504707e-07   2.963618e-07   4.095402e-07   3.158068e-10   4.070224e-07   3.557938e-10   3.761879e-10   3.983622e-10   4.179432e-10   5.210022e-05   1.310242e-05   4.537661e-06   2.855268e-05   5.769446e-06   5.473337e-10   2.789511e-06   3.331159e-06   7.154915e-05   1.095214e-05   1.317214e-04   6.873811e-10   7.150058e-10   8.635747e-05   6.511822e-05   1.177999e-05   8.246278e-10   8.486463e-10   9.111490e-10   9.677227e-10   9.974325e-10   9.694395e-10   1.055545e-09   1.066449e-09   1.113001e-09   1.194088e-09   1.235035e-09   1.201601e-09
Ar36  8.070663e-05   1.099056e-04   1.879034e-04   1.564064e-04   1.860327e-04   1.981371e-08   2.475585e-04   2.232250e-08   2.360202e-08   2.499324e-08   2.622175e-08   6.497258e-03   2.622391e-03   1.489926e-03   3.233781e-03   1.593511e-03   3.433971e-08   1.257670e-03   1.769782e-03   8.224236e-03   1.851562e-03   1.540065e-02   4.312628e-08   4.485946e-08   1.010279e-02   7.558173e-03   2.964620e-03   5.173714e-08   5.324406e-08   5.716548e-08   6.071491e-08   6.257890e-08   6.082263e-08   6.622490e-08   6.690900e-08   6.982969e-08   7.491710e-08   7.748608e-08   7.538845e-08
Ar38  2.109300e-06   2.300083e-06   2.715734e-06   2.552738e-06   2.928937e-06   3.801985e-09   3.272864e-06   4.283388e-09   4.528911e-09   4.795866e-09   5.031601e-09   4.182516e-04   1.391777e-04   7.006342e-05   1.270262e-04   9.153460e-05   6.589328e-09   4.172312e-05   4.315347e-05   3.819372e-04   9.018997e-05   8.772306e-04   8.275353e-09   8.607926e-09   5.819548e-04   2.831396e-04   1.106350e-04   9.927660e-09   1.021682e-08   1.096929e-08   1.165037e-08   1.200805e-08   1.167104e-08   1.270767e-08   1.283894e-08   1.339938e-08   1.437558e-08   1.486854e-08   1.446603e-08
Ar40  2.327998e-09   2.393570e-09   2.461490e-09   2.523241e-09   2.598877e-09   6.249429e-12   2.732532e-09   7.040647e-12   7.444177e-12   7.882936e-12   8.270372e-12   3.429510e-09   3.456499e-09   3.522282e-09   6.329168e-09   3.720869e-09   1.083053e-11   3.759910e-09   3.960092e-09   5.164768e-09   6.904230e-09   4.550218e-09   1.360151e-11   1.414809e-11   5.302890e-09   5.667034e-09   4.819990e-09   1.631708e-11   1.679230e-11   1.802903e-11   1.914846e-11   1.973629e-11   1.918231e-11   2.088609e-11   2.110179e-11   2.202290e-11   2.362736e-11   2.443753e-11   2.377590e-11
K39   6.728128e-07   7.581815e-07   1.040244e-06   8.743352e-07   1.137147e-06   8.731349e-10   1.198104e-06   9.836903e-10   1.040075e-09   1.101382e-09   1.155519e-09   2.575925e-04   8.565972e-05   1.829617e-05   2.064406e-04   1.959904e-05   1.513255e-09   1.035925e-05   1.622056e-05   2.695504e-04   5.705509e-05   4.194238e-04   1.900455e-09   1.976831e-09   2.167322e-04   2.902688e-04   4.472171e-05   2.279911e-09   2.346317e-09   2.519123e-09   2.675537e-09   2.757677e-09   2.680283e-09   2.918346e-09   2.948493e-09   3.077199e-09   3.301387e-09   3.414595e-09   3.322158e-09
K40   8.569364e-10   9.508364e-10   1.171916e-09   1.078564e-09   1.426829e-09   1.397765e-12   1.444585e-09   1.575474e-12   1.666142e-12   1.764691e-12   1.851807e-12   1.947805e-07   9.153849e-08   1.212935e-08   5.490395e-07   1.290900e-08   2.427526e-12   8.769123e-09   1.100353e-08   4.144293e-07   2.713941e-07   3.537435e-07   3.050993e-12   3.173942e-12   3.260701e-07   4.775888e-07   4.206283e-08   3.661947e-12   3.768979e-12   4.046708e-12   4.298039e-12   4.430367e-12   4.306779e-12   4.689230e-12   4.738153e-12   4.945216e-12   5.305527e-12   5.487784e-12   5.339996e-12
K41   4.962152e-08   5.792995e-08   8.488709e-08   6.806751e-08   1.160785e-07   6.624347e-11   1.004974e-07   7.463114e-11   7.890898e-11   8.356025e-11   8.766756e-11   3.351172e-05   7.802698e-06   1.423064e-06   1.052341e-05   1.406985e-06   1.148084e-10   7.749159e-07   1.175496e-06   3.445233e-05   2.290258e-06   8.561605e-05   1.441847e-10   1.499793e-10   3.372070e-05   2.292312e-05   5.907536e-06   1.729735e-10   1.780116e-10   1.911222e-10   2.029890e-10   2.092209e-10   2.033492e-10   2.214106e-10   2.236978e-10   2.334626e-10   2.504714e-10   2.590603e-10   2.520473e-10
Ca40  7.694672e-05   1.022719e-04   1.820817e-04   1.483135e-04   1.792150e-04   1.477489e-08   2.353502e-04   1.664567e-08   1.759979e-08   1.863721e-08   1.955330e-08   3.834622e-03   2.258115e-03   1.228901e-03   8.811828e-04   1.137703e-03   2.560678e-08   1.078200e-03   1.690098e-03   2.764321e-03   9.382189e-04   7.363147e-03   3.215883e-08   3.345124e-08   3.090113e-03   2.226283e-03   2.390417e-03   3.857986e-08   3.970356e-08   4.262772e-08   4.527450e-08   4.666445e-08   4.535482e-08   4.938323e-08   4.989336e-08   5.207129e-08   5.586492e-08   5.778058e-08   5.621640e-08
Ca42  5.969381e-08   6.560512e-08   7.804699e-08   7.064646e-08   8.812369e-08   1.035434e-10   1.032414e-07   1.166539e-10   1.233405e-10   1.306108e-10   1.370308e-10   4.029103e-05   8.120293e-06   2.884965e-06   1.665740e-05   3.654237e-06   1.794540e-10   1.546168e-06   1.925019e-06   3.867415e-05   4.480807e-06   8.330449e-05   2.253713e-10   2.344286e-10   4.664970e-05   3.017003e-05   4.651143e-06   2.703703e-10   2.782452e-10   2.987379e-10   3.172867e-10   3.270276e-10   3.178496e-10   3.460810e-10   3.496561e-10   3.649192e-10   3.915051e-10   4.049303e-10   3.939683e-10
Ca43  2.286562e-08   2.709023e-08   3.120263e-08   3.156865e-08   4.344568e-08   2.211987e-11   3.895009e-08   2.492066e-11   2.634911e-11   2.790225e-11   2.927375e-11   3.341016e-07   1.489114e-07   1.037798e-07   3.391977e-07   1.095245e-07   3.833657e-11   1.081277e-07   1.805637e-07   4.537171e-07   1.699014e-07   6.271947e-07   4.814583e-11   5.008073e-11   6.257545e-07   4.389826e-07   1.504513e-07   5.775892e-11   5.944123e-11   6.381907e-11   6.778163e-11   6.986257e-11   6.790188e-11   7.393293e-11   7.469666e-11   7.795730e-11   8.363683e-11   8.650483e-11   8.416305e-11
Ca44  6.079759e-07   7.530224e-07   9.648996e-07   1.068727e-06   9.401922e-07   3.497231e-10   1.220307e-06   3.940046e-10   4.165889e-10   4.411446e-10   4.628285e-10   4.293711e-06   3.316789e-06   3.628482e-06   2.218187e-06   3.828517e-06   6.061150e-10   4.011301e-06   5.929435e-06   4.653360e-06   3.832242e-06   7.931635e-06   7.612029e-10   7.917944e-10   5.809190e-06   5.505940e-06   6.946969e-06   9.131893e-10   9.397874e-10   1.009003e-09   1.071652e-09   1.104552e-09   1.073553e-09   1.168906e-09   1.180981e-09   1.232533e-09   1.322328e-09   1.367673e-09   1.330648e-09
Ca46  2.608484e-10   2.682270e-10   2.759350e-10   2.833823e-10   2.907874e-10   7.010957e-13   3.105053e-10   7.898677e-13   8.351428e-13   8.843700e-13   9.278402e-13   3.474138e-10   3.683086e-10   4.196305e-10   3.907808e-10   4.599637e-10   1.215089e-12   4.292813e-10   4.481107e-10   4.075433e-10   4.693419e-10   4.130618e-10   1.525996e-12   1.587324e-12   4.448920e-10   4.445754e-10   5.430172e-10   1.830686e-12   1.884008e-12   2.022765e-12   2.148359e-12   2.214315e-12   2.152170e-12   2.343326e-12   2.367533e-12   2.470880e-12   2.650894e-12   2.741796e-12   2.667573e-12
Ca48  1.266463e-08   1.299636e-08   1.331338e-08   1.364560e-08   1.403307e-08   3.420189e-11   1.466462e-08   3.853249e-11   4.074117e-11   4.314265e-11   4.526327e-11   1.658613e-08   1.696322e-08   1.729652e-08   1.749937e-08   1.790493e-08   5.927627e-11   1.858081e-08   1.894319e-08   1.910801e-08   1.941222e-08   1.970937e-08   7.444341e-11   7.743517e-11   2.064514e-08   2.094431e-08   2.154530e-08   8.930723e-11   9.190845e-11   9.867749e-11   1.048044e-10   1.080220e-10   1.049904e-10   1.143156e-10   1.154965e-10   1.205381e-10   1.293198e-10   1.337544e-10   1.301335e-10
Sc45  5.067633e-09   5.687230e-09   6.829208e-09   6.330803e-09   8.852907e-09   1.010955e-11   9.446268e-09   1.138960e-11   1.204245e-11   1.275229e-11   1.337912e-11   3.890452e-07   1.282230e-07   4.938805e-08   2.175920e-07   3.972626e-08   1.752114e-11   3.372669e-08   6.897044e-08   3.747430e-07   9.825173e-08   6.920919e-07   2.200431e-11   2.288863e-11   3.971041e-07   3.394305e-07   1.045878e-07   2.639783e-11   2.716670e-11   2.916753e-11   3.097855e-11   3.192962e-11   3.103351e-11   3.378991e-11   3.413896e-11   3.562919e-11   3.822493e-11   3.953570e-11   3.846543e-11
Ti46  4.189231e-08   4.226213e-08   4.452512e-08   4.719648e-08   4.619510e-08   6.211444e-11   6.291498e-08   6.997930e-11   7.399051e-11   7.835185e-11   8.220315e-11   5.895956e-06   2.654162e-06   1.044754e-06   1.972675e-06   9.362876e-07   1.076523e-10   6.824363e-07   1.283562e-06   4.789738e-06   7.765885e-07   1.122546e-05   1.351975e-10   1.406309e-10   5.736759e-06   3.707819e-06   1.332358e-06   1.621919e-10   1.669160e-10   1.792093e-10   1.903365e-10   1.961800e-10   1.906742e-10   2.076099e-10   2.097545e-10   2.189106e-10   2.348593e-10   2.429128e-10   2.363369e-10
Ti47  7.793779e-08   8.800417e-08   9.470395e-08   1.088587e-07   7.311884e-08   5.721773e-11   1.024608e-07   6.446257e-11   6.815756e-11   7.217508e-11   7.572277e-11   2.536649e-07   2.464632e-07   1.955920e-07   2.752203e-07   2.087595e-07   9.916568e-11   2.504574e-07   4.032769e-07   3.646121e-07   2.878791e-07   4.611236e-07   1.245394e-10   1.295444e-10   3.897613e-07   3.794566e-07   3.208930e-07   1.494057e-10   1.537574e-10   1.650816e-10   1.753316e-10   1.807144e-10   1.756426e-10   1.912432e-10   1.932188e-10   2.016531e-10   2.163444e-10   2.237631e-10   2.177056e-10
Ti48  2.560274e-06   3.190466e-06   4.497652e-06   4.576685e-06   4.146970e-06   5.792103e-10   5.703963e-06   6.525492e-10   6.899533e-10   7.306223e-10   7.665352e-10   8.699525e-06   1.194084e-05   1.631133e-05   7.453573e-06   1.778846e-05   1.003846e-09   1.977971e-05   2.725149e-05   1.372781e-05   1.883030e-05   1.604244e-05   1.260702e-09   1.311367e-09   2.041657e-05   2.000387e-05   3.375258e-05   1.512421e-09   1.556473e-09   1.671107e-09   1.774867e-09   1.829357e-09   1.778016e-09   1.935939e-09   1.955937e-09   2.041317e-09   2.190036e-09   2.265135e-09   2.203815e-09
Ti49  7.558788e-08   9.420629e-08   1.431403e-07   1.217967e-07   1.719616e-07   4.338421e-11   1.650379e-07   4.887747e-11   5.167912e-11   5.472533e-11   5.741529e-11   4.058511e-07   4.775676e-07   5.230198e-07   3.916653e-07   5.241068e-07   7.519041e-11   6.126349e-07   9.867870e-07   6.213839e-07   5.665693e-07   8.036114e-07   9.442954e-11   9.822451e-11   9.077325e-07   7.228248e-07   1.029298e-06   1.132839e-10   1.165835e-10   1.251698e-10   1.329417e-10   1.370231e-10   1.331776e-10   1.450064e-10   1.465043e-10   1.528995e-10   1.640389e-10   1.696639e-10   1.650710e-10
Ti50  1.577056e-08   1.619817e-08   1.662997e-08   1.704369e-08   1.756546e-08   4.243458e-11   1.839311e-08   4.780760e-11   5.054792e-11   5.352745e-11   5.615853e-11   2.108938e-08   2.195678e-08   2.268944e-08   2.257391e-08   2.350034e-08   7.354458e-11   2.475636e-08   2.626658e-08   2.487753e-08   2.552270e-08   2.563590e-08   9.236258e-11   9.607448e-11   2.727512e-08   2.758973e-08   3.093268e-08   1.108043e-10   1.140316e-10   1.224300e-10   1.300318e-10   1.340238e-10   1.302624e-10   1.418324e-10   1.432975e-10   1.495527e-10   1.604482e-10   1.659502e-10   1.614577e-10
V50   1.517306e-10   1.718389e-10   2.251202e-10   1.803703e-10   2.386216e-10   2.287316e-13   3.784072e-10   2.576934e-13   2.724643e-13   2.885246e-13   3.027067e-13   3.179665e-09   3.181983e-09   1.587879e-09   8.049192e-09   1.310642e-09   3.964213e-13   1.595434e-09   4.890957e-09   8.623499e-09   8.323719e-09   6.938354e-09   4.978544e-13   5.178624e-13   8.548241e-09   6.284560e-09   2.719319e-09   5.972591e-13   6.146552e-13   6.599245e-13   7.008995e-13   7.224176e-13   7.021429e-13   7.645073e-13   7.724047e-13   8.061215e-13   8.648510e-13   8.945076e-13   8.702923e-13
V51   2.260037e-07   2.413922e-07   4.281634e-07   3.304719e-07   4.824092e-07   9.319741e-11   4.395627e-07   1.049980e-10   1.110164e-10   1.175603e-10   1.233388e-10   1.181790e-06   1.350260e-06   1.422652e-06   1.040253e-06   1.389398e-06   1.615231e-10   1.722256e-06   2.976567e-06   1.511279e-06   1.406750e-06   2.181203e-06   2.028523e-10   2.110046e-10   2.095063e-06   1.642791e-06   2.814564e-06   2.433551e-10   2.504432e-10   2.688883e-10   2.855837e-10   2.943513e-10   2.860903e-10   3.115009e-10   3.147187e-10   3.284567e-10   3.523862e-10   3.644699e-10   3.546033e-10
Cr50  1.534646e-07   1.725285e-07   2.707352e-07   2.109682e-07   2.881383e-07   1.898821e-10   3.014070e-07   2.139248e-10   2.261869e-10   2.395194e-10   2.512927e-10   4.888657e-06   4.546914e-06   2.920800e-06   1.386964e-06   2.619599e-06   3.290901e-10   2.790872e-06   8.739024e-06   2.787753e-06   1.580262e-06   7.185811e-06   4.132951e-10   4.299047e-10   3.568772e-06   2.288402e-06   4.074548e-06   4.958161e-10   5.102575e-10   5.478379e-10   5.818534e-10   5.997167e-10   5.828857e-10   6.346576e-10   6.412136e-10   6.692037e-10   7.179582e-10   7.425777e-10   7.224753e-10
Cr52  1.987134e-05   2.135943e-05   4.053547e-05   3.286417e-05   4.152797e-05   3.807755e-09   4.793840e-05   4.289888e-09   4.535784e-09   4.803145e-09   5.039238e-09   7.113294e-05   1.053936e-04   1.490795e-04   6.911161e-05   1.598132e-04   6.599328e-09   1.829077e-04   2.520546e-04   1.275234e-04   1.717681e-04   1.492385e-04   8.287912e-09   8.620990e-09   2.057701e-04   1.724341e-04   3.269525e-04   9.942727e-09   1.023232e-08   1.098593e-08   1.166806e-08   1.202627e-08   1.168876e-08   1.272695e-08   1.285842e-08   1.341971e-08   1.439740e-08   1.489110e-08   1.448798e-08
Cr53  1.256902e-06   1.342932e-06   2.426002e-06   1.995084e-06   2.489723e-06   4.400616e-10   2.803815e-06   4.957817e-10   5.241999e-10   5.550986e-10   5.823839e-10   5.184282e-06   7.089600e-06   9.888059e-06   4.964963e-06   9.989494e-06   7.626833e-10   1.184654e-05   1.975389e-05   8.079512e-06   9.937060e-06   9.962251e-06   9.578327e-10   9.963264e-10   1.317838e-05   1.047766e-05   1.884907e-05   1.149079e-09   1.182548e-09   1.269643e-09   1.348475e-09   1.389874e-09   1.350868e-09   1.470852e-09   1.486046e-09   1.550914e-09   1.663905e-09   1.720962e-09   1.674374e-09
Cr54  4.908970e-08   5.421888e-08   6.655325e-08   5.685042e-08   6.852166e-08   1.115967e-10   7.527208e-08   1.257269e-10   1.329335e-10   1.407693e-10   1.476886e-10   1.527717e-07   1.642583e-07   1.783860e-07   1.257695e-07   1.602667e-07   1.934113e-10   1.938716e-07   4.842092e-07   1.708496e-07   1.478402e-07   2.115369e-07   2.428999e-10   2.526616e-10   2.019594e-07   1.653695e-07   2.686155e-07   2.913988e-10   2.998862e-10   3.219728e-10   3.419642e-10   3.524628e-10   3.425709e-10   3.729981e-10   3.768512e-10   3.933014e-10   4.219551e-10   4.364244e-10   4.246099e-10
Mn55  6.561792e-06   6.808680e-06   1.358491e-05   9.068759e-06   1.293050e-05   3.329178e-09   1.167162e-05   3.750714e-09   3.965705e-09   4.199462e-09   4.405882e-09   2.311733e-05   3.026514e-05   4.040940e-05   1.946906e-05   3.989735e-05   5.769893e-09   5.158217e-05   8.815489e-05   3.348900e-05   3.905721e-05   4.091540e-05   7.246247e-09   7.537462e-09   4.630438e-05   3.579263e-05   7.493203e-05   8.693077e-09   8.946276e-09   9.605169e-09   1.020156e-08   1.051475e-08   1.021966e-08   1.112737e-08   1.124231e-08   1.173306e-08   1.258786e-08   1.301952e-08   1.266706e-08
Fe54  1.354877e-05   1.594149e-05   2.669890e-05   1.969250e-05   2.528298e-05   1.832962e-08   2.871894e-05   2.065049e-08   2.183418e-08   2.312119e-08   2.425768e-08   9.311343e-05   1.163660e-04   1.624356e-04   6.109845e-05   1.580482e-04   3.176758e-08   1.869236e-04   5.495995e-04   1.038545e-04   1.200685e-04   1.349582e-04   3.989602e-08   4.149938e-08   1.469760e-04   1.021940e-04   2.358130e-04   4.786191e-08   4.925596e-08   5.288365e-08   5.616722e-08   5.789160e-08   5.626687e-08   6.126449e-08   6.189736e-08   6.459928e-08   6.930563e-08   7.168219e-08   6.974168e-08
Fe56  1.569195e-03   2.046440e-03   4.220881e-03   2.981194e-03   4.028970e-03   2.983797e-07   4.556623e-03   3.361602e-07   3.554289e-07   3.763795e-07   3.948800e-07   5.232066e-03   7.731656e-03   1.110159e-02   4.731173e-03   1.260058e-02   5.171304e-07   1.505125e-02   2.022557e-02   8.481333e-03   1.214669e-02   9.011718e-03   6.494496e-07   6.755499e-07   1.306433e-02   1.182817e-02   2.230352e-02   7.791226e-07   8.018158e-07   8.608694e-07   9.143212e-07   9.423915e-07   9.159433e-07   9.972974e-07   1.007600e-06   1.051583e-06   1.128195e-06   1.166882e-06   1.135294e-06
Fe57  4.609542e-05   7.277915e-05   1.329901e-04   8.920191e-05   1.173501e-04   7.014471e-09   1.407593e-04   7.902635e-09   8.355613e-09   8.848132e-09   9.283051e-09   1.590326e-04   2.233201e-04   3.104103e-04   1.277444e-04   3.588934e-04   1.215698e-08   4.374925e-04   6.104992e-04   2.392062e-04   3.169015e-04   2.445707e-04   1.526761e-08   1.588119e-08   3.272240e-04   3.063789e-04   5.987598e-04   1.831603e-08   1.884952e-08   2.023778e-08   2.149436e-08   2.215425e-08   2.153249e-08   2.344500e-08   2.368719e-08   2.472118e-08   2.652223e-08   2.743170e-08   2.668909e-08
Fe58  4.434804e-07   2.219789e-06   2.395550e-06   7.762909e-07   2.401743e-06   9.494766e-10   4.986431e-06   1.069698e-09   1.131013e-09   1.197680e-09   1.256551e-09   8.295886e-07   1.209033e-06   9.028428e-07   1.595406e-06   1.168514e-06   1.645565e-09   1.725292e-06   1.659618e-06   1.592450e-06   9.457181e-07   1.064002e-06   2.066619e-09   2.149673e-09   1.129602e-06   1.558044e-06   2.589225e-06   2.479253e-09   2.551465e-09   2.739380e-09   2.909469e-09   2.998792e-09   2.914631e-09   3.173509e-09   3.206291e-09   3.346251e-09   3.590041e-09   3.713147e-09   3.612628e-09
Co59  3.468878e-06   4.926760e-06   8.749220e-06   5.215304e-06   6.399710e-06   8.889427e-10   1.093903e-05   1.001500e-09   1.058905e-09   1.121322e-09   1.176440e-09   7.548527e-06   8.710175e-06   9.980061e-06   6.155831e-06   1.047184e-05   1.540652e-09   1.447023e-05   2.768987e-05   8.185037e-06   1.168064e-05   1.118341e-05   1.934862e-09   2.012621e-09   9.364041e-06   9.935074e-06   1.756688e-05   2.321188e-09   2.388796e-09   2.564731e-09   2.723976e-09   2.807604e-09   2.728809e-09   2.971182e-09   3.001874e-09   3.132911e-09   3.361158e-09   3.476415e-09   3.382305e-09
Ni58  1.766819e-05   1.160505e-04   1.614770e-04   4.019049e-05   1.415760e-04   1.279030e-08   2.382501e-04   1.440979e-08   1.523576e-08   1.613383e-08   1.692687e-08   7.284520e-05   7.769940e-05   6.819746e-05   7.090014e-05   1.002070e-04   2.216723e-08   1.140087e-04   3.365603e-04   8.007533e-05   5.201651e-05   5.957053e-05   2.783921e-08   2.895802e-08   4.544711e-05   6.641124e-05   1.503157e-04   3.339775e-08   3.437051e-08   3.690190e-08   3.919315e-08   4.039641e-08   3.926269e-08   4.275000e-08   4.319161e-08   4.507700e-08   4.836106e-08   5.001941e-08   4.866533e-08
Ni60  4.618071e-05   6.410664e-05   1.168549e-04   9.281411e-05   1.134274e-04   5.096492e-09   1.402449e-04   5.741804e-09   6.070923e-09   6.428772e-09   6.744771e-09   1.363030e-04   2.048148e-04   3.003902e-04   1.349208e-04   3.379347e-04   8.832876e-09   4.045770e-04   5.203355e-04   2.216649e-04   3.176432e-04   2.262652e-04   1.109296e-08   1.153877e-08   3.540847e-04   3.460067e-04   5.634572e-04   1.330785e-08   1.369546e-08   1.470413e-08   1.561712e-08   1.609657e-08   1.564482e-08   1.703440e-08   1.721036e-08   1.796163e-08   1.927021e-08   1.993100e-08   1.939145e-08
Ni61  1.909459e-06   3.754645e-06   6.022567e-06   3.931410e-06   5.234944e-06   2.252386e-10   8.481804e-06   2.537580e-10   2.683034e-10   2.841185e-10   2.980840e-10   5.826991e-06   8.263064e-06   1.141610e-05   5.181661e-06   1.291023e-05   3.903674e-10   1.553049e-05   2.228565e-05   8.901775e-06   1.130000e-05   8.528362e-06   4.902515e-10   5.099539e-10   1.173154e-05   1.152392e-05   2.236537e-05   5.881381e-10   6.052686e-10   6.498465e-10   6.901958e-10   7.113853e-10   6.914203e-10   7.528323e-10   7.606091e-10   7.938109e-10   8.516436e-10   8.808473e-10   8.570018e-10
Ni62  6.066003e-06   2.260273e-05   3.393822e-05   1.327407e-05   2.849258e-05   7.299137e-10   4.163503e-05   8.223345e-10   8.694706e-10   9.207213e-10   9.659783e-10   2.188274e-05   2.884046e-05   3.654759e-05   2.079236e-05   4.501825e-05   1.265034e-09   5.446209e-05   9.388691e-05   3.044131e-05   3.147884e-05   2.528532e-05   1.588721e-09   1.652569e-09   3.183489e-05   2.996386e-05   7.068356e-05   1.905935e-09   1.961448e-09   2.105908e-09   2.236665e-09   2.305333e-09   2.240633e-09   2.439647e-09   2.464848e-09   2.572443e-09   2.759857e-09   2.854495e-09   2.777221e-09
Ni64  7.130551e-08   7.330472e-08   7.523455e-08   7.700967e-08   7.938525e-08   1.918897e-10   1.733648e-07   2.161865e-10   2.285783e-10   2.420518e-10   2.539495e-10   9.505729e-08   9.850380e-08   1.017424e-07   1.008369e-07   1.059419e-07   3.325694e-10   1.104883e-07   1.164811e-07   1.113395e-07   1.134120e-07   1.151270e-07   4.176647e-10   4.344499e-10   1.229379e-07   1.235262e-07   1.367953e-07   5.010581e-10   5.156522e-10   5.536300e-10   5.880051e-10   6.060573e-10   5.890483e-10   6.413676e-10   6.479929e-10   6.762789e-10   7.255488e-10   7.504287e-10   7.301137e-10
Cu63  4.994105e-07   7.871963e-07   9.580741e-07   7.334344e-07   8.787625e-07   1.552243e-10   2.478766e-06   1.748786e-10   1.849026e-10   1.958016e-10   2.054260e-10   1.015940e-06   1.185605e-06   1.734059e-06   1.067059e-06   1.507722e-06   2.690236e-10   1.583356e-06   1.997427e-06   1.622757e-06   2.160447e-06   1.584631e-06   3.378592e-10   3.514372e-10   2.131598e-06   3.704216e-06   2.298146e-06   4.053182e-10   4.171238e-10   4.478449e-10   4.756518e-10   4.902546e-10   4.764956e-10   5.188180e-10   5.241774e-10   5.470586e-10   5.869143e-10   6.070402e-10   5.906069e-10
Cu65  5.375230e-08   1.125330e-07   1.365983e-07   8.794826e-08   1.297031e-07   7.136899e-11   2.957746e-07   8.040565e-11   8.501449e-11   9.002564e-11   9.445075e-11   1.142737e-07   1.432194e-07   1.677848e-07   1.296144e-07   1.858772e-07   1.236916e-10   2.147365e-07   2.892810e-07   1.716750e-07   1.846871e-07   1.604020e-07   1.553409e-10   1.615838e-10   2.284405e-07   2.519361e-07   3.245723e-07   1.863572e-10   1.917851e-10   2.059101e-10   2.186951e-10   2.254092e-10   2.190831e-10   2.385421e-10   2.410062e-10   2.515265e-10   2.698514e-10   2.791049e-10   2.715492e-10
Zn64  1.179448e-06   1.559830e-06   1.593751e-06   2.311452e-06   2.856044e-06   2.639895e-10   1.015997e-05   2.974156e-10   3.144634e-10   3.329994e-10   3.493676e-10   2.464609e-06   3.507702e-06   4.665507e-06   3.642293e-06   4.577542e-06   4.575278e-10   4.596242e-06   5.380136e-06   4.618901e-06   7.503454e-06   6.103490e-06   5.745964e-10   5.976884e-10   9.663713e-06   1.373667e-05   7.569125e-06   6.893238e-10   7.094014e-10   7.616487e-10   8.089399e-10   8.337749e-10   8.103750e-10   8.823525e-10   8.914673e-10   9.303813e-10   9.981638e-10   1.032392e-09   1.004444e-09
Zn66  2.228191e-07   5.839055e-07   8.120293e-07   4.245015e-07   6.789928e-07   1.535325e-10   7.576916e-07   1.729726e-10   1.828874e-10   1.936676e-10   2.031871e-10   6.370370e-07   8.142888e-07   1.042308e-06   5.891585e-07   1.191899e-06   2.660915e-10   1.382745e-06   2.309899e-06   9.053990e-07   9.911149e-07   8.192706e-07   3.341769e-10   3.476070e-10   9.814494e-07   1.101655e-06   1.886371e-06   4.009007e-10   4.125776e-10   4.429639e-10   4.704677e-10   4.849114e-10   4.713024e-10   5.131635e-10   5.184645e-10   5.410963e-10   5.805176e-10   6.004242e-10   5.841700e-10
Zn67  9.499123e-09   1.560768e-08   1.505790e-08   1.143473e-08   1.725591e-08   2.270797e-11   1.078645e-07   2.558323e-11   2.704966e-11   2.864409e-11   3.005206e-11   1.450259e-08   1.585822e-08   1.494075e-08   2.094388e-08   1.553100e-08   3.935584e-11   1.627663e-08   2.099782e-08   1.735237e-08   1.714542e-08   1.806807e-08   4.942590e-11   5.141224e-11   3.238504e-08   2.860914e-08   2.086300e-08   5.929457e-11   6.102162e-11   6.551585e-11   6.958376e-11   7.172003e-11   6.970721e-11   7.589861e-11   7.668265e-11   8.002997e-11   8.586051e-11   8.880476e-11   8.640072e-11
Zn68  4.628899e-08   5.003767e-08   4.967997e-08   5.372110e-08   5.908116e-08   1.052372e-10   5.928203e-07   1.185622e-10   1.253581e-10   1.327473e-10   1.392724e-10   5.545284e-08   5.964120e-08   5.937640e-08   7.937434e-08   6.004170e-08   1.823895e-10   6.223551e-08   7.048141e-08   6.670072e-08   8.642604e-08   7.856948e-08   2.290579e-10   2.382634e-10   1.328571e-07   1.302122e-07   7.573687e-08   2.747930e-10   2.827968e-10   3.036247e-10   3.224769e-10   3.323772e-10   3.230490e-10   3.517422e-10   3.553758e-10   3.708885e-10   3.979094e-10   4.115541e-10   4.004129e-10
Zn70  1.329024e-09   1.364549e-09   1.399318e-09   1.435571e-09   1.475464e-09   3.585712e-12   1.554949e-09   4.039730e-12   4.271287e-12   4.523057e-12   4.745382e-12   1.735201e-09   1.786944e-09   1.906557e-09   1.832900e-09   2.024197e-09   6.214499e-12   2.004063e-09   2.059724e-09   2.001869e-09   2.061636e-09   2.059038e-09   7.804616e-12   8.118270e-12   2.166191e-09   2.192062e-09   2.414597e-09   9.362933e-12   9.635643e-12   1.034531e-11   1.098765e-11   1.132498e-11   1.100714e-11   1.198480e-11   1.210860e-11   1.263716e-11   1.355784e-11   1.402275e-11   1.364314e-11
Ga69  3.971744e-09   4.336125e-09   4.375789e-09   4.508521e-09   4.651702e-09   9.984265e-12   2.252538e-08   1.124846e-11   1.189322e-11   1.259426e-11   1.321332e-11   5.586857e-09   5.983022e-09   6.440813e-09   6.218769e-09   6.667097e-09   1.730401e-11   6.984985e-09   7.491902e-09   7.168077e-09   7.421841e-09   7.405037e-09   2.173163e-11   2.260499e-11   9.356487e-09   9.318622e-09   8.922896e-09   2.607070e-11   2.683005e-11   2.880608e-11   3.059466e-11   3.153394e-11   3.064894e-11   3.337118e-11   3.371590e-11   3.518766e-11   3.775124e-11   3.904577e-11   3.798875e-11
Ga71  2.539029e-09   2.672925e-09   2.728875e-09   2.752228e-09   2.902252e-09   6.818496e-12   5.883766e-09   7.681846e-12   8.122168e-12   8.600927e-12   9.023696e-12   3.381030e-09   3.498091e-09   3.579488e-09   3.695129e-09   3.724477e-09   1.181733e-11   3.900538e-09   4.151956e-09   3.962709e-09   4.008127e-09   4.085022e-09   1.484105e-11   1.543749e-11   4.639245e-09   4.519283e-09   4.741904e-09   1.780431e-11   1.832289e-11   1.967237e-11   2.089383e-11   2.153529e-11   2.093090e-11   2.278998e-11   2.302540e-11   2.403050e-11   2.578123e-11   2.666530e-11   2.594344e-11
Ge70  4.614117e-09   5.816492e-09   6.110841e-09   5.396724e-09   6.116438e-09   1.150452e-11   7.396276e-09   1.296121e-11   1.370415e-11   1.451193e-11   1.522525e-11   7.078402e-09   7.269668e-09   7.719217e-09   7.375399e-09   8.135243e-09   1.993882e-11   8.868738e-09   1.082184e-08   8.921696e-09   8.628778e-09   9.481469e-09   2.504060e-11   2.604694e-11   1.017388e-08   1.068089e-08   1.099135e-08   3.004036e-11   3.091533e-11   3.319225e-11   3.525317e-11   3.633546e-11   3.531571e-11   3.845245e-11   3.884967e-11   4.054552e-11   4.349944e-11   4.499109e-11   4.377313e-11
Ge72  5.876321e-09   6.149079e-09   6.256075e-09   6.349897e-09   6.645584e-09   1.582260e-11   2.294482e-08   1.782604e-11   1.884782e-11   1.995880e-11   2.093985e-11   7.770369e-09   7.931299e-09   8.076970e-09   8.415653e-09   8.354476e-09   2.742259e-11   8.719529e-09   9.010097e-09   9.092986e-09   9.222275e-09   9.443864e-09   3.443927e-11   3.582333e-11   1.057371e-08   1.035860e-08   1.022239e-08   4.131562e-11   4.251901e-11   4.565053e-11   4.848499e-11   4.997351e-11   4.857100e-11   5.288508e-11   5.343139e-11   5.576376e-11   5.982640e-11   6.187791e-11   6.020280e-11
Ge73  1.684075e-09   1.732371e-09   1.774370e-09   1.819407e-09   1.873689e-09   4.535921e-12   2.921375e-09   5.110254e-12   5.403173e-12   5.721661e-12   6.002903e-12   2.213729e-09   2.291513e-09   2.352365e-09   2.342017e-09   2.429232e-09   7.861334e-12   2.549336e-09   2.631135e-09   2.563783e-09   2.615529e-09   2.643091e-09   9.872830e-12   1.026960e-11   2.809460e-09   2.845793e-09   3.027049e-09   1.184410e-11   1.218908e-11   1.308680e-11   1.389937e-11   1.432609e-11   1.392402e-11   1.516076e-11   1.531737e-11   1.598600e-11   1.715065e-11   1.773876e-11   1.725855e-11
Ge74  8.016590e-09   8.226447e-09   8.428552e-09   8.638449e-09   8.886191e-09   2.164073e-11   9.287204e-09   2.438085e-11   2.577836e-11   2.729785e-11   2.863965e-11   1.051685e-08   1.077450e-08   1.098507e-08   1.112335e-08   1.136036e-08   3.750616e-11   1.184399e-08   1.217050e-08   1.217532e-08   1.234884e-08   1.254889e-08   4.710294e-11   4.899593e-11   1.316739e-08   1.335694e-08   1.379231e-08   5.650780e-11   5.815367e-11   6.243668e-11   6.631341e-11   6.834927e-11   6.643105e-11   7.233146e-11   7.307865e-11   7.626866e-11   8.182517e-11   8.463104e-11   8.233998e-11
