# Cinquegrana, Heger & Karakas 2025
M      10.5   10.8   11.0   11.3   11.5   11.8   12.0   12.3   12.5   12.8   13.0   13.3   13.5   13.8   14.0   14.3   14.5   14.8   15.0   15.3   15.5   15.8   16.0   16.3   16.5   16.8   17.0   17.3   17.5   17.8   18.0   18.3   18.5   18.8   19.0   19.3   19.5   19.8   20.0
E      1.0   1.0   1.0   1.0   1.0   1.0   1.0   1.0   1.0   1.0   1.0   1.0   1.0   1.0   1.0   1.0   1.0   1.0   1.0   1.0   1.0   1.0   1.0   1.0   1.0   1.0   1.0   1.0   1.0   1.0   1.0   1.0   1.0   1.0   1.0   1.0   1.0   1.0   1.0
Mrem   1.503   1.525   1.543   1.621   1.522   1.658   1.583   1.579   1.624   1.666   12.753   1.441   1.479   1.505   1.537   1.564   1.598   14.394   1.669   14.863   1.538   1.492   1.636   1.564   16.061   1.683   1.599   1.603   1.589   17.218   17.460   17.612   17.900   18.115   18.236   18.641   18.706   18.939   19.234
H1    6.369881e+00   6.494661e+00   6.625202e+00   6.800167e+00   7.001396e+00   7.063024e+00   7.211477e+00   7.372615e+00   7.499713e+00   7.631147e+00   1.840546e-01   7.600039e+00   7.738766e+00   7.859939e+00   7.982621e+00   8.097986e+00   8.226288e+00   2.646799e-01   8.498153e+00   2.881583e-01   8.449484e+00   8.204340e+00   8.739221e+00   8.703897e+00   3.268234e-01   8.997089e+00   8.961663e+00   8.526902e+00   9.087217e+00   3.952601e-01   4.015485e-01   4.741708e-01   4.463595e-01   4.717401e-01   5.673647e-01   4.525325e-01   5.900486e-01   6.025400e-01   5.690666e-01
H2    5.587386e-08   5.830595e-08   6.102021e-08   6.325381e-08   6.606550e-08   6.779749e-08   7.031911e-08   7.303218e-08   7.483394e-08   7.909128e-08   5.778824e-08   7.959066e-08   8.385012e-08   8.469322e-08   8.455861e-08   8.691542e-08   8.943736e-08   6.974233e-08   9.355962e-08   7.329343e-08   9.475684e-08   9.768805e-08   9.977501e-08   1.003999e-07   8.244760e-08   1.058505e-07   1.098267e-07   1.084351e-07   1.108698e-07   9.186799e-08   9.382230e-08   9.579785e-08   9.765334e-08   9.964691e-08   1.015983e-07   1.037065e-07   1.056941e-07   1.073901e-07   1.094866e-07
He3   3.766752e-04   3.803246e-04   3.843502e-04   3.911196e-04   3.994735e-04   3.994287e-04   4.051690e-04   4.112817e-04   4.158013e-04   4.201711e-04   1.798875e-05   4.129875e-04   4.178577e-04   4.218159e-04   4.261015e-04   4.302871e-04   4.348019e-04   2.544208e-05   4.450023e-04   2.769231e-05   4.382607e-04   4.240206e-04   4.498998e-04   4.467304e-04   3.197446e-05   4.585981e-04   4.559439e-04   4.319991e-04   4.589538e-04   3.877211e-05   3.962005e-05   4.578245e-05   4.383805e-05   4.626370e-05   5.429804e-05   4.538788e-05   5.678668e-05   5.821819e-05   5.621768e-05
He4   2.502364e+00   2.589813e+00   2.672016e+00   2.744334e+00   2.898906e+00   2.912686e+00   3.037159e+00   3.142627e+00   3.221139e+00   3.299352e+00   6.237757e-02   3.880040e+00   3.958384e+00   4.053202e+00   4.142254e+00   4.237334e+00   4.316933e+00   8.991494e-02   4.479027e+00   9.793623e-02   4.838603e+00   4.802193e+00   5.008057e+00   5.159223e+00   1.113398e-01   5.317150e+00   5.465200e+00   5.237612e+00   5.654425e+00   1.347307e-01   1.368734e-01   1.618487e-01   1.523688e-01   1.612339e-01   1.940020e-01   1.546078e-01   2.016836e-01   2.058266e-01   1.945576e-01
Li6   5.994379e-12   6.130080e-12   6.255295e-12   6.501138e-12   6.655986e-12   6.833343e-12   7.013607e-12   7.201876e-12   7.388179e-12   7.269787e-12   5.852749e-12   7.089473e-12   7.220932e-12   7.369555e-12   7.661750e-12   7.813621e-12   7.952140e-12   6.550983e-12   8.346989e-12   6.743290e-12   7.978293e-12   7.782940e-12   8.394369e-12   8.264552e-12   7.231718e-12   8.644275e-12   8.617849e-12   8.206697e-12   9.364084e-12   7.700305e-12   7.778124e-12   7.840893e-12   7.987515e-12   8.111013e-12   8.170385e-12   8.263323e-12   8.384179e-12   8.459874e-12   8.588224e-12
Li7   3.241217e-08   3.914215e-08   4.551735e-08   4.127568e-08   5.124113e-08   5.039738e-08   5.874367e-08   6.410777e-08   6.172368e-08   6.874606e-08   4.266030e-10   1.126269e-07   1.058937e-07   1.067617e-07   1.033832e-07   9.826808e-08   9.510006e-08   4.762280e-10   9.268932e-08   4.892954e-10   1.203819e-07   1.569975e-07   1.176325e-07   1.217191e-07   5.231289e-10   1.307535e-07   1.546377e-07   1.644129e-07   1.133332e-07   5.556469e-10   5.612243e-10   5.659311e-10   5.747428e-10   5.824361e-10   5.868749e-10   5.931557e-10   6.018183e-10   6.067843e-10   6.151065e-10
Be9   5.935736e-12   6.123890e-12   6.255333e-12   6.428780e-12   6.693878e-12   6.795804e-12   7.004918e-12   7.218392e-12   7.357789e-12   7.185417e-12   4.752142e-12   7.020975e-12   7.073887e-12   7.241937e-12   8.328448e-12   8.713688e-12   9.011758e-12   5.784339e-12   9.196496e-12   6.004848e-12   8.071874e-12   7.433303e-12   8.229504e-12   8.451216e-12   6.498703e-12   8.302375e-12   8.171879e-12   7.811777e-12   1.122711e-11   6.884841e-12   6.958003e-12   7.030681e-12   7.105483e-12   7.171041e-12   7.235903e-12   7.313859e-12   7.381803e-12   7.449727e-12   7.519102e-12
B10   1.421758e-10   1.488760e-10   1.530843e-10   1.561304e-10   1.639342e-10   1.650861e-10   1.706763e-10   1.761740e-10   1.778136e-10   1.813938e-10   3.248093e-11   1.946487e-10   1.884359e-10   1.923674e-10   1.960145e-10   1.963829e-10   1.970232e-10   4.430125e-11   2.029320e-10   4.815092e-11   2.023886e-10   1.931993e-10   2.050888e-10   2.033499e-10   5.771078e-11   2.081854e-10   2.106086e-10   1.928961e-10   2.239348e-10   7.000459e-11   7.221120e-11   7.914277e-11   7.895197e-11   8.281364e-11   9.073468e-11   8.496027e-11   9.605639e-11   9.898897e-11   1.003915e-10
B11   2.971955e-08   2.628248e-08   2.817513e-08   2.857136e-08   3.693534e-08   4.172503e-08   5.107458e-08   5.787378e-08   5.956664e-08   2.706077e-08   1.433436e-10   1.835274e-07   1.856768e-07   2.294500e-07   2.177841e-07   2.183775e-07   2.079646e-07   1.947602e-10   2.870662e-07   2.116430e-10   3.119411e-07   2.901217e-07   3.509990e-07   3.217292e-07   2.541820e-10   3.610594e-07   3.325472e-07   3.015250e-07   4.918524e-07   3.076845e-10   3.176285e-10   3.456959e-10   3.462938e-10   3.625876e-10   3.932950e-10   3.732834e-10   4.157036e-10   4.279034e-10   4.354690e-10
C12   8.285179e-03   8.166371e-03   8.772031e-03   8.809416e-03   1.094379e-02   1.112743e-02   1.255659e-02   1.411579e-02   1.439574e-02   1.372685e-02   1.120511e-04   5.070646e-02   4.952222e-02   5.320092e-02   5.762985e-02   5.985873e-02   6.000519e-02   1.601408e-04   6.493122e-02   1.746467e-04   9.687128e-02   1.023020e-01   9.314936e-02   1.124481e-01   2.010384e-04   1.076096e-01   1.251971e-01   1.239343e-01   1.571663e-01   2.443128e-04   2.492721e-04   2.911381e-04   2.766182e-04   2.923034e-04   3.479022e-04   2.841154e-04   3.631455e-04   3.721191e-04   3.554342e-04
C13   1.338409e-04   1.370440e-04   1.402834e-04   1.444439e-04   1.494332e-04   1.510211e-04   1.550666e-04   1.589074e-04   1.622393e-04   1.656366e-04   2.003133e-06   1.708196e-04   1.739129e-04   1.771521e-04   1.782286e-04   1.814403e-04   1.846714e-04   3.222338e-06   1.920312e-04   3.541555e-06   1.931626e-04   1.924730e-04   2.012980e-04   2.008270e-04   3.646455e-06   2.099402e-04   2.120334e-04   2.026284e-04   2.135367e-04   4.435038e-06   4.374981e-06   5.943541e-06   5.020284e-06   5.349957e-06   7.576651e-06   4.428686e-06   7.628230e-06   7.731563e-06   6.305847e-06
N14   4.459295e-03   4.622096e-03   4.801981e-03   4.946077e-03   5.215933e-03   5.262671e-03   5.519575e-03   5.703662e-03   5.858660e-03   6.017013e-03   4.224152e-05   6.718927e-03   6.805399e-03   6.959816e-03   7.117446e-03   7.254122e-03   7.400240e-03   6.197209e-05   7.717401e-03   6.713355e-05   7.997675e-03   7.964513e-03   8.431197e-03   8.492409e-03   7.390591e-05   8.922750e-03   9.097205e-03   8.636222e-03   9.338431e-03   8.809552e-05   8.831225e-05   1.078419e-04   9.922909e-05   1.054469e-04   1.299677e-04   9.731406e-05   1.336601e-04   1.345870e-04   1.239214e-04
N15   2.044454e-06   1.986305e-06   2.126293e-06   2.098438e-06   2.480755e-06   2.328333e-06   2.595546e-06   2.879785e-06   2.843150e-06   2.970758e-06   7.325771e-08   6.668089e-06   6.880780e-06   7.626629e-06   1.036567e-05   9.604753e-06   9.597600e-06   1.029054e-07   8.720686e-06   1.120541e-07   1.523385e-05   1.320407e-05   1.311638e-05   1.750239e-05   1.309781e-07   1.506125e-05   1.847488e-05   1.800585e-05   2.639876e-05   1.590223e-07   1.629486e-07   1.859921e-07   1.798762e-07   1.896715e-07   2.191916e-07   1.882449e-07   2.300278e-07   2.361581e-07   2.308268e-07
O16   2.252894e-02   2.451967e-02   2.714404e-02   2.695707e-02   3.503525e-02   3.278914e-02   3.770532e-02   4.275191e-02   4.298572e-02   4.915029e-02   2.893921e-04   1.624894e-01   1.778540e-01   1.910532e-01   1.945508e-01   2.016464e-01   2.054626e-01   4.161048e-04   2.028924e-01   4.530498e-04   4.249212e-01   4.743043e-01   3.962732e-01   5.300697e-01   5.134248e-04   4.945502e-01   6.611886e-01   6.883514e-01   7.735722e-01   6.209606e-04   6.309237e-04   7.447390e-04   7.009933e-04   7.405991e-04   8.907701e-04   7.106198e-04   9.264840e-04   9.463761e-04   8.936764e-04
O17   2.987451e-05   2.988623e-05   2.881054e-05   2.870604e-05   2.883658e-05   2.881691e-05   2.733269e-05   2.769246e-05   2.677696e-05   2.703382e-05   1.436022e-07   2.480512e-05   2.464371e-05   2.480558e-05   2.568999e-05   2.509631e-05   2.461396e-05   1.903611e-07   2.421774e-05   2.031542e-07   2.550932e-05   2.029676e-05   2.184240e-05   2.591120e-05   2.239703e-07   2.045288e-05   2.134015e-05   1.985780e-05   3.318897e-05   2.617182e-07   2.607639e-07   3.173581e-07   2.927618e-07   3.103876e-07   3.791112e-07   2.880059e-07   3.902524e-07   3.939235e-07   3.645825e-07
O18   1.815447e-05   2.354288e-05   2.496125e-05   2.482755e-05   2.903432e-05   2.835792e-05   3.070944e-05   3.294099e-05   3.334022e-05   3.333143e-05   5.943291e-07   2.134494e-04   2.548131e-04   2.840466e-04   2.503621e-04   2.499215e-04   2.415016e-04   8.542989e-07   2.160623e-04   9.317813e-07   3.280967e-04   4.019932e-04   3.135648e-04   3.058240e-04   1.064410e-06   2.619166e-04   3.227901e-04   2.795641e-04   2.397871e-04   1.292478e-06   1.316374e-06   1.546380e-06   1.461756e-06   1.544090e-06   1.849937e-06   1.490941e-06   1.927284e-06   1.972873e-06   1.871513e-06
F19   1.358986e-06   9.946209e-07   1.054308e-06   1.052160e-06   1.185966e-06   1.073858e-06   1.077204e-06   1.186045e-06   1.124271e-06   1.269153e-06   2.627168e-08   1.132511e-06   1.181523e-06   1.272344e-06   2.983935e-06   2.971855e-06   2.958887e-06   3.778705e-08   2.620568e-06   4.114209e-08   5.706622e-06   1.755753e-06   1.642083e-06   6.323845e-06   4.660678e-08   1.818387e-06   1.630615e-06   1.763981e-06   8.285119e-06   5.637600e-08   5.728331e-08   6.761308e-08   6.364153e-08   6.722833e-08   8.086189e-08   6.450553e-08   8.410863e-08   8.591737e-08   8.112017e-08
Ne20  4.950801e-03   5.534009e-03   6.073646e-03   6.002730e-03   7.722690e-03   6.787903e-03   6.833067e-03   7.634200e-03   7.583286e-03   7.818220e-03   8.923576e-05   8.523523e-03   9.549775e-03   1.109048e-02   3.051679e-02   3.214677e-02   3.371850e-02   1.283830e-04   2.998820e-02   1.397831e-04   7.414908e-02   2.122123e-02   1.606808e-02   8.836235e-02   1.586094e-04   2.139734e-02   1.387581e-02   1.872592e-02   1.186074e-01   1.918398e-04   1.948912e-04   2.302003e-04   2.166993e-04   2.290763e-04   2.755358e-04   2.197298e-04   2.865292e-04   2.925592e-04   2.763512e-04
Ne21  2.136805e-05   2.083919e-05   2.251724e-05   2.382371e-05   3.170982e-05   2.665175e-05   3.115552e-05   3.616308e-05   3.529490e-05   2.716544e-05   2.372416e-07   4.802881e-05   4.897019e-05   5.173205e-05   9.332106e-05   9.876902e-05   9.995654e-05   3.388186e-07   8.849072e-05   3.671437e-07   1.153193e-04   6.478509e-05   8.314134e-05   1.189423e-04   4.146538e-07   9.224762e-05   7.272561e-05   7.423506e-05   2.616838e-04   4.961148e-07   5.026889e-07   5.964739e-07   5.593677e-07   5.923045e-07   7.127396e-07   5.645700e-07   7.391161e-07   7.527356e-07   7.091946e-07
Ne22  2.711239e-04   2.588457e-04   2.701009e-04   2.749192e-04   2.974498e-04   3.028255e-04   3.212229e-04   3.409227e-04   3.447770e-04   3.718951e-04   6.940595e-06   8.143130e-04   9.005183e-04   9.598202e-04   1.053838e-03   1.140483e-03   1.182037e-03   9.990924e-06   1.305783e-03   1.088224e-05   2.097139e-03   2.084391e-03   1.997070e-03   2.550196e-03   1.233845e-05   2.408438e-03   2.739523e-03   2.842716e-03   3.266039e-03   1.493311e-05   1.517802e-05   1.790539e-05   1.686099e-05   1.781132e-05   2.141587e-05   1.710155e-05   2.227965e-05   2.276395e-05   2.150408e-05
Na23  1.357285e-04   1.427638e-04   1.519999e-04   1.552273e-04   1.795647e-04   1.685954e-04   1.756646e-04   1.982387e-04   1.935032e-04   1.997361e-04   1.551410e-06   2.662562e-04   2.793293e-04   3.075615e-04   5.108108e-04   5.149905e-04   5.229688e-04   2.253203e-06   5.680087e-04   2.456405e-06   1.144869e-03   5.699781e-04   3.851529e-04   1.131891e-03   2.829985e-06   4.354428e-04   4.611256e-04   5.087434e-04   2.011774e-03   3.430670e-06   3.479367e-06   4.150491e-06   3.909666e-06   4.166208e-06   5.024732e-06   3.979233e-06   5.211964e-06   5.296690e-06   5.020190e-06
Mg24  1.477682e-03   1.653909e-03   1.753570e-03   1.702356e-03   2.022910e-03   1.896640e-03   2.206498e-03   2.210390e-03   2.303460e-03   3.379455e-03   2.133617e-05   2.209276e-03   2.785365e-03   2.869254e-03   6.381233e-03   7.095061e-03   7.622307e-03   3.070110e-05   4.767383e-03   3.342847e-05   1.332303e-02   5.496427e-03   6.759948e-03   1.849883e-02   3.793707e-05   9.642920e-03   1.082145e-02   1.257234e-02   1.861604e-02   4.588826e-05   4.661841e-05   5.507094e-05   5.184073e-05   5.480687e-05   6.592586e-05   5.256987e-05   6.855571e-05   6.999446e-05   6.612342e-05
Mg25  1.260631e-04   1.279375e-04   1.350821e-04   1.350123e-04   1.591266e-04   1.496677e-04   1.527735e-04   1.626193e-04   1.684736e-04   1.595322e-04   2.800770e-06   2.288317e-04   2.441313e-04   2.610309e-04   4.870813e-04   5.146621e-04   5.343010e-04   4.026802e-06   4.633034e-04   4.384187e-06   8.059014e-04   3.631245e-04   3.912826e-04   1.001074e-03   4.968585e-06   4.828433e-04   4.042455e-04   4.354346e-04   1.235853e-03   6.009156e-06   6.105532e-06   7.206984e-06   6.783599e-06   7.166921e-06   8.620175e-06   6.876697e-06   8.965674e-06   9.157934e-06   8.648136e-06
Mg26  1.500560e-04   1.531158e-04   1.620079e-04   1.630188e-04   1.832277e-04   1.749859e-04   1.752197e-04   1.837084e-04   1.870390e-04   2.053304e-04   3.232005e-06   2.480460e-04   2.651425e-04   2.865423e-04   4.703964e-04   4.897016e-04   5.028476e-04   4.651574e-06   4.578363e-04   5.064418e-06   8.964902e-04   4.079734e-04   3.981835e-04   1.158308e-03   5.750804e-06   4.869538e-04   4.536509e-04   5.017220e-04   1.137634e-03   6.954069e-06   7.063553e-06   8.346242e-06   7.857118e-06   8.308495e-06   9.992864e-06   7.966625e-06   1.038909e-05   1.060457e-05   1.001741e-05
Al27  1.220563e-04   1.307061e-04   1.380609e-04   1.376597e-04   1.559674e-04   1.471771e-04   1.724807e-04   1.779873e-04   1.798520e-04   2.470799e-04   2.427281e-06   2.133665e-04   2.870155e-04   2.882377e-04   3.975991e-04   4.300581e-04   4.478506e-04   3.495106e-06   3.291831e-04   3.806311e-06   7.610808e-04   5.465425e-04   7.107332e-04   1.012942e-03   4.323459e-06   9.934303e-04   1.198597e-03   1.343173e-03   1.159706e-03   5.232305e-06   5.315875e-06   6.282691e-06   5.914986e-06   6.256271e-06   7.526722e-06   6.001364e-06   7.827478e-06   7.990650e-06   7.551705e-06
Si28  2.587817e-03   2.944473e-03   3.105827e-03   2.975932e-03   3.539845e-03   3.630820e-03   3.925518e-03   4.070017e-03   4.249955e-03   2.921237e-03   2.834024e-05   3.572750e-02   2.920510e-02   2.687498e-02   1.432045e-02   1.405317e-02   1.372850e-02   4.077916e-05   1.448228e-02   4.440169e-05   1.754778e-02   5.052462e-02   4.708267e-02   1.941115e-02   5.038971e-05   5.515176e-02   7.158345e-02   7.121497e-02   3.036029e-02   6.095008e-05   6.191968e-05   7.314358e-05   6.885505e-05   7.279337e-05   8.755873e-05   6.982250e-05   9.105085e-05   9.296384e-05   8.781845e-05
Si29  6.671475e-05   7.035679e-05   7.238009e-05   7.279710e-05   7.914294e-05   7.868008e-05   8.579462e-05   8.779637e-05   8.969331e-05   9.942698e-05   1.490451e-06   1.514761e-04   1.867523e-04   1.696933e-04   1.400916e-04   1.537663e-04   1.652555e-04   2.144629e-06   1.289546e-04   2.335142e-06   1.900527e-04   2.624984e-04   6.105483e-04   2.581263e-04   2.650058e-06   7.451774e-04   7.493207e-04   7.925442e-04   3.184064e-04   3.205441e-06   3.256433e-06   3.846709e-06   3.621171e-06   3.828291e-06   4.604817e-06   3.672049e-06   4.788471e-06   4.889078e-06   4.618474e-06
Si30  5.406959e-05   5.822108e-05   5.930822e-05   6.008751e-05   6.520439e-05   6.508974e-05   7.488643e-05   7.615882e-05   7.848178e-05   8.692905e-05   1.016314e-06   8.733688e-05   1.581417e-04   1.399230e-04   1.143793e-04   1.370567e-04   1.561990e-04   1.462379e-06   8.935163e-05   1.592285e-06   1.614275e-04   2.589961e-04   5.895660e-04   2.272618e-04   1.807010e-06   7.803975e-04   9.300937e-04   9.761836e-04   3.731039e-04   2.185709e-06   2.220479e-06   2.622967e-06   2.469177e-06   2.610400e-06   3.139888e-06   2.503865e-06   3.265120e-06   3.333725e-06   3.149203e-06
P31   1.692851e-05   1.849268e-05   1.910636e-05   1.866030e-05   2.059329e-05   2.125418e-05   2.459164e-05   2.526115e-05   2.578604e-05   2.615758e-05   2.809888e-07   2.044207e-04   2.468794e-04   2.228993e-04   5.911080e-05   6.074695e-05   6.080091e-05   4.043275e-07   5.271289e-05   4.402470e-07   7.571895e-05   4.403950e-04   4.690880e-04   8.729352e-05   4.996298e-07   5.983546e-04   7.782492e-04   7.938955e-04   1.350144e-04   6.043425e-07   6.139565e-07   7.252542e-07   6.827321e-07   7.217906e-07   8.682013e-07   6.923303e-07   9.028249e-07   9.217884e-07   8.707754e-07
S32   1.212063e-03   1.371853e-03   1.439423e-03   1.377300e-03   1.643863e-03   1.676982e-03   1.767909e-03   1.837026e-03   1.939646e-03   1.214919e-03   1.459350e-05   3.069332e-02   2.286678e-02   2.002204e-02   8.351112e-03   7.548104e-03   6.753198e-03   2.099878e-05   8.409007e-03   2.286416e-05   9.851891e-03   4.005540e-02   2.219635e-02   9.900389e-03   2.594762e-05   2.540738e-02   4.311461e-02   4.165346e-02   1.390616e-02   3.138556e-05   3.188484e-05   3.766445e-05   3.545612e-05   3.748411e-05   4.508735e-05   3.595429e-05   4.688557e-05   4.787065e-05   4.522108e-05
S33   6.675642e-06   7.250409e-06   7.535515e-06   7.245364e-06   8.074144e-06   8.366519e-06   8.577921e-06   8.967892e-06   9.012921e-06   7.530539e-06   1.185549e-07   2.117037e-04   2.037897e-04   1.712430e-04   3.020426e-05   2.723410e-05   2.384952e-05   1.705902e-07   3.223593e-05   1.857443e-07   3.390152e-05   3.424132e-04   2.274255e-04   3.250174e-05   2.107938e-07   2.707167e-04   4.674273e-04   4.545695e-04   4.509106e-05   2.549708e-07   2.590269e-07   3.059796e-07   2.880395e-07   3.045146e-07   3.662822e-07   2.920867e-07   3.808907e-07   3.888932e-07   3.673687e-07
S34   3.202285e-05   3.401415e-05   3.529967e-05   3.496574e-05   3.786149e-05   3.965939e-05   4.006583e-05   4.153306e-05   4.240423e-05   3.734303e-05   6.845129e-07   5.621442e-04   5.258373e-04   4.548073e-04   1.178638e-04   1.064969e-04   9.544688e-05   9.849546e-07   1.424054e-04   1.072451e-06   1.171300e-04   8.921357e-04   7.571503e-04   1.087241e-04   1.217081e-06   6.188032e-04   1.005786e-03   7.657646e-04   1.712046e-04   1.472150e-06   1.495569e-06   1.766663e-06   1.663081e-06   1.758204e-06   2.114837e-06   1.686448e-06   2.199183e-06   2.245388e-06   2.121109e-06
S36   9.936398e-08   1.010114e-07   1.043042e-07   1.071313e-07   1.168647e-07   1.151803e-07   1.202430e-07   1.252210e-07   1.292853e-07   1.232152e-07   2.518498e-09   1.973428e-07   2.075511e-07   2.152711e-07   2.301865e-07   2.437541e-07   2.528473e-07   3.623900e-09   2.407566e-07   3.945821e-09   3.096458e-07   3.090491e-07   3.868096e-07   3.609267e-07   4.477954e-09   4.900065e-07   4.941448e-07   5.366586e-07   5.147676e-07   5.416415e-09   5.502580e-09   6.500006e-09   6.118900e-09   6.468883e-09   7.781026e-09   6.204872e-09   8.091357e-09   8.261358e-09   7.804105e-09
Cl35  6.653501e-06   7.033114e-06   7.277180e-06   7.216665e-06   7.653496e-06   8.041123e-06   8.254142e-06   8.542155e-06   8.643338e-06   8.050199e-06   1.539383e-07   2.328559e-04   2.726611e-04   2.490453e-04   2.622884e-05   2.239605e-05   1.831157e-05   2.215038e-07   2.912135e-05   2.411806e-07   2.708207e-05   5.317564e-04   1.956740e-04   2.348581e-05   2.737062e-07   3.653701e-04   5.671357e-04   6.842636e-04   3.034161e-05   3.310678e-07   3.363344e-07   3.973001e-07   3.740057e-07   3.953978e-07   4.755999e-07   3.792607e-07   4.945683e-07   5.049593e-07   4.770106e-07
Cl37  2.189433e-06   2.291415e-06   2.370867e-06   2.376140e-06   2.579610e-06   2.630636e-06   2.684557e-06   2.802966e-06   2.852918e-06   2.686948e-06   5.205326e-08   7.895214e-05   6.167373e-05   5.262183e-05   9.009652e-06   7.713977e-06   6.497794e-06   7.490013e-08   9.834017e-06   8.155371e-08   1.067212e-05   1.214311e-04   3.779500e-05   1.013702e-05   9.255204e-08   4.537940e-05   1.130921e-04   1.063655e-04   1.287743e-05   1.119485e-07   1.137294e-07   1.343446e-07   1.264677e-07   1.337013e-07   1.608212e-07   1.282446e-07   1.672352e-07   1.707489e-07   1.612982e-07
Ar36  2.568696e-04   2.868973e-04   2.959587e-04   2.832075e-04   3.410158e-04   3.404700e-04   3.598974e-04   3.746954e-04   3.971543e-04   2.550163e-04   3.265821e-06   9.249254e-03   6.590562e-03   5.635715e-03   1.680353e-03   1.489583e-03   1.301496e-03   4.699233e-06   1.633425e-03   5.116679e-06   2.027528e-03   1.308335e-02   4.160450e-03   2.014481e-03   5.806714e-06   4.739696e-03   1.171967e-02   1.076824e-02   2.610581e-03   7.023648e-06   7.135381e-06   8.428777e-06   7.934584e-06   8.388419e-06   1.008992e-05   8.046067e-06   1.049234e-05   1.071278e-05   1.011985e-05
Ar38  2.537198e-05   2.657251e-05   2.779453e-05   2.769040e-05   2.950803e-05   3.083736e-05   3.092032e-05   3.193265e-05   3.229860e-05   3.070990e-05   6.266671e-07   8.509772e-04   7.104282e-04   6.082419e-04   1.572088e-04   1.233601e-04   8.830580e-05   9.017196e-07   1.788622e-04   9.818218e-07   1.531616e-04   1.340755e-03   5.812017e-04   1.147515e-04   1.114230e-06   4.928410e-04   1.081154e-03   8.355345e-04   1.371278e-04   1.347744e-06   1.369184e-06   1.617369e-06   1.522540e-06   1.609625e-06   1.936119e-06   1.543932e-06   2.013338e-06   2.055639e-06   1.941862e-06
Ar40  4.375151e-08   4.324240e-08   4.521390e-08   4.605418e-08   5.143526e-08   5.032550e-08   5.237535e-08   5.423570e-08   5.733764e-08   5.170655e-08   1.030062e-09   8.323850e-08   8.804262e-08   9.059963e-08   1.180093e-07   1.304675e-07   1.393113e-07   1.482128e-09   1.232779e-07   1.613778e-09   1.459648e-07   1.138845e-07   1.578524e-07   1.690625e-07   1.831384e-09   1.958353e-07   1.738904e-07   1.848709e-07   2.554979e-07   2.215168e-09   2.250402e-09   2.658324e-09   2.502452e-09   2.645582e-09   3.182215e-09   2.537595e-09   3.309118e-09   3.378637e-09   3.191626e-09
K39   6.031488e-06   6.421588e-06   6.639717e-06   6.569442e-06   7.025087e-06   7.359927e-06   7.316397e-06   7.584970e-06   7.671922e-06   7.274054e-06   1.439156e-07   3.320248e-04   3.779629e-04   3.239521e-04   3.127848e-05   2.433522e-05   1.808771e-05   2.070821e-07   3.336535e-05   2.254777e-07   3.296678e-05   7.745009e-04   1.955590e-04   2.675984e-05   2.558857e-07   3.975283e-04   7.875319e-04   9.543489e-04   2.841090e-05   3.095126e-07   3.144363e-07   3.714326e-07   3.496549e-07   3.696542e-07   4.446345e-07   3.545677e-07   4.623679e-07   4.720823e-07   4.459533e-07
K40   1.102245e-08   1.183103e-08   1.253576e-08   1.252774e-08   1.430098e-08   1.419683e-08   1.507052e-08   1.628510e-08   1.635333e-08   1.714503e-08   2.304660e-10   2.533693e-07   5.136334e-07   4.631581e-07   5.509071e-08   5.256317e-08   5.008536e-08   3.320105e-10   5.907149e-08   3.616099e-10   9.849021e-08   9.834711e-07   1.292911e-06   1.156941e-07   4.106461e-10   2.593414e-06   3.106810e-06   3.999124e-06   1.535062e-07   4.969405e-10   5.049005e-10   5.963904e-10   5.615219e-10   5.936643e-10   7.140360e-10   5.695723e-10   7.426342e-10   7.582974e-10   7.164112e-10
K41   4.613915e-07   4.889872e-07   5.011938e-07   5.011672e-07   5.394936e-07   5.626303e-07   5.623642e-07   5.859582e-07   6.085243e-07   5.602813e-07   1.091867e-08   6.463214e-05   5.135577e-05   3.142968e-05   2.221943e-06   1.727640e-06   1.371403e-06   1.571101e-08   2.241141e-06   1.710667e-08   2.552461e-06   7.904833e-05   1.055279e-05   2.217529e-06   1.941367e-08   1.329404e-05   5.080121e-05   5.023572e-05   2.275019e-06   2.348226e-08   2.385582e-08   2.818005e-08   2.652781e-08   2.804512e-08   3.373377e-08   2.690053e-08   3.507918e-08   3.581619e-08   3.383382e-08
Ca40  2.205492e-04   2.460146e-04   2.501057e-04   2.354011e-04   2.944042e-04   2.852832e-04   3.049222e-04   3.189420e-04   3.407973e-04   2.100942e-04   2.435291e-06   6.323672e-03   3.711833e-03   2.573379e-03   1.328030e-03   1.212507e-03   1.090120e-03   3.504171e-06   1.182776e-03   3.815456e-06   1.735953e-03   6.326136e-03   1.414220e-03   1.790261e-03   4.330008e-06   1.455089e-03   3.409814e-03   3.258758e-03   2.233140e-03   5.237464e-06   5.320782e-06   6.285254e-06   5.916739e-06   6.255159e-06   7.523950e-06   5.999871e-06   7.824029e-06   7.988413e-06   7.546266e-06
Ca42  7.022362e-07   7.398412e-07   7.760141e-07   7.716016e-07   8.227687e-07   8.691298e-07   8.611851e-07   8.919995e-07   9.051668e-07   8.573849e-07   1.706668e-08   6.679085e-05   6.079399e-05   5.108118e-05   6.123332e-06   4.526908e-06   2.965287e-06   2.455746e-08   6.829064e-06   2.673897e-08   6.319422e-06   1.353584e-04   3.071080e-05   4.385973e-06   3.034499e-08   3.568170e-05   1.077054e-04   9.797305e-05   4.479632e-06   3.670450e-08   3.728840e-08   4.404748e-08   4.146490e-08   4.383658e-08   5.272835e-08   4.204750e-08   5.483132e-08   5.598334e-08   5.288474e-08
Ca43  1.579035e-07   1.647202e-07   1.707310e-07   1.778380e-07   1.890613e-07   1.918234e-07   1.869488e-07   1.893507e-07   2.151892e-07   1.943780e-07   3.645936e-09   6.754384e-07   7.944179e-07   6.884504e-07   3.618928e-07   3.338743e-07   3.423941e-07   5.246186e-09   3.507053e-07   5.712219e-09   4.280797e-07   1.294573e-06   1.318467e-06   4.707933e-07   6.482568e-09   1.525547e-06   2.646385e-06   2.574758e-06   5.771552e-07   7.841144e-09   7.965881e-09   9.409817e-09   8.858104e-09   9.364762e-09   1.126430e-08   8.982564e-09   1.171356e-08   1.195966e-08   1.129771e-08
Ca44  2.759810e-06   2.950515e-06   3.084178e-06   3.233223e-06   3.390559e-06   3.527530e-06   3.466764e-06   3.475726e-06   3.695308e-06   3.457116e-06   5.764357e-08   8.182495e-06   6.734418e-06   6.284721e-06   6.319264e-06   6.662202e-06   6.847807e-06   8.294409e-08   6.617896e-06   9.031224e-08   8.241492e-06   1.073142e-05   8.346441e-06   9.168781e-06   1.024917e-07   8.603973e-06   1.130709e-05   9.835112e-06   1.278381e-05   1.239713e-07   1.259435e-07   1.487726e-07   1.400498e-07   1.480603e-07   1.780927e-07   1.420176e-07   1.851956e-07   1.890866e-07   1.786209e-07
Ca46  5.056165e-09   4.849174e-09   5.050751e-09   5.278059e-09   6.242884e-09   5.941370e-09   6.351137e-09   6.515998e-09   7.179843e-09   5.429319e-09   1.155590e-10   9.359641e-09   9.872962e-09   1.008761e-08   1.585848e-08   1.881746e-08   2.084293e-08   1.662794e-10   1.726418e-08   1.810505e-10   1.382233e-08   8.203445e-09   1.583619e-08   1.575363e-08   2.054669e-10   1.792241e-08   1.117179e-08   1.128703e-08   2.399266e-08   2.485274e-10   2.524810e-10   2.982470e-10   2.807602e-10   2.968189e-10   3.570254e-10   2.847050e-10   3.712647e-10   3.790650e-10   3.580844e-10
Ca48  2.032983e-07   2.081685e-07   2.130972e-07   2.187457e-07   2.270794e-07   2.287509e-07   2.350645e-07   2.412979e-07   2.460013e-07   2.508459e-07   5.637372e-09   2.652895e-07   2.702546e-07   2.756277e-07   2.820202e-07   2.869713e-07   2.917574e-07   8.111688e-09   3.017409e-07   8.832272e-09   3.143024e-07   3.048252e-07   3.202411e-07   3.296462e-07   1.002339e-08   3.343908e-07   3.382085e-07   3.234035e-07   3.552505e-07   1.212403e-08   1.231690e-08   1.454952e-08   1.369646e-08   1.447986e-08   1.741694e-08   1.388890e-08   1.811158e-08   1.849211e-08   1.746860e-08
Sc45  6.496647e-08   6.683107e-08   6.868237e-08   7.040200e-08   7.532197e-08   7.582468e-08   7.781977e-08   8.034713e-08   8.417193e-08   8.097896e-08   1.666319e-09   6.464549e-07   6.440022e-07   5.224540e-07   1.681916e-07   1.566382e-07   1.491071e-07   2.397689e-09   1.607550e-07   2.610682e-09   2.135256e-07   1.254402e-06   7.805838e-07   2.196729e-07   2.962758e-09   9.182704e-07   1.770649e-06   1.646257e-06   2.525477e-07   3.583674e-09   3.640684e-09   4.300612e-09   4.048460e-09   4.280021e-09   5.148176e-09   4.105343e-09   5.353502e-09   5.465980e-09   5.163446e-09
Ti46  4.155220e-07   4.269005e-07   4.441700e-07   4.449406e-07   4.708608e-07   4.933114e-07   4.880492e-07   5.042315e-07   5.117946e-07   4.933605e-07   1.023810e-08   1.616716e-05   9.678507e-06   7.130806e-06   2.309886e-06   1.963161e-06   1.535150e-06   1.473173e-08   2.130384e-06   1.604039e-08   2.931336e-06   1.759330e-05   5.206866e-06   2.604595e-06   1.820360e-08   5.738047e-06   1.385675e-05   1.288302e-05   2.278650e-06   2.201859e-08   2.236886e-08   2.642356e-08   2.487430e-08   2.629704e-08   3.163111e-08   2.522379e-08   3.289265e-08   3.358373e-08   3.172493e-08
Ti47  4.173971e-07   4.158344e-07   4.311892e-07   4.355018e-07   4.632196e-07   4.639173e-07   4.642217e-07   4.690833e-07   4.928710e-07   4.765207e-07   9.430988e-09   9.079199e-07   8.849523e-07   8.507710e-07   7.109576e-07   7.207812e-07   7.269164e-07   1.357037e-08   7.624012e-07   1.477587e-08   8.816478e-07   1.200978e-06   1.285151e-06   9.007652e-07   1.676854e-08   1.418496e-06   1.973764e-06   1.996154e-06   1.135758e-06   2.028278e-08   2.060544e-08   2.434049e-08   2.291337e-08   2.422394e-08   2.913751e-08   2.323531e-08   3.029960e-08   3.093620e-08   2.922393e-08
Ti48  6.892386e-06   7.532987e-06   8.011181e-06   7.939276e-06   8.854037e-06   8.909072e-06   9.047373e-06   9.123622e-06   9.925961e-06   7.763437e-06   9.546910e-08   1.341733e-05   1.141550e-05   1.278253e-05   2.044612e-05   2.308429e-05   2.351423e-05   1.373717e-07   2.145591e-05   1.495749e-07   2.909085e-05   1.606231e-05   2.450232e-05   3.304152e-05   1.697465e-07   2.447292e-05   2.491290e-05   1.894688e-05   4.972664e-05   2.053209e-07   2.085872e-07   2.463967e-07   2.319501e-07   2.452170e-07   2.949566e-07   2.352091e-07   3.067204e-07   3.131646e-07   2.958314e-07
Ti49  3.701660e-07   3.897714e-07   4.076931e-07   3.918847e-07   4.380927e-07   4.226268e-07   4.536495e-07   4.684493e-07   4.999595e-07   4.094760e-07   7.150860e-09   1.014243e-06   8.970814e-07   8.228286e-07   1.023105e-06   1.037044e-06   1.028466e-06   1.028947e-08   9.488977e-07   1.120351e-08   1.358683e-06   1.309363e-06   1.460330e-06   1.597980e-06   1.271441e-08   1.559518e-06   1.918063e-06   1.774202e-06   2.073499e-06   1.537902e-08   1.562367e-08   1.845570e-08   1.737361e-08   1.836733e-08   2.209294e-08   1.761771e-08   2.297408e-08   2.345677e-08   2.215847e-08
Ti50  2.577170e-07   2.637112e-07   2.707605e-07   2.780321e-07   2.926951e-07   2.929622e-07   3.029211e-07   3.126785e-07   3.194984e-07   3.233278e-07   6.994335e-09   3.631189e-07   3.726437e-07   3.843750e-07   4.336673e-07   4.465574e-07   4.567437e-07   1.006424e-08   4.621199e-07   1.095828e-08   5.547750e-07   4.712221e-07   5.006045e-07   6.204271e-07   1.243611e-08   5.463135e-07   5.616230e-07   5.573943e-07   7.794972e-07   1.504239e-08   1.528168e-08   1.805172e-08   1.699332e-08   1.796529e-08   2.160935e-08   1.723208e-08   2.247120e-08   2.294332e-08   2.167344e-08
V50   1.709382e-09   1.818281e-09   1.874379e-09   1.835413e-09   1.950932e-09   1.994914e-09   2.179992e-09   2.238748e-09   2.245688e-09   2.535175e-09   3.770099e-11   1.469593e-08   1.349719e-08   8.452380e-09   5.255657e-09   5.127805e-09   4.916408e-09   5.424845e-11   4.762838e-09   5.906749e-11   7.686091e-09   1.498196e-08   5.558796e-08   8.534762e-09   6.703333e-11   6.978810e-08   8.632907e-08   9.196376e-08   9.473185e-09   8.108175e-11   8.237161e-11   9.730270e-11   9.159768e-11   9.683681e-11   1.164791e-10   9.288466e-11   1.211246e-10   1.236695e-10   1.168246e-10
V51   9.416535e-07   1.015661e-06   1.052314e-06   9.370091e-07   1.101257e-06   1.022753e-06   1.113900e-06   1.159041e-06   1.209970e-06   9.586561e-07   1.536139e-08   4.108342e-06   2.163393e-06   1.968518e-06   2.525949e-06   2.535742e-06   2.553577e-06   2.210370e-08   2.297764e-06   2.406723e-08   3.307142e-06   3.063814e-06   3.066228e-06   3.995798e-06   2.731294e-08   3.200589e-06   3.503085e-06   3.230511e-06   4.813266e-06   3.303701e-08   3.356257e-08   3.964629e-08   3.732176e-08   3.945646e-08   4.745977e-08   3.784614e-08   4.935261e-08   5.038952e-08   4.760054e-08
Cr50  1.484665e-06   1.590912e-06   1.637891e-06   1.594989e-06   1.760138e-06   1.780436e-06   1.810467e-06   1.894914e-06   1.912414e-06   1.626474e-06   3.129757e-08   2.498229e-05   7.237203e-06   5.636416e-06   6.368992e-06   6.112081e-06   5.710953e-06   4.503449e-08   5.475335e-06   4.903502e-08   8.831164e-06   1.059040e-05   5.491114e-06   9.831518e-06   5.564788e-08   5.431570e-06   7.101252e-06   6.493938e-06   1.164966e-05   6.731021e-08   6.838099e-08   8.077607e-08   7.604004e-08   8.038931e-08   9.669541e-08   7.710843e-08   1.005519e-07   1.026645e-07   9.698221e-08
Cr52  5.493465e-05   6.151157e-05   6.254213e-05   5.204094e-05   7.196953e-05   6.040436e-05   6.908156e-05   7.305320e-05   7.844601e-05   4.963347e-05   6.276182e-07   1.175487e-04   8.758911e-05   9.444114e-05   1.754880e-04   2.004541e-04   2.041236e-04   9.030881e-07   1.738447e-04   9.833119e-07   2.366189e-04   1.348783e-04   2.202222e-04   3.031246e-04   1.115921e-06   2.171486e-04   2.005626e-04   1.503255e-04   4.109630e-04   1.349789e-06   1.371262e-06   1.619823e-06   1.524851e-06   1.612068e-06   1.939058e-06   1.546275e-06   2.016394e-06   2.058758e-06   1.944809e-06
Cr53  4.864008e-06   5.309505e-06   5.470111e-06   4.763419e-06   6.037986e-06   5.297150e-06   6.025595e-06   6.263063e-06   6.573746e-06   4.675119e-06   7.253374e-08   1.189813e-05   8.287371e-06   8.584782e-06   1.502867e-05   1.607476e-05   1.630074e-05   1.043697e-07   1.410918e-05   1.136412e-07   2.009520e-05   1.212737e-05   1.769985e-05   2.456040e-05   1.289668e-07   1.763893e-05   1.658558e-05   1.365995e-05   3.280797e-05   1.559949e-07   1.584765e-07   1.872027e-07   1.762267e-07   1.863064e-07   2.240966e-07   1.787028e-07   2.330343e-07   2.379304e-07   2.247613e-07
Cr54  7.259682e-07   7.553850e-07   7.646889e-07   7.778744e-07   8.265615e-07   8.279421e-07   8.587250e-07   8.906824e-07   9.051650e-07   8.969900e-07   1.839407e-08   1.379020e-06   1.158994e-06   1.188194e-06   1.441082e-06   1.473405e-06   1.491350e-06   2.646746e-08   1.472757e-06   2.881864e-08   1.945427e-06   1.558146e-06   1.628457e-06   2.196113e-06   3.270512e-08   1.744526e-06   1.862690e-06   1.817509e-06   2.855643e-06   3.955925e-08   4.018857e-08   4.747335e-08   4.468991e-08   4.724604e-08   5.682939e-08   4.531782e-08   5.909592e-08   6.033753e-08   5.699794e-08
Mn55  3.206530e-05   3.578864e-05   3.602958e-05   3.118680e-05   3.800288e-05   3.344327e-05   3.807537e-05   3.893381e-05   3.948044e-05   3.224698e-05   5.487361e-07   1.012389e-04   4.900830e-05   5.060944e-05   7.535300e-05   7.959668e-05   8.215894e-05   7.895836e-07   7.281134e-05   8.597245e-07   1.008905e-04   6.734654e-05   8.560293e-05   1.154933e-04   9.756669e-07   8.440761e-05   8.300384e-05   6.945779e-05   1.504495e-04   1.180141e-06   1.198915e-06   1.416236e-06   1.333200e-06   1.409455e-06   1.695348e-06   1.351932e-06   1.762963e-06   1.800004e-06   1.700376e-06
Fe54  1.419769e-04   1.507306e-04   1.533579e-04   1.480699e-04   1.669128e-04   1.614481e-04   1.712709e-04   1.783599e-04   1.802440e-04   1.542666e-04   3.021204e-06   5.667621e-04   2.411911e-04   2.474549e-04   4.125116e-04   4.216678e-04   4.241373e-04   4.347250e-06   3.759179e-04   4.733428e-06   5.547128e-04   3.098263e-04   4.044425e-04   6.365284e-04   5.371777e-06   3.753004e-04   3.823141e-04   3.161525e-04   8.921169e-04   6.497561e-06   6.600925e-06   7.797441e-06   7.340265e-06   7.760107e-06   9.334160e-06   7.443398e-06   9.706435e-06   9.910369e-06   9.361845e-06
Fe56  5.269342e-03   5.893300e-03   6.041534e-03   4.844372e-03   6.245466e-03   5.907845e-03   6.592508e-03   6.574526e-03   6.882187e-03   4.422157e-03   4.918083e-05   7.499583e-03   6.705514e-03   7.409214e-03   1.411145e-02   1.554072e-02   1.712671e-02   7.076694e-05   1.407355e-02   7.705336e-05   2.003753e-02   8.467750e-03   1.515626e-02   2.451788e-02   8.744477e-05   1.549295e-02   1.338418e-02   1.098488e-02   3.264662e-02   1.057709e-04   1.074535e-04   1.269311e-04   1.194889e-04   1.263233e-04   1.519466e-04   1.211678e-04   1.580067e-04   1.613265e-04   1.523973e-04
Fe57  1.679560e-04   2.091205e-04   1.995641e-04   1.689674e-04   1.891890e-04   1.954439e-04   2.015814e-04   1.933974e-04   2.026875e-04   1.490795e-04   1.156169e-06   2.190312e-04   1.982772e-04   2.101776e-04   4.082817e-04   4.447272e-04   5.045174e-04   1.663627e-06   4.056290e-04   1.811412e-06   6.075734e-04   2.278962e-04   4.192717e-04   7.143735e-04   2.055699e-06   4.441363e-04   3.982433e-04   3.063557e-04   9.582248e-04   2.486519e-06   2.526075e-06   2.983964e-06   2.809009e-06   2.969677e-06   3.572043e-06   2.848477e-06   3.714507e-06   3.792550e-06   3.582638e-06
Fe58  1.052098e-05   1.299651e-05   9.465016e-06   1.270559e-05   1.035434e-05   1.403514e-05   1.093580e-05   1.074314e-05   1.160354e-05   1.337165e-05   1.564987e-07   1.482862e-05   1.565120e-05   1.687745e-05   2.687678e-05   2.848481e-05   2.960652e-05   2.251881e-07   2.867596e-05   2.451922e-07   4.457665e-05   2.922389e-05   3.182324e-05   5.447488e-05   2.782588e-07   3.831107e-05   4.132189e-05   4.301901e-05   8.219559e-05   3.365745e-07   3.419287e-07   4.039085e-07   3.802267e-07   4.019745e-07   4.835107e-07   3.855690e-07   5.027946e-07   5.133584e-07   4.849448e-07
Co59  1.517970e-05   1.677983e-05   1.581855e-05   1.308977e-05   1.383503e-05   1.539320e-05   1.514565e-05   1.463798e-05   1.527992e-05   1.322653e-05   1.465212e-07   2.398871e-05   1.920316e-05   2.273687e-05   2.726492e-05   3.080644e-05   3.172242e-05   2.108312e-07   3.064231e-05   2.295599e-07   4.442690e-05   3.067598e-05   3.368757e-05   5.098881e-05   2.605184e-07   3.721789e-05   4.280661e-05   4.108905e-05   7.456849e-05   3.151162e-07   3.201291e-07   3.781573e-07   3.559853e-07   3.763466e-07   4.526845e-07   3.609870e-07   4.707389e-07   4.806292e-07   4.540271e-07
Ni58  3.344939e-04   4.883359e-04   3.520765e-04   3.797255e-04   2.190389e-04   4.048084e-04   2.776881e-04   2.315618e-04   2.864778e-04   3.062415e-04   2.108178e-06   2.137499e-04   1.758759e-04   1.646271e-04   2.687486e-04   2.574630e-04   2.848420e-04   3.033485e-06   2.818741e-04   3.302958e-06   3.642859e-04   1.771472e-04   2.861122e-04   3.833173e-04   3.748394e-06   2.840686e-04   2.589216e-04   2.118764e-04   5.231373e-04   4.533959e-06   4.606086e-06   5.441008e-06   5.121993e-06   5.414956e-06   6.513321e-06   5.193959e-06   6.773093e-06   6.915397e-06   6.532640e-06
Ni60  1.238453e-04   1.342374e-04   1.440916e-04   1.261113e-04   1.484305e-04   1.553157e-04   1.580651e-04   1.517685e-04   1.702649e-04   1.089706e-04   8.400360e-07   1.703949e-04   1.572357e-04   1.881274e-04   3.461043e-04   3.857016e-04   4.326200e-04   1.208739e-06   3.593616e-04   1.316115e-06   5.154474e-04   2.221106e-04   3.811395e-04   6.393139e-04   1.493606e-06   4.034471e-04   3.723271e-04   3.219400e-04   8.377135e-04   1.806626e-06   1.835366e-06   2.168054e-06   2.040937e-06   2.157673e-06   2.595333e-06   2.069613e-06   2.698843e-06   2.755546e-06   2.603031e-06
Ni61  7.708735e-06   9.985847e-06   8.684978e-06   8.832383e-06   7.653062e-06   1.000654e-05   8.577229e-06   7.659419e-06   8.646331e-06   7.534908e-06   3.712525e-08   8.133292e-06   7.642271e-06   8.238976e-06   1.572394e-05   1.737337e-05   1.971652e-05   5.342001e-08   1.658166e-05   5.816545e-08   2.530596e-05   1.011481e-05   1.849170e-05   2.997321e-05   6.600964e-08   2.118937e-05   2.125434e-05   1.816147e-05   4.192401e-05   7.984353e-08   8.111369e-08   9.581676e-08   9.019887e-08   9.535798e-08   1.147003e-07   9.146619e-08   1.192749e-07   1.217809e-07   1.150405e-07
Ni62  4.921551e-05   7.294663e-05   5.687084e-05   5.935941e-05   3.605233e-05   6.351656e-05   4.520302e-05   3.639884e-05   4.733513e-05   4.576845e-05   1.203090e-07   3.061848e-05   2.701828e-05   2.674013e-05   5.774706e-05   5.963413e-05   7.136859e-05   1.731142e-07   6.013888e-05   1.884924e-07   8.798055e-05   2.988524e-05   6.536057e-05   1.020929e-04   2.139125e-07   6.699566e-05   6.440664e-05   4.693333e-05   1.369983e-04   2.587429e-07   2.628590e-07   3.105061e-07   2.923006e-07   3.090194e-07   3.717006e-07   2.964076e-07   3.865252e-07   3.946462e-07   3.728031e-07
Ni64  1.302439e-06   1.321592e-06   1.375137e-06   1.392428e-06   1.476396e-06   1.508815e-06   1.540390e-06   1.585559e-06   1.654103e-06   1.615025e-06   3.162847e-08   2.552500e-06   2.717165e-06   2.784817e-06   3.455993e-06   3.614980e-06   3.763429e-06   4.551062e-08   3.753988e-06   4.955345e-08   5.035299e-06   3.710814e-06   4.524793e-06   6.202555e-06   5.623622e-08   5.612956e-06   5.413986e-06   5.802356e-06   9.695104e-06   6.802186e-08   6.910396e-08   8.163009e-08   7.684398e-08   8.123924e-08   9.771773e-08   7.792367e-08   1.016150e-07   1.037500e-07   9.800756e-08
Cu63  2.048661e-06   2.170583e-06   1.978575e-06   2.258078e-06   1.765270e-06   2.647392e-06   1.969415e-06   1.876272e-06   2.080151e-06   2.152632e-06   2.558504e-08   2.748734e-06   2.878609e-06   3.362287e-06   4.034972e-06   5.155698e-06   4.460178e-06   3.681466e-08   4.796894e-06   4.008500e-08   7.497716e-06   4.721629e-06   5.324103e-06   8.683103e-06   4.549086e-08   6.439855e-06   6.514628e-06   6.768165e-06   1.291154e-05   5.502455e-08   5.589989e-08   6.603258e-08   6.216099e-08   6.571641e-08   7.904627e-08   6.303437e-08   8.219889e-08   8.392590e-08   7.928073e-08
Cu65  5.963162e-07   6.580831e-07   6.135598e-07   6.882147e-07   6.218428e-07   7.563399e-07   6.605774e-07   6.436942e-07   7.009098e-07   7.138481e-07   1.176349e-08   8.328384e-07   8.924289e-07   9.124933e-07   1.179849e-06   1.234918e-06   1.303445e-06   1.692664e-08   1.253236e-06   1.843028e-08   1.675955e-06   1.303422e-06   1.727235e-06   2.049925e-06   2.091578e-08   2.222656e-06   2.322731e-06   2.452121e-06   3.312251e-06   2.529918e-08   2.570164e-08   3.036045e-08   2.858037e-08   3.021508e-08   3.634388e-08   2.898193e-08   3.779339e-08   3.858744e-08   3.645168e-08
Zn64  2.626448e-06   2.311760e-06   2.422953e-06   2.817760e-06   2.637363e-06   3.145994e-06   2.703378e-06   2.673219e-06   3.918774e-06   2.669514e-06   4.351242e-08   3.119316e-06   3.312885e-06   5.445648e-06   7.351404e-06   7.342102e-06   5.481373e-06   6.261060e-08   7.469233e-06   6.817247e-08   9.063571e-06   9.147778e-06   9.115137e-06   1.043561e-05   7.736620e-08   1.160342e-05   7.201792e-06   1.148121e-05   1.868901e-05   9.358013e-08   9.506881e-08   1.123015e-07   1.057170e-07   1.117638e-07   1.344338e-07   1.072024e-07   1.397955e-07   1.427326e-07   1.348325e-07
Zn66  1.878774e-06   2.364026e-06   2.146653e-06   2.237930e-06   1.730177e-06   2.413880e-06   1.997461e-06   1.816115e-06   2.112749e-06   2.075329e-06   2.530620e-08   2.011616e-06   1.995440e-06   2.065113e-06   2.752373e-06   2.938856e-06   3.174084e-06   3.641342e-08   2.925305e-06   3.964812e-08   3.979158e-06   3.030219e-06   3.833585e-06   4.584803e-06   4.499507e-08   4.351326e-06   4.796345e-06   4.557964e-06   6.469237e-06   5.442485e-08   5.529064e-08   6.531290e-08   6.148350e-08   6.500018e-08   7.818476e-08   6.234737e-08   8.130301e-08   8.301120e-08   7.841666e-08
Zn67  1.539249e-07   1.585144e-07   1.590359e-07   1.721851e-07   1.660648e-07   1.951948e-07   1.719296e-07   1.735539e-07   1.839726e-07   1.898563e-07   3.742872e-09   2.085241e-07   2.163528e-07   2.234347e-07   2.822300e-07   2.896037e-07   3.035055e-07   5.385668e-09   3.028419e-07   5.864091e-09   3.963300e-07   2.868425e-07   3.024680e-07   5.002379e-07   6.654922e-09   3.562237e-07   3.223941e-07   3.463658e-07   7.362102e-07   8.049619e-09   8.177673e-09   9.659999e-09   9.093618e-09   9.613746e-09   1.156379e-08   9.221386e-09   1.202499e-08   1.227764e-08   1.159809e-08
Zn68  6.582945e-07   6.653636e-07   6.807447e-07   7.057458e-07   7.181314e-07   7.778599e-07   7.469844e-07   7.660527e-07   7.924171e-07   8.073838e-07   1.734585e-08   9.344967e-07   9.746852e-07   1.017511e-06   1.139365e-06   1.137324e-06   1.160045e-06   2.495918e-08   1.216801e-06   2.717637e-08   1.470043e-06   1.259652e-06   1.371847e-06   1.762841e-06   3.084137e-08   1.647350e-06   1.555556e-06   1.641153e-06   2.353836e-06   3.730491e-08   3.789836e-08   4.476801e-08   4.214319e-08   4.455366e-08   5.359088e-08   4.273531e-08   5.572825e-08   5.689911e-08   5.374983e-08
Zn70  2.250257e-08   2.338921e-08   2.407248e-08   2.501462e-08   2.664153e-08   2.702013e-08   2.872502e-08   2.849507e-08   3.076825e-08   2.642964e-08   5.910196e-10   2.826548e-08   2.879576e-08   2.944924e-08   3.856880e-08   4.250710e-08   4.625899e-08   8.504260e-10   3.974878e-08   9.259716e-10   3.608300e-08   3.194590e-08   3.607647e-08   4.056517e-08   1.050848e-09   3.740734e-08   3.646294e-08   3.499495e-08   8.197231e-08   1.271078e-09   1.291299e-09   1.525366e-09   1.435931e-09   1.518062e-09   1.825985e-09   1.456107e-09   1.898811e-09   1.938705e-09   1.831401e-09
Ga69  6.332810e-08   6.491134e-08   6.697380e-08   6.901176e-08   7.160165e-08   7.423990e-08   7.500914e-08   7.646574e-08   7.965355e-08   7.778973e-08   1.645670e-09   9.545889e-08   1.041935e-07   1.058153e-07   1.256118e-07   1.313864e-07   1.382063e-07   2.367976e-09   1.336824e-07   2.578330e-09   1.728996e-07   1.533705e-07   1.672048e-07   2.152056e-07   2.926043e-09   2.130985e-07   2.424050e-07   2.617467e-07   3.376034e-07   3.539264e-09   3.595567e-09   4.247318e-09   3.998291e-09   4.226982e-09   5.084379e-09   4.054468e-09   5.287160e-09   5.398244e-09   5.099459e-09
Ga71  4.278920e-08   4.339668e-08   4.453664e-08   4.568282e-08   4.792782e-08   4.865769e-08   4.984292e-08   5.099710e-08   5.289978e-08   5.287179e-08   1.123868e-09   6.119006e-08   6.377404e-08   6.509416e-08   7.623787e-08   7.879852e-08   8.145028e-08   1.617148e-09   8.197780e-08   1.760804e-09   1.038877e-07   8.632353e-08   9.093246e-08   1.274996e-07   1.998265e-09   1.084890e-07   1.116181e-07   1.206778e-07   1.820054e-07   2.417049e-09   2.455500e-09   2.900596e-09   2.730529e-09   2.886708e-09   3.472245e-09   2.768894e-09   3.610729e-09   3.686591e-09   3.482544e-09
Ge70  7.332819e-08   7.451027e-08   7.743948e-08   7.918825e-08   8.039226e-08   8.276164e-08   8.369852e-08   8.574383e-08   8.829161e-08   9.101428e-08   1.896248e-09   1.278726e-07   1.368179e-07   1.402977e-07   1.320611e-07   1.385221e-07   1.434701e-07   2.728537e-09   1.397666e-07   2.970920e-09   1.956020e-07   2.655663e-07   2.307260e-07   2.387573e-07   3.371578e-09   2.842705e-07   3.598510e-07   3.811226e-07   3.397971e-07   4.078172e-09   4.143048e-09   4.894038e-09   4.607092e-09   4.870605e-09   5.858554e-09   4.671824e-09   6.092211e-09   6.220209e-09   5.875930e-09
Ge72  9.741768e-08   9.878987e-08   1.013592e-07   1.040838e-07   1.079377e-07   1.108771e-07   1.117097e-07   1.147353e-07   1.177190e-07   1.198977e-07   2.607980e-09   1.411020e-07   1.483712e-07   1.509340e-07   1.612627e-07   1.664625e-07   1.717808e-07   3.752657e-09   1.718819e-07   4.086016e-09   2.043187e-07   1.950935e-07   2.219092e-07   2.394903e-07   4.637056e-09   2.612500e-07   2.689133e-07   2.767519e-07   3.088913e-07   5.608861e-09   5.698087e-09   6.730951e-09   6.336305e-09   6.698723e-09   8.057486e-09   6.425332e-09   8.378844e-09   8.554885e-09   8.081385e-09
Ge73  2.840209e-08   2.864320e-08   2.945013e-08   3.003556e-08   3.125700e-08   3.180851e-08   3.219867e-08   3.313862e-08   3.389388e-08   3.439114e-08   7.476392e-10   3.963799e-08   4.121871e-08   4.198866e-08   4.926807e-08   5.136303e-08   5.385152e-08   1.075788e-09   5.300127e-08   1.171353e-09   6.373030e-08   5.001965e-08   5.433285e-08   7.720512e-08   1.329322e-09   6.148326e-08   5.982951e-08   6.148901e-08   1.072910e-07   1.607912e-09   1.633491e-09   1.929586e-09   1.816451e-09   1.920347e-09   2.309869e-09   1.841973e-09   2.401993e-09   2.452460e-09   2.316720e-09
Ge74  1.308419e-07   1.338357e-07   1.373699e-07   1.404174e-07   1.453868e-07   1.475205e-07   1.506411e-07   1.547199e-07   1.578519e-07   1.616999e-07   3.566961e-09   1.818504e-07   1.882574e-07   1.909476e-07   2.042081e-07   2.087240e-07   2.142596e-07   5.132547e-09   2.205169e-07   5.588486e-09   2.446981e-07   2.204945e-07   2.409134e-07   2.745442e-07   6.342148e-09   2.666914e-07   2.658072e-07   2.656036e-07   3.379468e-07   7.671296e-09   7.793332e-09   9.205990e-09   8.666228e-09   9.161911e-09   1.102030e-08   8.787991e-09   1.145983e-08   1.170060e-08   1.105299e-08
