# Cinquegrana, Heger & Karakas 2025
M      11.0   11.3   11.5   11.8   12.0   12.3   12.5   12.8   13.0   13.3   13.5   13.8   14.0   14.3   14.5   14.8   15.0   15.3   15.5   15.8   16.0   16.3   16.5   16.8   17.0   17.3   17.5   17.8   18.0   18.3
E      1.0   1.0   1.0   1.0   1.0   1.0   1.0   1.0   1.0   1.0   1.0   1.0   1.0   1.0   1.0   1.0   1.0   1.0   1.0   1.0   1.0   1.0   1.0   1.0   1.0   1.0   1.0   1.0   1.0   1.0
Mrem   1.289   1.535   1.322   1.509   1.409   1.411   1.554   10.741   1.529   1.601   9.263   1.428   1.443   1.466   1.482   1.502   1.518   1.555   1.579   1.604   1.596   9.463   9.525   1.814   9.423   1.868   8.874   8.586   8.766   1.638
H1    5.172027e+00   5.259348e+00   5.461442e+00   5.508015e+00   5.656672e+00   5.761132e+00   5.837695e+00   1.104971e+00   6.082015e+00   6.116106e+00   2.350945e+00   6.167349e+00   6.247977e+00   6.339743e+00   6.414348e+00   6.518674e+00   6.595206e+00   6.693781e+00   6.777675e+00   6.863748e+00   6.904006e+00   3.651244e+00   3.748196e+00   7.296844e+00   4.048770e+00   7.411059e+00   4.574507e+00   4.841892e+00   4.880730e+00   7.448540e+00
H2    5.252216e-08   5.530364e-08   5.725089e-08   5.911465e-08   6.140551e-08   6.379800e-08   6.649293e-08   5.882078e-08   7.426192e-08   7.783929e-08   6.489572e-08   8.083355e-08   8.317990e-08   8.599854e-08   8.878730e-08   9.141941e-08   9.403653e-08   9.810159e-08   1.016385e-07   1.038680e-07   1.056021e-07   9.045675e-08   9.290303e-08   1.174113e-07   9.792946e-08   1.231966e-07   1.026442e-07   1.059448e-07   1.086034e-07   1.302347e-07
He3   4.004404e-04   4.059923e-04   4.200020e-04   4.220864e-04   4.320289e-04   4.399653e-04   4.480735e-04   9.489911e-05   4.755599e-04   4.867869e-04   2.019998e-04   4.967197e-04   5.010467e-04   5.075795e-04   5.129390e-04   5.188947e-04   5.237681e-04   5.314375e-04   5.370165e-04   5.432989e-04   5.441718e-04   3.113184e-04   3.194888e-04   5.736673e-04   3.436063e-04   5.851482e-04   3.864477e-04   4.079529e-04   4.103288e-04   5.878725e-04
He4   3.842050e+00   3.765601e+00   3.968743e+00   3.992567e+00   4.158895e+00   4.279317e+00   4.308116e+00   7.643827e-01   4.551222e+00   4.584634e+00   1.590691e+00   5.088589e+00   5.211302e+00   5.316411e+00   5.440845e+00   5.550919e+00   5.670169e+00   5.766997e+00   5.873638e+00   5.984762e+00   6.123271e+00   2.664058e+00   2.741652e+00   6.326395e+00   3.001759e+00   6.562549e+00   3.451765e+00   3.685459e+00   3.711589e+00   7.086367e+00
Li6   2.520950e-10   2.625446e-10   2.659465e-10   2.707978e-10   2.762802e-10   2.804179e-10   2.872988e-10   2.520491e-10   3.045253e-10   3.122040e-10   2.680993e-10   3.155830e-10   3.195233e-10   3.260182e-10   3.306194e-10   3.359254e-10   3.419368e-10   3.486587e-10   3.541601e-10   3.607425e-10   3.649162e-10   3.221684e-10   3.268964e-10   3.880627e-10   3.373806e-10   4.029678e-10   3.507809e-10   3.567481e-10   3.630461e-10   4.125282e-10
Li7   1.869648e-08   1.368653e-08   1.811719e-08   2.053633e-08   2.294576e-08   2.196428e-08   2.394449e-08   5.438666e-09   5.769599e-08   6.947742e-08   5.746835e-09   1.524002e-07   1.615390e-07   1.494325e-07   1.590859e-07   1.487125e-07   1.530045e-07   1.664005e-07   1.570595e-07   1.525227e-07   1.680247e-07   6.876201e-09   6.977532e-09   1.737838e-07   7.173146e-09   2.009075e-07   7.415743e-09   7.534226e-09   7.599558e-09   2.327360e-07
Be9   2.026886e-10   2.087926e-10   2.145575e-10   2.177605e-10   2.230856e-10   2.275839e-10   2.341107e-10   1.800913e-10   2.487221e-10   2.547836e-10   2.075099e-10   2.567883e-10   2.597627e-10   2.630933e-10   2.675031e-10   2.713556e-10   2.742731e-10   2.782284e-10   2.821334e-10   2.894206e-10   2.890530e-10   2.540238e-10   2.571458e-10   3.072856e-10   2.646808e-10   3.150063e-10   2.715252e-10   2.749326e-10   2.782770e-10   3.249466e-10
B10   4.603030e-09   4.667480e-09   4.859935e-09   4.909706e-09   5.042283e-09   5.137294e-09   5.251939e-09   1.799216e-09   6.029903e-09   6.295056e-09   2.944596e-09   6.925532e-09   7.098122e-09   6.688706e-09   7.146705e-09   7.097700e-09   7.168180e-09   7.146137e-09   6.881496e-09   7.399292e-09   7.480499e-09   4.529678e-09   4.661182e-09   7.916916e-09   4.978204e-09   8.132480e-09   5.380515e-09   5.564578e-09   5.652940e-09   8.312650e-09
B11   3.624575e-08   3.149306e-08   4.923035e-08   4.538068e-08   4.694497e-08   4.811323e-08   4.961867e-08   6.904299e-09   7.438518e-08   7.438018e-08   1.039065e-08   2.689045e-07   2.723617e-07   1.303542e-07   3.008958e-07   2.770559e-07   2.838874e-07   1.984409e-07   1.391581e-07   4.536245e-07   3.640850e-07   1.580563e-08   1.626634e-08   2.263755e-07   1.727630e-08   2.385809e-07   1.834298e-08   1.880691e-08   1.914416e-08   8.948675e-07
C12   7.583856e-02   7.674931e-02   8.508636e-02   8.384542e-02   8.807864e-02   9.141213e-02   9.138918e-02   1.656690e-02   9.416299e-02   9.665612e-02   3.626581e-02   1.285313e-01   1.304314e-01   1.302832e-01   1.400633e-01   1.413543e-01   1.450511e-01   1.467424e-01   1.437407e-01   1.622263e-01   1.633374e-01   5.657230e-02   5.801384e-02   1.502764e-01   6.227652e-02   1.596636e-01   7.003576e-02   7.396640e-02   7.425277e-02   2.500868e-01
C13   3.906900e-03   3.966516e-03   4.131186e-03   4.175899e-03   4.301663e-03   4.407673e-03   4.509955e-03   7.897145e-04   4.812185e-03   4.878952e-03   1.880437e-03   5.025334e-03   5.085711e-03   5.135971e-03   5.185720e-03   5.215376e-03   5.213029e-03   5.279170e-03   5.287111e-03   5.252751e-03   5.176226e-03   2.692623e-03   2.753002e-03   5.226536e-03   2.858090e-03   5.133306e-03   3.131132e-03   3.302578e-03   3.341073e-03   5.090146e-03
N14   1.083803e-01   1.042327e-01   1.099858e-01   1.115034e-01   1.172060e-01   1.208099e-01   1.209129e-01   1.936058e-02   1.275198e-01   1.263399e-01   3.750437e-02   1.384559e-01   1.438040e-01   1.456714e-01   1.498422e-01   1.532592e-01   1.575611e-01   1.610305e-01   1.644708e-01   1.679354e-01   1.731474e-01   6.929994e-02   7.181739e-02   1.831078e-01   8.043035e-02   1.901231e-01   9.427264e-02   1.015899e-01   1.031069e-01   2.028170e-01
N15   3.566002e-05   4.003489e-05   4.689855e-05   4.724729e-05   5.290315e-05   5.866342e-05   5.987980e-05   8.636032e-06   4.774612e-05   5.215151e-05   1.794642e-05   6.962717e-05   6.657755e-05   6.277642e-05   7.974928e-05   8.431642e-05   8.875380e-05   6.932247e-05   7.148148e-05   1.280767e-04   1.058968e-04   2.817206e-05   2.894847e-05   7.700936e-05   3.123815e-05   8.076791e-05   3.517784e-05   3.714052e-05   3.741409e-05   2.261935e-04
O16   2.627403e-01   2.651242e-01   2.815083e-01   2.830950e-01   2.942703e-01   3.020056e-01   3.028255e-01   5.432633e-02   3.164820e-01   3.219874e-01   1.163051e-01   4.179486e-01   4.327225e-01   4.391494e-01   4.612497e-01   4.670855e-01   4.848023e-01   4.934403e-01   5.127453e-01   5.134355e-01   5.576412e-01   1.782565e-01   1.826735e-01   5.303292e-01   1.968709e-01   5.778384e-01   2.223195e-01   2.351818e-01   2.364756e-01   9.329472e-01
O17   3.430900e-04   3.385051e-04   3.495670e-04   3.412812e-04   3.409086e-04   3.320461e-04   3.215415e-04   5.120044e-05   2.979532e-04   2.859721e-04   9.263998e-05   2.687258e-04   2.705216e-04   2.672084e-04   2.718638e-04   2.767903e-04   2.722119e-04   2.687080e-04   2.682458e-04   2.752576e-04   2.766377e-04   1.275891e-04   1.311360e-04   2.864573e-04   1.392178e-04   2.819343e-04   1.559583e-04   1.646707e-04   1.678524e-04   3.096085e-04
O18   9.499825e-04   1.004570e-03   1.886726e-03   1.598181e-03   2.024316e-03   2.414000e-03   2.010507e-03   9.444520e-05   7.978781e-04   7.584057e-04   2.078782e-04   4.709474e-03   4.407095e-03   6.157445e-03   6.510143e-03   7.692872e-03   8.296886e-03   8.209156e-03   8.814244e-03   9.710434e-03   1.071966e-02   3.124699e-04   3.205204e-04   8.464084e-03   3.418331e-04   1.010509e-02   3.822844e-04   4.035178e-04   4.059632e-04   1.683190e-02
F19   2.171772e-05   2.336450e-05   2.692344e-05   2.742668e-05   2.915126e-05   3.527948e-05   3.838705e-05   4.668780e-06   2.556864e-05   2.648726e-05   1.009737e-05   2.850396e-05   2.884679e-05   2.805616e-05   3.038769e-05   3.126054e-05   3.185801e-05   3.028929e-05   3.089528e-05   3.317060e-05   3.432746e-05   1.512664e-05   1.548425e-05   3.528304e-05   1.661105e-05   3.746793e-05   1.865105e-05   1.971408e-05   1.982687e-05   4.405972e-05
Ne20  8.755344e-02   8.777533e-02   9.224186e-02   9.352671e-02   9.683032e-02   9.948217e-02   1.005306e-01   1.813758e-02   1.055725e-01   1.069769e-01   3.824581e-02   1.250614e-01   1.291208e-01   1.168342e-01   1.353220e-01   1.377000e-01   1.421807e-01   1.285537e-01   1.315462e-01   1.435578e-01   1.585979e-01   6.125487e-02   6.294671e-02   1.594301e-01   6.838088e-02   1.703486e-01   7.783873e-02   8.269504e-02   8.332476e-02   1.997187e-01
Ne21  2.696631e-04   2.719061e-04   2.982502e-04   3.023390e-04   3.257199e-04   3.475935e-04   3.510261e-04   5.238794e-05   3.541216e-04   3.831413e-04   1.083094e-04   5.157203e-04   5.234636e-04   4.149156e-04   5.846938e-04   5.984772e-04   6.359045e-04   5.024737e-04   4.925315e-04   7.859391e-04   8.241850e-04   1.904154e-04   1.964888e-04   6.292566e-04   2.170101e-04   6.937788e-04   2.520561e-04   2.704690e-04   2.727479e-04   1.398856e-03
Ne22  7.071835e-03   6.960541e-03   8.576734e-03   8.114171e-03   8.872293e-03   9.405668e-03   9.041360e-03   1.225464e-03   8.192797e-03   8.808399e-03   2.657315e-03   2.010405e-02   2.043537e-02   2.060058e-02   2.343687e-02   2.410419e-02   2.507427e-02   2.414106e-02   2.353390e-02   2.683185e-02   2.851447e-02   4.022264e-03   4.113391e-03   2.656108e-02   4.426919e-03   2.999134e-02   4.988543e-03   5.273970e-03   5.291646e-03   5.296008e-02
Na23  2.729905e-03   2.647293e-03   2.884864e-03   2.931025e-03   3.100699e-03   3.212345e-03   3.213919e-03   5.052789e-04   3.294458e-03   3.322434e-03   9.888488e-04   4.678529e-03   4.936489e-03   4.060626e-03   5.254382e-03   5.375428e-03   5.663539e-03   4.777007e-03   4.750318e-03   5.806033e-03   7.055560e-03   1.828944e-03   1.900383e-03   7.032708e-03   2.108245e-03   7.873661e-03   2.453359e-03   2.633755e-03   2.677268e-03   8.442008e-03
Mg24  2.097440e-02   2.098219e-02   2.201084e-02   2.235401e-02   2.316878e-02   2.378403e-02   2.397120e-02   4.336821e-03   2.549637e-02   2.560290e-02   9.144377e-03   2.883868e-02   2.964709e-02   2.879372e-02   3.101483e-02   3.168782e-02   3.254327e-02   3.051938e-02   3.338619e-02   3.242573e-02   3.487413e-02   1.464946e-02   1.505426e-02   3.635838e-02   1.635470e-02   3.785998e-02   1.861791e-02   1.978011e-02   1.993077e-02   4.685712e-02
Mg25  2.667499e-03   2.781182e-03   3.136551e-03   3.218600e-03   3.407055e-03   3.621356e-03   3.618528e-03   5.493571e-04   3.795422e-03   3.875403e-03   1.165689e-03   7.146263e-03   7.698479e-03   4.794024e-03   8.356815e-03   8.430997e-03   9.077434e-03   6.216240e-03   6.429356e-03   9.207642e-03   1.172839e-02   1.814571e-03   1.861767e-03   9.459022e-03   2.011607e-03   1.107904e-02   2.275690e-03   2.410040e-03   2.426434e-03   2.006304e-02
Mg26  3.376923e-03   3.460142e-03   3.886272e-03   3.943612e-03   4.207542e-03   4.478032e-03   4.453769e-03   6.780331e-04   4.738500e-03   4.811327e-03   1.422034e-03   7.843937e-03   8.492040e-03   6.262504e-03   9.106930e-03   9.210942e-03   9.888671e-03   7.893145e-03   8.341814e-03   1.077743e-02   1.282169e-02   2.332266e-03   2.399713e-03   1.040608e-02   2.618188e-03   1.196286e-02   2.994995e-03   3.189749e-03   3.216054e-03   2.128463e-02
Al27  2.391598e-03   2.393148e-03   2.521646e-03   2.576489e-03   2.675140e-03   2.748291e-03   2.764427e-03   4.930045e-04   2.900982e-03   2.948885e-03   1.039510e-03   3.619799e-03   3.769329e-03   3.564176e-03   3.981009e-03   4.091755e-03   4.239094e-03   3.705646e-03   4.336893e-03   3.978281e-03   4.678446e-03   1.666191e-03   1.712295e-03   4.825122e-03   1.860460e-03   5.163064e-03   2.118290e-03   2.250745e-03   2.267921e-03   6.733987e-03
Si28  3.224928e-02   2.823630e-02   3.618812e-02   3.063956e-02   3.288425e-02   3.382474e-02   3.277667e-02   5.760496e-03   3.613173e-02   3.548249e-02   1.214626e-02   4.877980e-02   4.930816e-02   6.742132e-02   5.201396e-02   5.113246e-02   5.158224e-02   6.699801e-02   7.126560e-02   5.872582e-02   5.661903e-02   1.945851e-02   1.999618e-02   4.749713e-02   2.172352e-02   4.891563e-02   2.472967e-02   2.627338e-02   2.647350e-02   1.038098e-01
Si29  1.485401e-03   1.499211e-03   1.617437e-03   1.646830e-03   1.737387e-03   1.791239e-03   1.771144e-03   3.029521e-04   1.951232e-03   1.934086e-03   6.387879e-04   2.348930e-03   2.405450e-03   3.937628e-03   2.641103e-03   2.764844e-03   2.882887e-03   3.541602e-03   5.935826e-03   2.951732e-03   3.199506e-03   1.023348e-03   1.051626e-03   3.045246e-03   1.142469e-03   3.080764e-03   1.300566e-03   1.381751e-03   1.392276e-03   6.358356e-03
Si30  1.016376e-03   1.072499e-03   1.152974e-03   1.248139e-03   1.404157e-03   1.461211e-03   1.367310e-03   2.065775e-04   1.580103e-03   1.529388e-03   4.355788e-04   1.650748e-03   1.716058e-03   3.128961e-03   1.966497e-03   2.155430e-03   2.336405e-03   2.935190e-03   4.565797e-03   2.385572e-03   2.914298e-03   6.977968e-04   7.170780e-04   2.528306e-03   7.790200e-04   2.613348e-03   8.868205e-04   9.421775e-04   9.493539e-04   4.902291e-03
P31   3.093224e-04   2.939312e-04   3.360587e-04   3.303645e-04   3.530634e-04   3.695691e-04   3.589377e-04   5.711506e-05   4.065752e-04   3.942672e-04   1.204285e-04   5.770468e-04   5.892278e-04   1.486911e-03   6.567107e-04   6.759628e-04   7.112577e-04   1.386329e-03   1.913700e-03   8.264128e-04   8.872004e-04   1.929360e-04   1.982676e-04   7.039440e-04   2.153962e-04   7.504660e-04   2.452054e-04   2.605131e-04   2.624974e-04   2.036049e-03
S32   1.672756e-02   1.450226e-02   1.841428e-02   1.555090e-02   1.653331e-02   1.690216e-02   1.661469e-02   2.966306e-03   1.804651e-02   1.783535e-02   6.254586e-03   2.478610e-02   2.491322e-02   3.562329e-02   2.531227e-02   2.478440e-02   2.526388e-02   3.206939e-02   3.133012e-02   2.693655e-02   2.645773e-02   1.001995e-02   1.029682e-02   2.333902e-02   1.118629e-02   2.406707e-02   1.273428e-02   1.352919e-02   1.363224e-02   4.346820e-02
S33   1.359441e-04   1.186855e-04   1.372235e-04   1.271164e-04   1.332802e-04   1.367347e-04   1.359328e-04   2.409770e-05   1.467185e-04   1.451419e-04   5.081106e-05   2.063301e-04   1.922594e-04   3.805885e-04   2.016272e-04   2.007259e-04   2.047592e-04   3.277430e-04   3.180824e-04   2.289397e-04   2.232787e-04   8.140016e-05   8.364942e-05   1.943466e-04   9.087534e-05   2.010724e-04   1.034509e-04   1.099086e-04   1.107458e-04   4.201895e-04
S34   1.153006e-03   7.257668e-04   1.072624e-03   7.956121e-04   8.604554e-04   8.721672e-04   8.535463e-04   1.391355e-04   9.916598e-04   9.314712e-04   2.933734e-04   1.543501e-03   1.562771e-03   4.915662e-03   1.727541e-03   1.623849e-03   1.606334e-03   6.202700e-03   5.295024e-03   2.661469e-03   2.013678e-03   4.699888e-04   4.829756e-04   1.297938e-03   5.246966e-04   1.351303e-03   5.973053e-04   6.345911e-04   6.394246e-04   6.898718e-03
S36   2.543884e-06   2.841490e-06   3.359329e-06   3.220657e-06   3.499626e-06   3.734138e-06   3.606843e-06   5.119152e-07   4.304655e-06   4.063636e-06   1.079396e-06   6.816511e-06   7.375437e-06   3.802430e-05   8.421272e-06   8.770262e-06   9.482358e-06   2.162300e-05   1.520327e-04   1.156967e-05   1.290293e-05   1.729209e-06   1.776991e-06   9.248423e-06   1.930493e-06   1.044039e-05   2.197639e-06   2.334823e-06   2.352607e-06   4.534195e-05
Cl35  1.781788e-04   1.521388e-04   1.727824e-04   1.617886e-04   1.678358e-04   1.721221e-04   1.723532e-04   3.128981e-05   1.833262e-04   1.830629e-04   6.597594e-05   2.448000e-04   2.387321e-04   9.337139e-04   2.437390e-04   2.396074e-04   2.424914e-04   7.401933e-04   1.443278e-03   2.627799e-04   2.507892e-04   1.056945e-04   1.086151e-04   2.375638e-04   1.179976e-04   2.445162e-04   1.343264e-04   1.427115e-04   1.437985e-04   7.534432e-04
Cl37  5.635645e-05   5.296581e-05   6.043298e-05   5.757338e-05   6.043543e-05   6.252355e-05   6.226362e-05   1.058046e-05   6.573836e-05   6.640268e-05   2.230936e-05   1.015824e-04   1.041448e-04   1.627197e-04   1.097615e-04   1.092135e-04   1.140415e-04   1.272637e-04   2.315627e-04   1.198824e-04   1.290639e-04   3.573995e-05   3.672751e-05   1.199090e-04   3.990016e-05   1.329064e-04   4.542163e-05   4.825700e-05   4.862456e-05   2.585847e-04
Ar36  3.572437e-03   3.229966e-03   3.820164e-03   3.435311e-03   3.623545e-03   3.692408e-03   3.669667e-03   6.638177e-04   3.929669e-03   3.916877e-03   1.399689e-03   5.100320e-03   5.118673e-03   6.121369e-03   5.107186e-03   5.053794e-03   5.190924e-03   5.437267e-03   5.318724e-03   5.338087e-03   5.332685e-03   2.242324e-03   2.304284e-03   5.071231e-03   2.503336e-03   5.217612e-03   2.849753e-03   3.027644e-03   3.050705e-03   7.246712e-03
Ar38  1.291392e-03   6.305564e-04   1.205266e-03   6.824425e-04   7.191415e-04   7.348644e-04   7.251469e-04   1.273777e-04   8.069053e-04   7.869266e-04   2.685814e-04   1.744253e-03   1.834885e-03   5.079189e-03   1.821662e-03   1.615092e-03   1.621070e-03   4.141273e-03   3.307240e-03   1.819352e-03   1.473331e-03   4.302718e-04   4.421611e-04   1.070673e-03   4.803564e-04   1.109225e-03   5.468292e-04   5.809640e-04   5.853891e-04   5.347164e-03
Ar40  1.061267e-06   1.200106e-06   1.522647e-06   1.498962e-06   1.668569e-06   1.859799e-06   1.799744e-06   2.093619e-07   2.289752e-06   2.079364e-06   4.414465e-07   4.377250e-06   4.829276e-06   1.260218e-05   5.366791e-06   5.448960e-06   6.038452e-06   6.804400e-06   3.024258e-05   7.622813e-06   9.245242e-06   7.071836e-07   7.267228e-07   5.939729e-06   7.894968e-07   6.955330e-06   8.987469e-07   9.548483e-07   9.621192e-07   2.130137e-05
K39   1.761164e-04   1.422068e-04   1.689965e-04   1.512851e-04   1.570204e-04   1.609186e-04   1.616188e-04   2.925259e-05   1.714807e-04   1.715213e-04   6.168037e-05   2.561702e-04   2.483959e-04   9.572666e-04   2.417373e-04   2.340495e-04   2.402156e-04   5.089847e-04   8.209619e-04   2.370058e-04   2.370366e-04   9.881295e-05   1.015433e-04   2.283681e-04   1.103150e-04   2.368049e-04   1.255806e-04   1.334198e-04   1.344360e-04   6.297476e-04
K40   3.572495e-07   2.601066e-07   3.116218e-07   3.020196e-07   3.268948e-07   3.438944e-07   3.350032e-07   4.694468e-08   3.390346e-07   3.492529e-07   9.900678e-08   9.277258e-07   7.330548e-07   3.738450e-05   8.182620e-07   8.303968e-07   8.669430e-07   1.144836e-05   4.125875e-05   9.041453e-07   9.647791e-07   1.588045e-07   1.632082e-07   9.362273e-07   1.773328e-07   1.069258e-06   2.018936e-07   2.145076e-07   2.161605e-07   1.512343e-05
K41   1.250031e-05   1.094255e-05   1.238179e-05   1.172258e-05   1.223232e-05   1.256947e-05   1.258774e-05   2.219351e-06   1.336212e-05   1.332096e-05   4.679599e-06   2.169640e-05   1.857428e-05   4.612860e-05   1.878249e-05   1.879039e-05   1.947183e-05   2.246979e-05   3.625342e-05   1.974372e-05   2.033904e-05   7.496793e-06   7.703945e-06   1.975640e-05   8.369437e-06   2.082162e-05   9.527619e-06   1.012236e-05   1.019946e-05   3.593032e-05
Ca40  2.598614e-03   2.412778e-03   2.838271e-03   2.562388e-03   2.711235e-03   2.757090e-03   2.741322e-03   4.950022e-04   2.936170e-03   2.929654e-03   1.043734e-03   3.853275e-03   3.827952e-03   4.100142e-03   3.737970e-03   3.711124e-03   3.835005e-03   3.611699e-03   3.559395e-03   3.924700e-03   3.953607e-03   1.672078e-03   1.718281e-03   3.804817e-03   1.866712e-03   3.917055e-03   2.125032e-03   2.257683e-03   2.274879e-03   5.071927e-03
Ca42  3.878808e-05   1.713013e-05   3.240487e-05   1.857232e-05   1.952715e-05   1.998456e-05   1.977130e-05   3.469008e-06   2.190825e-05   2.141378e-05   7.314557e-06   5.787913e-05   5.740284e-05   1.446033e-04   5.237140e-05   4.683784e-05   4.970858e-05   9.521672e-05   6.570966e-05   4.513604e-05   3.890226e-05   1.171804e-05   1.204183e-05   3.016837e-05   1.308204e-05   3.151303e-05   1.489237e-05   1.582200e-05   1.594251e-05   1.222515e-04
Ca43  3.871818e-06   3.637946e-06   3.835972e-06   3.877848e-06   4.031208e-06   4.144203e-06   4.175100e-06   7.410806e-07   4.423770e-06   4.444780e-06   1.562601e-06   5.798943e-06   5.503118e-06   3.108572e-05   5.800385e-06   5.867415e-06   6.047447e-06   1.698713e-05   2.056792e-05   6.510902e-06   6.723834e-06   2.503312e-06   2.572484e-06   6.456322e-06   2.794703e-06   6.819256e-06   3.181441e-06   3.380036e-06   3.405782e-06   1.877726e-05
Ca44  5.707092e-05   5.717419e-05   5.945973e-05   6.051700e-05   6.277943e-05   6.426958e-05   6.486162e-05   1.171675e-05   6.799717e-05   6.834678e-05   2.470529e-05   7.584950e-05   7.674354e-05   1.060059e-04   7.980158e-05   8.098830e-05   8.298438e-05   9.628415e-05   1.038106e-04   8.741308e-05   8.971339e-05   3.957827e-05   4.067189e-05   9.069204e-05   4.418527e-05   9.379842e-05   5.029973e-05   5.343959e-05   5.384663e-05   1.173691e-04
Ca46  1.139196e-07   1.420223e-07   1.987626e-07   1.960401e-07   2.283063e-07   2.640246e-07   2.573463e-07   2.348877e-08   3.699888e-07   3.392186e-07   4.952711e-08   8.164047e-07   9.329437e-07   1.594337e-06   1.108780e-06   1.213754e-06   1.385675e-06   1.484158e-06   3.370639e-06   1.903227e-06   2.409844e-06   7.934322e-08   8.153563e-08   1.133181e-06   8.857895e-08   1.389137e-06   1.008367e-07   1.071313e-07   1.079473e-07   3.106168e-06
Ca48  5.530389e-06   5.542526e-06   5.800044e-06   5.836596e-06   6.033167e-06   6.174244e-06   6.236422e-06   1.145864e-06   6.553316e-06   6.582303e-06   2.416105e-06   7.009886e-06   7.144016e-06   7.207392e-06   7.409750e-06   7.546273e-06   7.679208e-06   7.732372e-06   7.860997e-06   8.124760e-06   8.225118e-06   3.870638e-06   3.977592e-06   8.498994e-06   4.321189e-06   8.745148e-06   4.919166e-06   5.226236e-06   5.266043e-06   9.403554e-06
Sc45  1.674661e-06   1.682782e-06   1.838189e-06   1.827050e-06   1.914940e-06   1.992499e-06   1.997172e-06   3.386995e-07   2.180582e-06   2.166854e-06   7.141628e-07   3.380053e-06   3.245694e-06   1.362933e-05   3.489425e-06   3.575671e-06   3.793515e-06   8.473847e-06   1.124409e-05   4.192659e-06   4.781652e-06   1.144100e-06   1.175714e-06   3.773122e-06   1.277276e-06   4.182339e-06   1.454029e-06   1.544794e-06   1.556560e-06   9.314099e-06
Ti46  1.278376e-05   1.014101e-05   1.822613e-05   1.092428e-05   1.143385e-05   1.171261e-05   1.160604e-05   2.081017e-06   1.266484e-05   1.247288e-05   4.387915e-06   2.742390e-05   2.654294e-05   3.248370e-05   2.180486e-05   2.062254e-05   2.232201e-05   2.562754e-05   1.964090e-05   1.914442e-05   1.882899e-05   7.029511e-06   7.223750e-06   1.659400e-05   7.847762e-06   1.709663e-05   8.933753e-06   9.491426e-06   9.563721e-06   3.388847e-05
Ti47  9.476547e-06   9.363731e-06   9.855954e-06   9.892346e-06   1.027184e-05   1.051349e-05   1.059107e-05   1.916962e-06   1.123619e-05   1.119930e-05   4.041999e-06   1.344997e-05   1.278673e-05   2.301623e-05   1.321861e-05   1.345668e-05   1.381500e-05   1.910399e-05   1.807907e-05   1.480695e-05   1.504733e-05   6.475348e-06   6.654275e-06   1.475608e-05   7.229093e-06   1.520666e-05   8.229472e-06   8.743182e-06   8.809777e-06   2.099945e-05
Ti48  9.533583e-05   9.535155e-05   9.799795e-05   1.010339e-04   1.058586e-04   1.080649e-04   1.085368e-04   1.940525e-05   1.147935e-04   1.147353e-04   4.091682e-05   1.281004e-04   1.290775e-04   1.328763e-04   1.348098e-04   1.367465e-04   1.404682e-04   1.404798e-04   1.396913e-04   1.489715e-04   1.520284e-04   6.554941e-05   6.736067e-05   1.499034e-04   7.317951e-05   1.540730e-04   8.330625e-05   8.850650e-05   8.918063e-05   1.836429e-04
Ti49  7.198885e-06   7.152141e-06   7.606875e-06   7.627682e-06   8.075758e-06   8.253867e-06   8.210817e-06   1.453499e-06   8.687945e-06   8.724104e-06   3.064766e-06   1.063277e-05   1.043653e-05   1.552385e-05   1.095814e-05   1.115232e-05   1.142436e-05   1.420532e-05   1.380302e-05   1.213416e-05   1.247521e-05   4.909805e-06   5.045472e-06   1.234289e-05   5.481317e-06   1.293712e-05   6.239834e-06   6.629345e-06   6.679839e-06   1.769075e-05
Ti50  6.903375e-06   6.989542e-06   7.442634e-06   7.512971e-06   7.850461e-06   8.099483e-06   8.107367e-06   1.421683e-06   8.530945e-06   8.616794e-06   2.997682e-06   1.039937e-05   1.076631e-05   1.279974e-05   1.141517e-05   1.158664e-05   1.203607e-05   1.348311e-05   1.414266e-05   1.245020e-05   1.365480e-05   4.802334e-06   4.935033e-06   1.327153e-05   5.361337e-06   1.421863e-05   6.103251e-06   6.484235e-06   6.533625e-06   2.034049e-05
V50   4.240870e-08   3.881543e-08   4.102349e-08   4.346079e-08   4.709766e-08   4.925218e-08   4.679848e-08   7.663183e-09   5.246264e-08   5.154972e-08   1.615816e-08   9.868650e-08   7.154946e-08   1.764964e-06   7.248485e-08   7.455263e-08   7.739573e-08   1.140691e-06   5.072170e-07   8.118170e-08   9.068969e-08   2.588563e-08   2.660090e-08   7.086345e-08   2.889878e-08   7.455658e-08   3.289786e-08   3.495144e-08   3.521766e-08   3.885475e-07
V51   1.580259e-05   1.534290e-05   1.711812e-05   1.641052e-05   1.751355e-05   1.790988e-05   1.761259e-05   3.122387e-06   1.903343e-05   1.891355e-05   6.583691e-06   2.435632e-05   2.309515e-05   2.564705e-05   2.376802e-05   2.407460e-05   2.470936e-05   2.565788e-05   2.384164e-05   2.609584e-05   2.677222e-05   1.054718e-05   1.083862e-05   2.483964e-05   1.177489e-05   2.566828e-05   1.340433e-05   1.424107e-05   1.434954e-05   3.454152e-05
Cr50  3.570251e-05   3.203367e-05   4.834213e-05   3.577673e-05   4.135832e-05   4.333852e-05   3.877412e-05   6.361610e-06   4.602170e-05   4.371177e-05   1.341373e-05   7.519548e-05   7.222591e-05   5.134965e-05   7.178255e-05   7.219332e-05   7.546928e-05   5.491714e-05   5.237237e-05   8.071387e-05   8.200955e-05   2.148902e-05   2.208280e-05   5.799840e-05   2.399039e-05   6.002494e-05   2.731023e-05   2.901502e-05   2.923603e-05   1.201880e-04
Cr52  6.306868e-04   6.246513e-04   6.701234e-04   6.625254e-04   7.079962e-04   7.221581e-04   7.127491e-04   1.275710e-04   7.698721e-04   7.665493e-04   2.689891e-04   8.755634e-04   8.827440e-04   8.468285e-04   9.286350e-04   9.474959e-04   9.655963e-04   9.174891e-04   9.061471e-04   1.028958e-03   1.058839e-03   4.309248e-04   4.428321e-04   9.977704e-04   4.810854e-04   1.029111e-03   5.476591e-04   5.818457e-04   5.862776e-04   1.276345e-03
Cr53  7.472560e-05   7.273717e-05   8.633977e-05   7.815108e-05   8.545281e-05   8.734575e-05   8.425620e-05   1.474336e-05   9.297528e-05   9.175571e-05   3.108702e-05   1.141151e-04   1.134169e-04   1.033041e-04   1.193916e-04   1.213785e-04   1.236327e-04   1.118212e-04   1.099601e-04   1.336478e-04   1.378271e-04   4.980191e-05   5.117804e-05   1.202222e-04   5.559896e-05   1.245837e-04   6.329288e-05   6.724382e-05   6.775600e-05   1.743627e-04
Cr54  1.849585e-05   1.847599e-05   1.981830e-05   2.003232e-05   2.107552e-05   2.172747e-05   2.165327e-05   3.738816e-06   2.286060e-05   2.309278e-05   7.883459e-06   2.941819e-05   3.011344e-05   3.024587e-05   3.193448e-05   3.235066e-05   3.342777e-05   3.253236e-05   3.488777e-05   3.539178e-05   3.773613e-05   1.262943e-05   1.297840e-05   3.552213e-05   1.409952e-05   3.806632e-05   1.605065e-05   1.705258e-05   1.718246e-05   5.665607e-05
Mn55  5.544824e-04   5.454924e-04   5.940280e-04   5.828148e-04   6.216904e-04   6.345745e-04   6.278477e-04   1.115373e-04   6.741212e-04   6.729457e-04   2.351812e-04   7.877022e-04   7.902249e-04   7.480621e-04   8.246741e-04   8.401471e-04   8.537709e-04   8.069571e-04   8.065462e-04   9.068591e-04   9.459928e-04   3.767641e-04   3.871748e-04   8.770624e-04   4.206203e-04   9.068734e-04   4.788267e-04   5.087166e-04   5.125914e-04   1.131447e-03
Fe54  3.174005e-03   3.046577e-03   3.532859e-03   3.300587e-03   3.699462e-03   3.767235e-03   3.589172e-03   6.140962e-04   4.036100e-03   3.931820e-03   1.294849e-03   5.197636e-03   5.206097e-03   4.356105e-03   5.458540e-03   5.543551e-03   5.702332e-03   4.768892e-03   4.690051e-03   6.251667e-03   6.456292e-03   2.074369e-03   2.131688e-03   5.196774e-03   2.315830e-03   5.391635e-03   2.636300e-03   2.800866e-03   2.822200e-03   8.655036e-03
Fe56  4.933464e-02   4.882006e-02   5.061969e-02   5.241313e-02   5.596943e-02   5.701921e-02   5.636157e-02   9.996598e-03   6.106471e-02   6.114590e-02   2.107827e-02   6.863759e-02   6.920423e-02   6.539127e-02   7.233669e-02   7.356105e-02   7.578693e-02   7.096223e-02   7.073473e-02   8.141904e-02   8.498378e-02   3.376772e-02   3.470079e-02   7.690247e-02   3.769836e-02   7.944902e-02   4.291515e-02   4.559405e-02   4.594133e-02   9.822170e-02
Fe57  1.206969e-03   1.186588e-03   1.213844e-03   1.314535e-03   1.454985e-03   1.482972e-03   1.438069e-03   2.350054e-04   1.586820e-03   1.589989e-03   4.955192e-04   1.965616e-03   1.946942e-03   1.730623e-03   2.068663e-03   2.091355e-03   2.197773e-03   1.904544e-03   1.891932e-03   2.387416e-03   2.552714e-03   7.938298e-04   8.157649e-04   2.064572e-03   8.862334e-04   2.157864e-03   1.008872e-03   1.071849e-03   1.080014e-03   3.281941e-03
Fe58  1.620640e-04   1.706692e-04   1.982216e-04   2.001620e-04   2.166411e-04   2.289302e-04   2.243275e-04   3.181026e-05   2.349980e-04   2.450606e-04   6.707334e-05   4.283215e-04   4.505375e-04   4.629530e-04   5.052988e-04   5.089657e-04   5.428376e-04   5.267680e-04   6.196114e-04   5.694916e-04   6.539134e-04   1.074526e-04   1.104217e-04   5.568049e-04   1.199603e-04   6.372713e-04   1.365607e-04   1.450852e-04   1.461903e-04   1.396454e-03
Co59  1.520340e-04   1.539580e-04   1.651433e-04   1.728164e-04   1.865644e-04   1.937137e-04   1.913546e-04   2.978220e-05   2.074075e-04   2.103096e-04   6.279708e-05   3.154738e-04   3.230251e-04   3.058886e-04   3.534801e-04   3.658451e-04   3.827668e-04   3.598210e-04   3.236870e-04   4.180326e-04   4.750471e-04   1.006019e-04   1.033818e-04   3.622514e-04   1.123122e-04   4.046591e-04   1.278542e-04   1.358353e-04   1.368699e-04   7.685480e-04
Ni58  2.283168e-03   2.253122e-03   2.180048e-03   2.488095e-03   2.911789e-03   2.981540e-03   2.831314e-03   4.285127e-04   3.221153e-03   3.293120e-03   9.035378e-04   4.045176e-03   3.866254e-03   3.173618e-03   4.107927e-03   4.189318e-03   4.440614e-03   3.543146e-03   3.407342e-03   4.970292e-03   5.307013e-03   1.447482e-03   1.487479e-03   3.805534e-03   1.615972e-03   3.926640e-03   1.839594e-03   1.954428e-03   1.969314e-03   6.692888e-03
Ni60  8.928488e-04   8.508066e-04   8.867315e-04   9.273188e-04   9.934357e-04   1.015125e-03   1.005314e-03   1.707475e-04   1.109660e-03   1.099009e-03   3.600286e-04   1.356951e-03   1.396516e-03   1.366082e-03   1.487503e-03   1.699111e-03   1.562745e-03   1.509183e-03   1.442839e-03   1.826011e-03   1.846143e-03   5.767716e-04   5.927089e-04   1.471265e-03   6.439091e-04   1.551122e-03   7.330147e-04   7.787718e-04   7.847036e-04   2.589085e-03
Ni61  4.053137e-05   4.112802e-05   4.365248e-05   4.807901e-05   5.407421e-05   5.564665e-05   5.437340e-05   7.546156e-06   6.990053e-05   6.221759e-05   1.591140e-05   9.670161e-05   9.915457e-05   1.415763e-04   1.091483e-04   1.170741e-04   1.215713e-04   1.224338e-04   1.421780e-04   1.425896e-04   1.612018e-04   2.549032e-05   2.619467e-05   1.289282e-04   2.845745e-05   1.456337e-04   3.239546e-05   3.441769e-05   3.467984e-05   3.706504e-04
Ni62  1.543104e-04   1.468553e-04   1.302252e-04   1.790482e-04   2.346602e-04   2.393522e-04   2.293797e-04   2.445426e-05   2.734577e-04   2.764791e-04   5.156287e-05   4.026903e-04   3.841590e-04   4.318079e-04   4.176111e-04   4.197952e-04   4.592300e-04   5.301001e-04   6.014167e-04   5.453532e-04   5.986434e-04   8.260455e-05   8.488708e-05   3.790452e-04   9.221991e-05   4.103457e-04   1.049815e-04   1.115348e-04   1.123843e-04   1.115169e-03
Ni64  3.270618e-05   3.604628e-05   4.572194e-05   4.673152e-05   5.249759e-05   5.739915e-05   5.463815e-05   6.428868e-06   5.550172e-05   6.057925e-05   1.355555e-05   1.307961e-04   1.466689e-04   9.911660e-05   1.615090e-04   1.601353e-04   1.780370e-04   1.246471e-04   1.596986e-04   1.749660e-04   2.585250e-04   2.171621e-05   2.231627e-05   2.145877e-04   2.424403e-05   2.506364e-04   2.759897e-05   2.932179e-05   2.954513e-05   5.066663e-04
Cu63  2.660279e-05   2.853540e-05   3.309555e-05   3.364580e-05   3.642812e-05   3.862629e-05   3.780929e-05   5.200470e-06   3.880997e-05   4.080753e-05   1.096542e-05   8.614111e-05   9.408928e-05   5.903230e-05   1.005659e-04   1.001124e-04   1.079931e-04   7.736411e-05   9.799057e-05   1.031840e-04   1.584676e-04   1.756678e-05   1.805218e-05   1.508510e-04   1.961159e-05   1.836588e-04   2.232549e-05   2.371912e-05   2.389978e-05   2.980943e-04
Cu65  1.192817e-05   1.273465e-05   1.465932e-05   1.485915e-05   1.624218e-05   1.736903e-05   1.706593e-05   2.391071e-06   1.871680e-05   1.916934e-05   5.041679e-06   3.505488e-05   3.737526e-05   3.215762e-05   4.180446e-05   4.308390e-05   4.664889e-05   4.062163e-05   4.073699e-05   5.038070e-05   6.690087e-05   8.076850e-06   8.300030e-06   4.819188e-05   9.017014e-06   5.815295e-05   1.026481e-05   1.090557e-05   1.098864e-05   1.200826e-04
Zn64  4.285073e-05   4.288003e-05   4.476167e-05   4.531082e-05   4.694041e-05   4.797779e-05   4.841952e-05   8.844427e-06   5.084898e-05   5.122345e-05   1.864886e-05   5.525679e-05   5.619429e-05   5.671659e-05   5.811466e-05   1.480588e-04   6.021865e-05   6.101535e-05   6.113196e-05   6.634815e-05   6.407852e-05   2.987578e-05   3.070131e-05   6.591572e-05   3.335339e-05   6.786152e-05   3.796890e-05   4.033904e-05   4.064630e-05   7.893948e-05
Zn66  2.618227e-05   2.650849e-05   2.862798e-05   2.937670e-05   3.212406e-05   3.350894e-05   3.338358e-05   5.143791e-06   3.761441e-05   3.685375e-05   1.084591e-05   5.211210e-05   5.352375e-05   4.994951e-05   5.858040e-05   5.966383e-05   6.341485e-05   6.376537e-05   6.225746e-05   7.640736e-05   8.273301e-05   1.737532e-05   1.785544e-05   6.397737e-05   1.939785e-05   7.260625e-05   2.208217e-05   2.346060e-05   2.363930e-05   1.407294e-04
Zn67  3.730591e-06   3.978575e-06   4.620645e-06   4.721621e-06   5.132923e-06   5.497422e-06   5.387049e-06   7.607840e-07   6.535801e-06   6.207271e-06   1.604147e-06   1.172741e-05   1.293388e-05   7.060535e-06   1.499039e-05   1.531858e-05   1.634849e-05   9.262609e-06   1.312388e-05   1.786086e-05   2.227222e-05   2.569868e-06   2.640879e-06   1.609509e-05   2.869007e-06   1.869945e-05   3.266027e-06   3.469903e-06   3.496332e-06   3.342889e-05
Zn68  1.724980e-05   1.767149e-05   1.961504e-05   2.053543e-05   2.213870e-05   2.366480e-05   2.342922e-05   3.525754e-06   2.251261e-05   2.421981e-05   7.434208e-06   4.056872e-05   4.480724e-05   3.475181e-05   4.740096e-05   5.309517e-05   5.270863e-05   4.402899e-05   5.531235e-05   4.553157e-05   6.632925e-05   1.190972e-05   1.223881e-05   5.879837e-05   1.329604e-05   6.761920e-05   1.513598e-05   1.608081e-05   1.620330e-05   1.134587e-04
Zn70  5.798864e-07   6.849553e-07   9.578523e-07   1.012971e-06   1.123830e-06   1.332103e-06   1.220478e-06   1.201319e-07   1.946248e-06   2.616211e-06   2.533034e-07   4.552081e-06   4.917887e-06   1.241979e-06   6.809575e-06   6.988243e-06   7.454182e-06   1.820805e-06   2.555688e-06   1.235840e-05   1.204883e-05   4.057961e-07   4.170091e-07   5.116046e-06   4.530317e-07   4.984516e-06   5.157232e-07   5.479163e-07   5.520897e-07   1.685240e-05
Ga69  1.643488e-06   1.782807e-06   2.098332e-06   2.079124e-06   2.258334e-06   2.484939e-06   2.458505e-06   3.345023e-07   2.572354e-06   2.942033e-06   7.053128e-07   5.869372e-06   6.388245e-06   3.627216e-06   7.119797e-06   7.376761e-06   8.042685e-06   5.214269e-06   4.800321e-06   9.535938e-06   1.159375e-05   1.129922e-06   1.161144e-06   7.855946e-06   1.261448e-06   9.742110e-06   1.436010e-06   1.525650e-06   1.537271e-06   1.955016e-05
Ga71  1.124440e-06   1.175889e-06   1.337781e-06   1.405960e-06   1.531070e-06   1.637730e-06   1.629984e-06   2.284397e-07   1.986639e-06   2.120476e-06   4.816751e-07   3.557124e-06   3.830764e-06   2.688876e-06   4.482259e-06   4.722513e-06   5.173067e-06   3.434369e-06   4.813462e-06   5.820603e-06   7.346735e-06   7.716513e-07   7.929736e-07   4.838961e-06   8.614732e-07   5.868551e-06   9.806859e-07   1.041903e-06   1.049839e-06   1.571874e-05
Ge70  1.945273e-06   1.948877e-06   2.207661e-06   2.308403e-06   2.507623e-06   2.688448e-06   2.630444e-06   3.854354e-07   2.297727e-06   2.445366e-06   8.127075e-07   4.759917e-06   5.296408e-06   4.231694e-06   5.318327e-06   5.581682e-06   5.678560e-06   5.804384e-06   5.416433e-06   4.389688e-06   6.670130e-06   1.301970e-06   1.337947e-06   7.205586e-06   1.453523e-06   8.825186e-06   1.654665e-06   1.757954e-06   1.771344e-06   1.062857e-05
Ge72  2.684237e-06   2.683071e-06   2.993941e-06   3.108637e-06   3.388832e-06   3.628887e-06   3.582702e-06   5.301036e-07   4.154806e-06   4.061528e-06   1.117747e-06   6.460066e-06   6.929687e-06   6.438876e-06   7.471195e-06   7.813381e-06   8.609726e-06   9.647620e-06   9.199823e-06   9.833062e-06   1.176426e-05   1.790648e-06   1.840127e-06   9.298186e-06   1.999084e-06   1.131275e-05   2.275722e-06   2.417779e-06   2.436195e-06   2.162717e-05
Ge73  7.417957e-07   7.738162e-07   8.888537e-07   9.786453e-07   1.075628e-06   1.192177e-06   1.177256e-06   1.519667e-07   1.492301e-06   1.519765e-06   3.204285e-07   2.964082e-06   3.350051e-06   1.399251e-06   3.803783e-06   3.996355e-06   4.380752e-06   2.211177e-06   2.543610e-06   4.351858e-06   6.179286e-06   5.133316e-07   5.275160e-07   4.468041e-06   5.730845e-07   5.483114e-06   6.523893e-07   6.931135e-07   6.983928e-07   1.126197e-05
Ge74  3.523832e-06   3.590839e-06   3.951181e-06   4.187808e-06   4.513549e-06   4.851821e-06   4.830145e-06   7.250280e-07   4.750376e-06   4.896880e-06   1.528753e-06   8.582227e-06   9.472065e-06   6.757922e-06   1.000842e-05   1.045152e-05   1.139937e-05   8.990645e-06   1.214412e-05   8.914161e-06   1.407037e-05   2.449088e-06   2.516761e-06   1.264613e-05   2.734167e-06   1.486987e-05   3.112527e-06   3.306821e-06   3.332009e-06   2.471151e-05
