# Cinquegrana, Heger & Karakas 2025
M      10.5   10.8   11.0   11.3   11.5   11.8   12.0   12.3   12.5   12.8   13.0   13.3   13.5   13.8   14.0   14.3   14.5   14.8   15.0   15.3   15.5   15.8   16.0   16.3   16.5   16.8   17.0   17.3   17.5   17.8   18.0   18.3   18.5   18.8   19.0   19.3   19.5   19.8   20.0
E      1.0   1.0   1.0   1.0   1.0   1.0   1.0   1.0   1.0   1.0   1.0   1.0   1.0   1.0   1.0   1.0   1.0   1.0   1.0   1.0   1.0   1.0   1.0   1.0   1.0   1.0   1.0   1.0   1.0   1.0   1.0   1.0   1.0   1.0   1.0   1.0   1.0   1.0   1.0
Mrem   1.578   1.594   1.552   1.636   1.533   1.557   1.617   12.213   12.461   12.709   1.443   1.465   1.492   1.525   1.566   1.593   1.622   1.580   1.488   15.186   1.650   1.569   15.929   1.696   1.649   1.589   16.917   17.165   17.411   17.651   17.901   18.144   18.389   18.643   18.891   19.138   19.383   19.628   19.875
H1    6.428568e+00   6.564236e+00   6.668203e+00   6.832364e+00   6.961809e+00   7.159503e+00   7.267706e+00   2.748104e-02   2.918197e-02   3.078360e-02   7.514653e+00   7.639328e+00   7.767401e+00   7.891789e+00   8.021932e+00   8.151078e+00   8.270229e+00   8.280642e+00   8.258774e+00   4.792802e-02   8.630907e+00   8.586770e+00   5.337837e-02   8.875490e+00   8.907468e+00   8.805099e+00   6.218104e-02   6.401688e-02   6.668912e-02   7.448002e-02   7.463330e-02   7.993663e-02   8.316274e-02   8.037560e-02   8.174285e-02   8.419066e-02   8.818315e-02   9.205804e-02   9.410765e-02
H2    3.441748e-08   3.587023e-08   3.803526e-08   3.896676e-08   4.172019e-08   4.187906e-08   4.314700e-08   2.889230e-08   2.977830e-08   3.061154e-08   4.643733e-08   5.035843e-08   5.191795e-08   4.959854e-08   5.508922e-08   5.221881e-08   5.375474e-08   5.351875e-08   5.412455e-08   3.946757e-08   5.684720e-08   5.926705e-08   4.217024e-08   6.013825e-08   6.160513e-08   6.345477e-08   4.602688e-08   4.697900e-08   4.788992e-08   4.893216e-08   4.990141e-08   5.072203e-08   5.170869e-08   5.271009e-08   5.377518e-08   5.478076e-08   5.579059e-08   5.684900e-08   5.784087e-08
He3   3.138700e-04   3.169579e-04   3.178711e-04   3.220805e-04   3.252042e-04   3.315321e-04   3.332838e-04   2.774330e-06   2.947248e-06   3.114238e-06   3.331216e-04   3.359975e-04   3.391465e-04   3.424315e-04   3.456449e-04   3.492139e-04   3.519971e-04   3.500429e-04   3.471485e-04   4.936162e-06   3.588327e-04   3.552812e-04   5.520247e-06   3.641670e-04   3.634920e-04   3.610009e-04   6.448404e-06   6.640916e-06   6.917994e-06   7.728666e-06   7.748789e-06   8.302727e-06   8.639303e-06   8.348063e-06   8.489524e-06   8.744275e-06   9.160736e-06   9.564852e-06   9.777770e-06
He4   2.436223e+00   2.525999e+00   2.660758e+00   2.711802e+00   2.846940e+00   2.976538e+00   3.008507e+00   9.025357e-03   9.584276e-03   1.011180e-02   3.777259e+00   3.869406e+00   3.957223e+00   4.050317e+00   4.124120e+00   4.218151e+00   4.312098e+00   4.486560e+00   4.681867e+00   1.573698e-02   4.784290e+00   4.976685e+00   1.752612e-02   5.122086e+00   5.275729e+00   5.409108e+00   2.041610e-02   2.101883e-02   2.189623e-02   2.445445e-02   2.450457e-02   2.624582e-02   2.730509e-02   2.638991e-02   2.683882e-02   2.764251e-02   2.895338e-02   3.022563e-02   3.089858e-02
Li6   4.888396e-13   5.062779e-13   5.835472e-13   5.882517e-13   5.964951e-13   8.036436e-13   7.823252e-13   3.394153e-13   3.523129e-13   3.632616e-13   7.224182e-13   6.145418e-13   6.295524e-13   7.753568e-13   6.406122e-13   9.870797e-13   9.798706e-13   7.083918e-13   6.462609e-13   4.397292e-13   7.809627e-13   6.730307e-13   4.577035e-13   8.325462e-13   7.608380e-13   7.594341e-13   4.790608e-13   4.842173e-13   4.886652e-13   4.937530e-13   5.003944e-13   5.049850e-13   5.099125e-13   5.152911e-13   5.195483e-13   5.246126e-13   5.298640e-13   5.348534e-13   5.414907e-13
Li7   1.836100e-08   2.100587e-08   3.218303e-08   2.944443e-08   4.245360e-08   3.419360e-08   3.545821e-08   1.039123e-10   1.104448e-10   1.165710e-10   8.893743e-08   7.677749e-08   7.837980e-08   7.459468e-08   8.171513e-08   6.517626e-08   6.149323e-08   7.921284e-08   8.904156e-08   1.810952e-10   8.328550e-08   1.000940e-07   1.997284e-10   8.553264e-08   9.430008e-08   1.110579e-07   2.256129e-10   2.307605e-10   2.371456e-10   2.502297e-10   2.527367e-10   2.605863e-10   2.654266e-10   2.652416e-10   2.683778e-10   2.726524e-10   2.777630e-10   2.824744e-10   2.864718e-10
Be9   7.091489e-13   7.435635e-13   9.403542e-13   9.030847e-13   1.014935e-12   1.302682e-12   1.163095e-12   8.659197e-14   9.209615e-14   9.729595e-14   1.213109e-12   9.714589e-13   9.914635e-13   1.565286e-12   9.809022e-13   2.346964e-12   2.496697e-12   1.485299e-12   1.051050e-12   1.563909e-13   1.192927e-12   9.728364e-13   1.758931e-13   1.364246e-12   1.070083e-12   1.287748e-12   2.067011e-13   2.132279e-13   2.220624e-13   2.463852e-13   2.483443e-13   2.655413e-13   2.762791e-13   2.694173e-13   2.744976e-13   2.827457e-13   2.955387e-13   3.082429e-13   3.154138e-13
B10   1.014290e-11   1.043603e-11   1.098559e-11   1.114435e-11   1.170852e-11   1.210977e-11   1.218151e-11   5.443601e-13   5.783825e-13   6.113735e-13   1.542711e-11   1.527584e-11   1.517733e-11   1.518150e-11   1.500867e-11   1.734795e-11   1.715400e-11   1.674735e-11   1.777025e-11   9.818373e-13   1.688540e-11   1.783936e-11   1.104581e-12   1.769791e-11   1.811393e-11   2.021291e-11   1.298252e-12   1.339395e-12   1.393601e-12   1.552396e-12   1.562299e-12   1.673721e-12   1.742398e-12   1.690807e-12   1.720799e-12   1.772821e-12   1.856581e-12   1.938435e-12   1.981860e-12
B11   1.322994e-08   1.560720e-08   2.779447e-08   2.465092e-08   2.860911e-08   4.668884e-08   4.508510e-08   2.416771e-12   2.568782e-12   2.714436e-12   1.468938e-07   1.086315e-07   1.190693e-07   1.495035e-07   1.176535e-07   2.318604e-07   2.151317e-07   1.641918e-07   1.896735e-07   4.360324e-12   1.931836e-07   1.921877e-07   4.906499e-12   2.408608e-07   2.403591e-07   3.197625e-07   5.773414e-12   5.955311e-12   6.201208e-12   6.904285e-12   6.952179e-12   7.443922e-12   7.755396e-12   7.531053e-12   7.665850e-12   7.899325e-12   8.272426e-12   8.637852e-12   8.832169e-12
C12   3.501193e-03   4.277811e-03   7.000567e-03   6.706461e-03   9.023346e-03   1.090875e-02   1.031310e-02   1.717900e-06   1.825231e-06   1.928300e-06   4.815592e-02   4.684788e-02   4.868552e-02   5.227837e-02   4.871483e-02   6.057486e-02   6.042454e-02   6.929690e-02   8.709087e-02   3.051304e-06   7.556262e-02   9.227402e-02   3.407950e-06   9.250701e-02   1.035539e-01   1.381552e-01   3.975624e-06   4.093838e-06   4.264308e-06   4.761415e-06   4.772951e-06   5.112085e-06   5.318428e-06   5.140864e-06   5.228332e-06   5.384909e-06   5.640267e-06   5.888114e-06   6.019210e-06
C13   1.157828e-05   1.187644e-05   1.220849e-05   1.249658e-05   1.286567e-05   1.327406e-05   1.350582e-05   2.252460e-08   2.411396e-08   2.516836e-08   1.610672e-05   1.728335e-05   1.742941e-05   1.590273e-05   1.728974e-05   1.686193e-05   1.690962e-05   1.697405e-05   1.764123e-05   3.681876e-08   1.808204e-05   1.953753e-05   3.978456e-08   1.904693e-05   1.963977e-05   2.173589e-05   4.543590e-08   4.665825e-08   4.872194e-08   5.463698e-08   5.431548e-08   5.818478e-08   6.053135e-08   5.829758e-08   5.928179e-08   6.105054e-08   6.394808e-08   6.675544e-08   6.824120e-08
N14   5.338695e-04   5.517621e-04   5.772299e-04   5.898915e-04   6.156452e-04   6.442463e-04   6.525962e-04   5.419544e-07   5.743021e-07   6.036400e-07   7.809446e-04   7.905474e-04   8.041336e-04   8.225905e-04   8.352550e-04   8.574612e-04   8.756973e-04   8.877885e-04   9.112779e-04   8.798943e-07   9.520086e-04   9.670906e-04   9.697260e-07   9.991387e-04   1.024735e-03   1.008400e-03   1.123860e-06   1.156173e-06   1.204805e-06   1.346653e-06   1.347772e-06   1.443555e-06   1.501797e-06   1.450862e-06   1.475529e-06   1.519706e-06   1.591777e-06   1.661718e-06   1.698714e-06
N15   5.366434e-07   6.225210e-07   9.112848e-07   8.785340e-07   1.288979e-06   1.062672e-06   1.106596e-06   1.160786e-09   1.232648e-09   1.303272e-09   4.141961e-06   4.699423e-06   5.154826e-06   5.740528e-06   5.293457e-06   4.542499e-06   4.703180e-06   7.049218e-06   1.085383e-05   2.074008e-09   7.561046e-06   1.116171e-05   2.323025e-09   9.108538e-06   1.107511e-05   1.542904e-05   2.716427e-09   2.797836e-09   2.913769e-09   3.251380e-09   3.262521e-09   3.494223e-09   3.635806e-09   3.515986e-09   3.575897e-09   3.683046e-09   3.857656e-09   4.027215e-09   4.116888e-09
O16   9.529466e-03   1.148622e-02   1.818603e-02   1.808252e-02   2.671856e-02   2.789974e-02   2.693919e-02   4.295720e-06   4.561506e-06   4.811159e-06   1.354208e-01   1.517065e-01   1.649575e-01   1.658666e-01   1.744213e-01   1.658965e-01   1.707703e-01   2.453917e-01   3.647434e-01   7.496085e-06   2.760071e-01   4.141886e-01   8.348784e-06   3.634211e-01   4.468023e-01   6.348008e-01   9.725709e-06   1.001287e-05   1.043083e-05   1.164933e-05   1.167337e-05   1.250287e-05   1.300746e-05   1.257154e-05   1.278539e-05   1.316825e-05   1.379272e-05   1.439879e-05   1.471937e-05
O17   7.629295e-06   7.626232e-06   7.587736e-06   7.574183e-06   7.607849e-06   7.351908e-06   7.421280e-06   2.316200e-09   2.396289e-09   2.482240e-09   7.811901e-06   6.979864e-06   6.946481e-06   7.956776e-06   6.623703e-06   7.839428e-06   7.673745e-06   7.884677e-06   8.497859e-06   2.868044e-09   6.944843e-06   7.217424e-06   3.134312e-09   7.394319e-06   7.147863e-06   8.941890e-06   3.629964e-09   3.734587e-09   3.891337e-09   4.351073e-09   4.354074e-09   4.663086e-09   4.851552e-09   4.687575e-09   4.767297e-09   4.910046e-09   5.142893e-09   5.368875e-09   5.488410e-09
O18   1.650736e-06   1.772460e-06   2.215797e-06   2.186455e-06   2.585372e-06   2.743564e-06   2.711267e-06   8.976110e-09   9.537225e-09   1.007003e-08   6.585202e-06   1.524865e-05   1.911976e-05   1.690321e-05   1.943210e-05   1.720384e-05   1.670935e-05   2.026893e-05   3.030199e-05   1.588105e-08   1.923146e-05   3.048292e-05   1.771983e-08   1.420885e-05   2.050749e-05   2.149375e-05   2.065820e-08   2.127043e-08   2.215725e-08   2.474263e-08   2.479805e-08   2.656033e-08   2.763216e-08   2.670766e-08   2.716201e-08   2.797541e-08   2.930205e-08   3.058963e-08   3.127069e-08
F19   1.702785e-07   1.925440e-07   2.271153e-07   2.475531e-07   4.508845e-07   2.130426e-07   1.788753e-07   3.894103e-10   4.135793e-10   4.362302e-10   8.062085e-07   2.302874e-07   2.757893e-07   1.671112e-06   2.855373e-07   6.280559e-07   7.699152e-07   2.398945e-06   4.059029e-06   6.810510e-10   4.085521e-07   2.899837e-07   7.585674e-10   3.840971e-07   4.284782e-07   1.745202e-06   8.836822e-10   9.097738e-10   9.477503e-10   1.058459e-09   1.060647e-09   1.136016e-09   1.181862e-09   1.142255e-09   1.161685e-09   1.196472e-09   1.253211e-09   1.308279e-09   1.337407e-09
Ne20  1.697695e-03   1.942726e-03   2.942109e-03   3.053659e-03   4.541991e-03   4.173541e-03   3.250699e-03   1.318909e-06   1.400538e-06   1.477398e-06   1.675592e-02   5.230902e-03   6.356508e-03   2.546704e-02   7.212280e-03   1.784948e-02   2.113085e-02   4.101235e-02   6.311720e-02   2.300253e-06   1.098098e-02   5.705116e-03   2.561837e-06   1.105642e-02   1.203651e-02   4.535304e-02   2.984312e-06   3.072421e-06   3.200672e-06   3.574588e-06   3.581944e-06   3.836472e-06   3.991306e-06   3.857540e-06   3.923159e-06   4.040639e-06   4.232254e-06   4.418225e-06   4.516594e-06
Ne21  1.991565e-06   2.208263e-06   2.603933e-06   2.647441e-06   4.005797e-06   3.751507e-06   3.274038e-06   3.331993e-09   3.538842e-09   3.735667e-09   1.223840e-05   7.121701e-06   7.701482e-06   1.711753e-05   7.241571e-06   1.258741e-05   1.455238e-05   2.679855e-05   3.798138e-05   5.799225e-09   1.162755e-05   1.169923e-05   6.458141e-09   1.512073e-05   1.605111e-05   3.759536e-05   7.522917e-09   7.745000e-09   8.068306e-09   9.010985e-09   9.029423e-09   9.671032e-09   1.006135e-08   9.724125e-09   9.889539e-09   1.018569e-08   1.066871e-08   1.113751e-08   1.138548e-08
Ne22  1.976770e-05   2.090085e-05   2.352322e-05   2.382590e-05   2.743563e-05   2.640666e-05   2.787197e-05   1.030053e-07   1.094168e-07   1.154342e-07   7.088569e-05   7.402940e-05   8.138017e-05   9.199006e-05   9.388209e-05   1.047863e-04   1.095323e-04   1.497000e-04   1.746219e-04   1.806364e-07   1.666332e-04   1.962392e-04   2.012445e-07   2.244471e-04   2.386538e-04   3.169366e-04   2.344572e-07   2.413825e-07   2.514574e-07   2.808269e-07   2.814126e-07   3.014099e-07   3.135738e-07   3.030666e-07   3.082220e-07   3.174518e-07   3.325060e-07   3.471168e-07   3.548451e-07
Na23  2.581969e-05   2.841619e-05   3.118798e-05   3.375841e-05   4.522567e-05   3.749575e-05   3.254106e-05   2.231820e-08   2.367862e-08   2.503403e-08   1.239424e-04   4.145936e-05   4.913800e-05   1.732811e-04   4.998123e-05   9.581053e-05   1.087437e-04   2.671991e-04   3.948816e-04   3.772064e-08   4.667653e-05   5.012452e-05   4.192350e-08   5.033845e-05   5.101629e-05   3.109267e-04   4.880112e-08   5.023751e-08   5.233609e-08   5.846323e-08   5.856969e-08   6.273045e-08   6.526358e-08   6.307238e-08   6.414525e-08   6.606608e-08   6.919907e-08   7.223976e-08   7.384813e-08
Mg24  6.288608e-04   6.848614e-04   1.088918e-03   1.038603e-03   1.265628e-03   1.335052e-03   1.358517e-03   3.152861e-07   3.348045e-07   3.531991e-07   2.855745e-03   1.589258e-03   1.938688e-03   5.548751e-03   3.392707e-03   2.762364e-03   4.039167e-03   7.461478e-03   1.117554e-02   5.498350e-07   4.398150e-03   5.229670e-03   6.123557e-07   5.076178e-03   5.322147e-03   7.524229e-03   7.133357e-07   7.343957e-07   7.650516e-07   8.544330e-07   8.561868e-07   9.170260e-07   9.540367e-07   9.220609e-07   9.377458e-07   9.658268e-07   1.011628e-06   1.056081e-06   1.079594e-06
Mg25  1.406879e-05   1.510197e-05   1.872793e-05   1.901813e-05   2.278031e-05   2.327753e-05   1.916504e-05   4.157519e-08   4.414690e-08   4.656357e-08   6.186357e-05   3.632001e-05   3.953522e-05   9.556072e-05   4.128000e-05   4.834512e-05   5.587594e-05   1.041465e-04   1.668857e-04   7.252918e-08   5.014759e-05   5.152830e-05   8.077868e-08   5.523360e-05   5.832893e-05   1.033590e-04   9.410078e-08   9.687911e-08   1.009231e-07   1.127128e-07   1.129453e-07   1.209711e-07   1.258532e-07   1.216354e-07   1.237046e-07   1.274089e-07   1.334509e-07   1.393149e-07   1.424167e-07
Mg26  1.661922e-05   1.774193e-05   2.045874e-05   2.108993e-05   2.703855e-05   2.075353e-05   1.779140e-05   4.758277e-08   5.052768e-08   5.330089e-08   5.886822e-05   2.439104e-05   2.910785e-05   9.671160e-05   3.730600e-05   4.026156e-05   4.530291e-05   1.081279e-04   1.887202e-04   8.297979e-08   3.207610e-05   3.302269e-05   9.241636e-08   3.745721e-05   3.638567e-05   9.692900e-05   1.076570e-07   1.108355e-07   1.154620e-07   1.289506e-07   1.292161e-07   1.383981e-07   1.439836e-07   1.391581e-07   1.415253e-07   1.457633e-07   1.526757e-07   1.593845e-07   1.629331e-07
Al27  2.657569e-05   2.870312e-05   3.852157e-05   3.756102e-05   4.593058e-05   4.324122e-05   4.956435e-05   3.584653e-08   3.806811e-08   4.016907e-08   1.087364e-04   1.096731e-04   1.320821e-04   1.704175e-04   2.497099e-04   7.502483e-05   8.520749e-05   1.801263e-04   2.711375e-04   6.249059e-08   3.091336e-04   3.907614e-04   6.959378e-08   3.925332e-04   3.885374e-04   3.124437e-04   8.106871e-08   8.346197e-08   8.694598e-08   9.710471e-08   9.730326e-08   1.042174e-07   1.084236e-07   1.047895e-07   1.065720e-07   1.097633e-07   1.149685e-07   1.200204e-07   1.226926e-07
Si28  9.951477e-04   1.214898e-03   2.151482e-03   1.880311e-03   2.108375e-03   3.362345e-03   2.862425e-03   4.187800e-07   4.447037e-07   4.691283e-07   2.372032e-02   2.802770e-02   2.542951e-02   1.215088e-02   2.654916e-02   1.587915e-02   1.445811e-02   1.202802e-02   1.584497e-02   7.303282e-07   3.463383e-02   4.752315e-02   8.133756e-07   4.283327e-02   4.904338e-02   5.457975e-02   9.475071e-07   9.754810e-07   1.016200e-06   1.134920e-06   1.137253e-06   1.218064e-06   1.267224e-06   1.224753e-06   1.245587e-06   1.282886e-06   1.343723e-06   1.402768e-06   1.434000e-06
Si29  1.057269e-05   1.151741e-05   1.632448e-05   1.488802e-05   1.657896e-05   1.970028e-05   1.928296e-05   2.202418e-08   2.338754e-08   2.467205e-08   4.093377e-05   7.065498e-05   7.371813e-05   3.873044e-05   1.730180e-04   4.726393e-05   3.584941e-05   4.318610e-05   4.699147e-05   3.840892e-08   2.543567e-04   2.371160e-04   4.277650e-08   3.141043e-04   2.759671e-04   1.422783e-04   4.983065e-08   5.130184e-08   5.344333e-08   5.968692e-08   5.980964e-08   6.405961e-08   6.664498e-08   6.441137e-08   6.550706e-08   6.746869e-08   7.066818e-08   7.377344e-08   7.541596e-08
Si30  8.570691e-06   9.295539e-06   1.289904e-05   1.205726e-05   1.206076e-05   1.434930e-05   1.628750e-05   1.501804e-08   1.594769e-08   1.682353e-08   2.189520e-05   4.585877e-05   5.784921e-05   2.698887e-05   1.451369e-04   2.297346e-05   1.659356e-05   2.683939e-05   3.117826e-05   2.619072e-08   2.072157e-04   2.143114e-04   2.916895e-08   2.572871e-04   2.320459e-04   8.617181e-05   3.397913e-08   3.498232e-08   3.644258e-08   4.070003e-08   4.078372e-08   4.368175e-08   4.544468e-08   4.392161e-08   4.466875e-08   4.600636e-08   4.818808e-08   5.030553e-08   5.142555e-08
P31   3.594265e-06   4.088603e-06   6.574646e-06   5.719054e-06   6.464477e-06   8.093819e-06   8.435209e-06   4.152028e-09   4.409063e-09   4.651283e-09   1.135577e-04   1.647027e-04   1.607395e-04   2.975864e-05   1.901431e-04   3.981777e-05   2.582257e-05   2.477176e-05   4.006251e-05   7.240774e-09   2.283158e-04   2.944960e-04   8.064124e-09   2.769845e-04   2.988020e-04   2.692867e-04   9.393947e-09   9.671290e-09   1.007500e-08   1.125203e-08   1.127516e-08   1.207635e-08   1.256374e-08   1.214266e-08   1.234922e-08   1.271902e-08   1.332218e-08   1.390758e-08   1.421722e-08
S32   4.174371e-04   5.225834e-04   9.777147e-04   8.188704e-04   9.365480e-04   1.540620e-03   1.263441e-03   2.156462e-07   2.289952e-07   2.415724e-07   1.844708e-02   2.353719e-02   1.971936e-02   7.398214e-03   1.564308e-02   9.372787e-03   7.727305e-03   6.202160e-03   1.000404e-02   3.760746e-07   1.573197e-02   2.951121e-02   4.188390e-07   1.870516e-02   2.620801e-02   3.555539e-02   4.879086e-07   5.023134e-07   5.232815e-07   5.844146e-07   5.856161e-07   6.272291e-07   6.525432e-07   6.306733e-07   6.414015e-07   6.606084e-07   6.919358e-07   7.223404e-07   7.384228e-07
S33   1.521609e-06   1.742872e-06   2.930105e-06   2.453204e-06   3.023615e-06   3.821870e-06   3.313093e-06   1.751869e-09   1.860314e-09   1.962490e-09   5.296807e-05   1.606280e-04   1.451543e-04   2.083715e-05   1.472012e-04   4.218718e-05   2.206339e-05   1.564464e-05   2.643679e-05   3.055158e-09   1.387011e-04   2.681965e-04   3.402567e-09   1.618813e-04   2.341116e-04   2.150153e-04   3.963675e-09   4.080697e-09   4.251037e-09   4.747671e-09   4.757432e-09   5.095488e-09   5.301135e-09   5.123468e-09   5.210622e-09   5.366655e-09   5.621152e-09   5.868154e-09   5.998804e-09
S34   4.377565e-06   4.824751e-06   6.588763e-06   6.110966e-06   5.986761e-06   8.275014e-06   7.581725e-06   1.011495e-08   1.074110e-08   1.133103e-08   1.163361e-04   3.094111e-04   2.389184e-04   4.719547e-05   1.323992e-04   6.250918e-05   6.450418e-05   3.318380e-05   5.750603e-05   1.763990e-08   2.721428e-04   4.304219e-04   1.964578e-08   2.962893e-04   4.287787e-04   2.498758e-04   2.288551e-08   2.356117e-08   2.454469e-08   2.741216e-08   2.746851e-08   2.942038e-08   3.060775e-08   2.958193e-08   3.008514e-08   3.098605e-08   3.245547e-08   3.388161e-08   3.463596e-08
S36   9.434319e-09   9.752578e-09   1.041057e-08   1.045963e-08   1.095077e-08   1.189590e-08   1.161223e-08   3.721550e-11   3.951924e-11   4.168976e-11   3.354636e-08   4.174697e-08   4.046948e-08   1.944595e-08   5.018007e-08   2.824360e-08   2.012988e-08   1.941054e-08   2.431733e-08   6.490171e-11   5.141735e-08   6.783699e-08   7.228185e-11   6.025047e-08   6.801965e-08   6.394339e-08   8.420165e-11   8.668759e-11   9.030618e-11   1.008563e-10   1.010637e-10   1.082451e-10   1.126137e-10   1.088395e-10   1.106909e-10   1.140056e-10   1.194120e-10   1.246591e-10   1.274346e-10
Cl35  9.807743e-07   1.072831e-06   1.555226e-06   1.385886e-06   1.575371e-06   1.890867e-06   1.801602e-06   2.274724e-09   2.415536e-09   2.548205e-09   1.033871e-04   1.924493e-04   1.788007e-04   1.443730e-05   1.615604e-04   3.169415e-05   1.346556e-05   8.894730e-06   1.963037e-05   3.966990e-09   8.804099e-05   2.003094e-04   4.418086e-09   1.084836e-04   1.591481e-04   2.632077e-04   5.146661e-09   5.298609e-09   5.519788e-09   6.164646e-09   6.177320e-09   6.616271e-09   6.883294e-09   6.652601e-09   6.765767e-09   6.968370e-09   7.298823e-09   7.619544e-09   7.789188e-09
Cl37  2.928057e-07   3.141292e-07   4.420327e-07   3.941061e-07   4.766352e-07   5.655515e-07   5.019938e-07   7.691839e-10   8.167985e-10   8.616596e-10   1.838133e-05   6.013162e-05   4.964606e-05   4.783263e-06   3.181737e-05   9.036545e-06   4.251066e-06   2.845230e-06   6.382027e-06   1.341413e-09   2.062272e-05   7.415948e-05   1.493948e-09   2.328604e-05   4.969593e-05   6.457303e-05   1.740311e-09   1.791692e-09   1.866482e-09   2.084537e-09   2.088822e-09   2.237251e-09   2.327543e-09   2.249536e-09   2.287802e-09   2.356311e-09   2.468052e-09   2.576501e-09   2.633866e-09
Ar36  8.611522e-05   1.067545e-04   2.064536e-04   1.668498e-04   1.940747e-04   3.117724e-04   2.567705e-04   4.825859e-08   5.124593e-08   5.406052e-08   4.277779e-03   7.217928e-03   5.830477e-03   1.518561e-03   3.563175e-03   1.868396e-03   1.471001e-03   1.222422e-03   2.162939e-03   8.416024e-08   2.871472e-03   8.499579e-03   9.373031e-08   3.330310e-03   6.131070e-03   8.767163e-03   1.091871e-07   1.124107e-07   1.171031e-07   1.307838e-07   1.310527e-07   1.403651e-07   1.460300e-07   1.411359e-07   1.435367e-07   1.478349e-07   1.548456e-07   1.616497e-07   1.652487e-07
Ar38  2.963356e-06   3.111968e-06   3.853241e-06   3.710511e-06   3.939425e-06   4.925649e-06   4.503821e-06   9.260174e-09   9.833404e-09   1.037349e-08   2.572853e-04   4.842880e-04   3.432491e-04   7.402532e-05   1.460263e-04   8.347146e-05   7.077757e-05   4.030157e-05   1.104356e-04   1.614922e-08   1.825439e-04   4.492801e-04   1.798558e-08   1.856989e-04   3.554197e-04   3.651787e-04   2.095154e-08   2.157010e-08   2.247050e-08   2.509565e-08   2.514725e-08   2.693417e-08   2.802120e-08   2.708207e-08   2.754276e-08   2.836753e-08   2.971278e-08   3.101840e-08   3.170900e-08
Ar40  3.737290e-09   3.840981e-09   3.976892e-09   4.056734e-09   4.179338e-09   4.602709e-09   4.437427e-09   1.522107e-11   1.616322e-11   1.705087e-11   5.406676e-09   5.525917e-09   5.717145e-09   5.875654e-09   8.228569e-09   6.621684e-09   6.878899e-09   6.348401e-09   6.646342e-09   2.654339e-11   8.613388e-09   8.082654e-09   2.956145e-11   9.644145e-09   8.854419e-09   8.093428e-09   3.443602e-11   3.545262e-11   3.693245e-11   4.124717e-11   4.133185e-11   4.426881e-11   4.605537e-11   4.451164e-11   4.526871e-11   4.662421e-11   4.883517e-11   5.098101e-11   5.211597e-11
K39   8.976818e-07   9.290148e-07   1.291969e-06   1.179247e-06   1.366456e-06   1.614205e-06   1.486795e-06   2.126621e-09   2.258265e-09   2.382296e-09   1.724577e-04   2.880249e-04   2.494982e-04   1.920906e-05   2.291516e-04   4.680496e-05   1.344211e-05   9.963864e-06   3.163334e-05   3.708706e-09   7.655019e-05   2.534566e-04   4.130433e-09   8.993256e-05   1.569512e-04   3.514594e-04   4.811571e-09   4.953626e-09   5.160405e-09   5.763277e-09   5.775126e-09   6.185497e-09   6.435136e-09   6.219463e-09   6.325260e-09   6.514672e-09   6.823611e-09   7.123449e-09   7.282048e-09
K40   1.250114e-09   1.324377e-09   1.668736e-09   1.614776e-09   1.971127e-09   2.061027e-09   2.005371e-09   3.405709e-12   3.617283e-12   3.816731e-12   1.485723e-07   2.137987e-07   2.271971e-07   1.397145e-08   5.529774e-07   5.346903e-08   1.096321e-08   1.028978e-08   2.340206e-08   5.951382e-12   2.662518e-07   4.246402e-07   6.630549e-12   3.234391e-07   3.572763e-07   3.962717e-07   7.727022e-12   7.955910e-12   8.288669e-12   9.256689e-12   9.276824e-12   9.936210e-12   1.033789e-11   9.993160e-12   1.016409e-11   1.046929e-11   1.096625e-11   1.144854e-11   1.170433e-11
K41   6.820081e-08   7.190237e-08   1.020209e-07   9.096902e-08   1.162683e-07   1.380217e-07   1.188269e-07   1.613436e-10   1.713313e-10   1.807413e-10   1.261078e-05   4.891457e-05   3.057274e-05   1.492229e-06   1.218599e-05   3.023188e-06   9.292854e-07   7.838290e-07   2.498551e-06   2.813741e-10   5.177860e-06   3.132379e-05   3.133699e-10   5.716293e-06   1.472611e-05   2.461022e-05   3.650468e-10   3.758244e-10   3.915124e-10   4.372514e-10   4.381503e-10   4.692846e-10   4.882243e-10   4.718615e-10   4.798882e-10   4.942586e-10   5.176973e-10   5.404456e-10   5.524783e-10
Ca40  7.977563e-05   9.778317e-05   1.998311e-04   1.552756e-04   1.846001e-04   2.895933e-04   2.393742e-04   3.598595e-08   3.821358e-08   4.031239e-08   4.443472e-03   4.570029e-03   2.766339e-03   1.251094e-03   9.817356e-04   1.232213e-03   1.143726e-03   1.061334e-03   2.046461e-03   6.275744e-08   1.128092e-03   2.599197e-03   6.989375e-08   1.373714e-03   1.907464e-03   4.209016e-03   8.141973e-08   8.382354e-08   8.732258e-08   9.752417e-08   9.772467e-08   1.046688e-07   1.088931e-07   1.052436e-07   1.070338e-07   1.102390e-07   1.154668e-07   1.205405e-07   1.232243e-07
Ca42  8.576877e-08   8.771679e-08   1.082145e-07   1.074726e-07   1.138429e-07   1.403392e-07   1.292379e-07   2.521919e-10   2.678033e-10   2.825119e-10   1.625129e-05   4.568313e-05   3.322818e-05   3.041885e-06   1.899320e-05   4.712136e-06   2.568420e-06   1.462585e-06   5.050022e-06   4.398083e-10   1.003830e-05   4.170263e-05   4.898201e-10   1.021732e-05   2.556704e-05   3.559489e-05   5.705949e-10   5.874410e-10   6.119625e-10   6.834559e-10   6.848611e-10   7.335262e-10   7.631304e-10   7.375541e-10   7.501004e-10   7.725624e-10   8.091988e-10   8.447561e-10   8.635641e-10
Ca43  3.046301e-08   3.215326e-08   3.778106e-08   4.549408e-08   3.405576e-08   4.568473e-08   4.205560e-08   5.387550e-11   5.721054e-11   6.035272e-11   2.520733e-07   3.843325e-07   3.027775e-07   1.133900e-07   3.483849e-07   1.787588e-07   1.022066e-07   1.170155e-07   1.912610e-07   9.395580e-11   2.570338e-07   5.177013e-07   1.046397e-10   2.694207e-07   4.244690e-07   3.713022e-07   1.218956e-10   1.254944e-10   1.307329e-10   1.460060e-10   1.463062e-10   1.567024e-10   1.630267e-10   1.575629e-10   1.602432e-10   1.650417e-10   1.728683e-10   1.804644e-10   1.844823e-10
Ca44  7.391632e-07   8.470251e-07   1.137289e-06   1.177933e-06   1.034187e-06   1.475586e-06   1.401840e-06   8.517910e-10   9.045192e-10   9.541982e-10   4.519836e-06   4.806091e-06   3.656195e-06   3.682983e-06   2.532466e-06   3.862120e-06   4.327416e-06   4.308661e-06   4.989011e-06   1.485475e-09   4.205473e-06   5.157950e-06   1.654392e-09   5.306925e-06   5.630492e-06   6.906363e-06   1.927213e-09   1.984112e-09   2.066934e-09   2.308407e-09   2.313153e-09   2.477522e-09   2.577512e-09   2.491127e-09   2.533502e-09   2.609369e-09   2.733110e-09   2.853207e-09   2.916732e-09
Ca46  4.179195e-10   4.300318e-10   4.457143e-10   4.533370e-10   4.656066e-10   1.492829e-09   5.067208e-10   1.707600e-12   1.813305e-12   1.912897e-12   5.606118e-10   5.624971e-10   5.746101e-10   6.890810e-10   6.156340e-10   8.011051e-10   9.224069e-10   7.321601e-10   6.896774e-10   2.977957e-12   7.162725e-10   6.775286e-10   3.316588e-12   7.885308e-10   7.467282e-10   7.314375e-10   3.863517e-12   3.977583e-12   4.143618e-12   4.627703e-12   4.637217e-12   4.966731e-12   5.167181e-12   4.994003e-12   5.078955e-12   5.231046e-12   5.479112e-12   5.719872e-12   5.847221e-12
Ca48  2.024805e-08   2.076734e-08   2.132857e-08   2.181974e-08   2.244499e-08   2.319214e-08   2.350771e-08   8.330266e-11   8.845933e-11   9.331779e-11   2.614008e-08   2.652356e-08   2.703579e-08   2.766919e-08   2.799086e-08   2.863568e-08   2.911741e-08   2.969635e-08   3.038969e-08   1.452751e-10   3.107256e-08   3.152425e-08   1.617947e-10   3.253096e-08   3.303931e-08   3.365769e-08   1.884758e-10   1.940403e-10   2.021401e-10   2.257554e-10   2.262196e-10   2.422944e-10   2.520731e-10   2.436249e-10   2.477691e-10   2.551886e-10   2.672902e-10   2.790353e-10   2.852478e-10
Sc45  7.530821e-09   7.930943e-09   9.377210e-09   1.046091e-08   9.880394e-09   1.129491e-08   1.068669e-08   2.462297e-11   2.614720e-11   2.758328e-11   2.563147e-07   4.584387e-07   3.303031e-07   5.399446e-08   2.376744e-07   8.815643e-08   3.610579e-08   3.772171e-08   1.044930e-07   4.294105e-11   1.532440e-07   4.045101e-07   4.782399e-11   1.622924e-07   2.848854e-07   3.303405e-07   5.571051e-11   5.735529e-11   5.974947e-11   6.672979e-11   6.686698e-11   7.161844e-11   7.450887e-11   7.201171e-11   7.323668e-11   7.542977e-11   7.900680e-11   8.247847e-11   8.431480e-11
Ti46  4.849914e-08   4.836554e-08   6.127184e-08   6.229087e-08   5.983435e-08   7.117579e-08   6.611474e-08   1.512869e-10   1.606520e-10   1.694755e-10   8.498550e-06   7.508527e-06   4.496072e-06   1.105091e-06   2.277782e-06   1.026971e-06   7.078807e-07   6.817939e-07   2.352785e-06   2.638358e-10   1.518682e-06   5.083596e-06   2.938372e-10   1.631353e-06   3.337569e-06   4.345741e-06   3.422931e-10   3.523988e-10   3.671090e-10   4.099971e-10   4.108400e-10   4.400336e-10   4.577928e-10   4.424499e-10   4.499763e-10   4.634510e-10   4.854287e-10   5.067591e-10   5.180418e-10
Ti47  7.822516e-08   7.948388e-08   1.041993e-07   1.105376e-07   8.433478e-08   1.097867e-07   1.007343e-07   1.393604e-10   1.479872e-10   1.561151e-10   5.125465e-07   3.106635e-07   2.715633e-07   2.317351e-07   3.034776e-07   2.920585e-07   2.585986e-07   2.738250e-07   3.102505e-07   2.430366e-10   3.404145e-07   4.802441e-07   2.706729e-10   3.879083e-07   4.982458e-07   3.566190e-07   3.153088e-10   3.246179e-10   3.381684e-10   3.776754e-10   3.784519e-10   4.053441e-10   4.217033e-10   4.075699e-10   4.145030e-10   4.269154e-10   4.471606e-10   4.668094e-10   4.772026e-10
Ti48  2.684195e-06   3.129290e-06   5.027752e-06   4.600557e-06   4.411489e-06   6.638502e-06   6.083449e-06   1.410734e-09   1.498062e-09   1.580340e-09   1.331455e-05   8.769395e-06   8.493243e-06   1.661024e-05   7.894127e-06   1.798677e-05   2.115965e-05   2.053224e-05   2.061170e-05   2.460239e-09   1.850614e-05   1.679605e-05   2.739999e-09   2.481569e-05   2.479782e-05   2.614767e-05   3.191845e-09   3.286080e-09   3.423251e-09   3.823177e-09   3.831037e-09   4.103265e-09   4.268867e-09   4.125796e-09   4.195979e-09   4.321629e-09   4.526569e-09   4.725473e-09   4.830682e-09
Ti49  8.017670e-08   9.109396e-08   1.557773e-07   1.630935e-07   1.416427e-07   1.921040e-07   1.733070e-07   1.056673e-10   1.122084e-10   1.183712e-10   8.814459e-07   4.785305e-07   4.068371e-07   5.975119e-07   3.714594e-07   7.718390e-07   6.300018e-07   6.110445e-07   7.799741e-07   1.842777e-10   6.463859e-07   7.133877e-07   2.052324e-10   7.795487e-07   9.037349e-07   9.303639e-07   2.390767e-10   2.461351e-10   2.564095e-10   2.863649e-10   2.869537e-10   3.073442e-10   3.197482e-10   3.090318e-10   3.142887e-10   3.237002e-10   3.390506e-10   3.539490e-10   3.618294e-10
Ti50  2.525045e-08   2.591628e-08   2.671372e-08   2.730369e-08   2.815334e-08   2.945677e-08   2.958519e-08   1.033543e-10   1.097522e-10   1.157802e-10   3.404541e-08   3.406025e-08   3.479973e-08   3.699253e-08   3.634082e-08   3.835641e-08   3.947512e-08   4.056692e-08   4.287340e-08   1.802441e-10   4.140097e-08   4.206540e-08   2.007401e-10   4.424130e-08   4.477358e-08   4.845373e-08   2.338436e-10   2.407475e-10   2.507970e-10   2.800967e-10   2.806726e-10   3.006167e-10   3.127492e-10   3.022675e-10   3.074093e-10   3.166147e-10   3.316292e-10   3.462014e-10   3.539094e-10
V50   2.107663e-10   2.141465e-10   2.929799e-10   2.567715e-10   3.117870e-10   3.089114e-10   3.549192e-10   5.571024e-13   5.915885e-13   6.240804e-13   1.145604e-08   4.524579e-09   3.086791e-09   1.977941e-09   7.892640e-09   1.721309e-09   1.276018e-09   1.688432e-09   3.996712e-09   9.715548e-13   8.404050e-09   9.902563e-09   1.082033e-12   8.770306e-09   9.470323e-09   3.057806e-09   1.260468e-12   1.297681e-12   1.351850e-12   1.509782e-12   1.512886e-12   1.620390e-12   1.685787e-12   1.629287e-12   1.657003e-12   1.706622e-12   1.787554e-12   1.866101e-12   1.907649e-12
V51   2.411113e-07   2.514096e-07   4.788726e-07   3.841840e-07   4.615567e-07   5.019721e-07   4.490363e-07   2.269931e-10   2.410446e-10   2.542835e-10   2.512829e-06   1.377465e-06   1.054020e-06   1.508869e-06   9.122504e-07   1.602590e-06   1.504794e-06   1.718554e-06   2.230966e-06   3.958630e-10   1.541521e-06   1.672028e-06   4.408776e-10   1.827895e-06   2.005061e-06   2.410863e-06   5.135815e-10   5.287443e-10   5.508156e-10   6.151655e-10   6.164303e-10   6.602328e-10   6.868789e-10   6.638582e-10   6.751509e-10   6.953685e-10   7.283443e-10   7.603487e-10   7.772774e-10
Cr50  1.967322e-07   2.108465e-07   3.401161e-07   2.986265e-07   3.287203e-07   4.424278e-07   3.601706e-07   4.624799e-10   4.911087e-10   5.180819e-10   1.843556e-05   6.349491e-06   3.344197e-06   3.085030e-06   1.491627e-06   2.848475e-06   2.515235e-06   2.739053e-06   6.419536e-06   8.065386e-10   1.924881e-06   2.949741e-06   8.982521e-10   2.260188e-06   2.719298e-06   4.131604e-06   1.046380e-09   1.077273e-09   1.122242e-09   1.253350e-09   1.255926e-09   1.345170e-09   1.399460e-09   1.352557e-09   1.375565e-09   1.416757e-09   1.483942e-09   1.549148e-09   1.583639e-09
Cr52  1.953120e-05   2.065254e-05   4.653267e-05   3.185586e-05   4.293669e-05   5.766766e-05   4.791713e-05   9.274228e-09   9.848328e-09   1.038923e-08   1.200948e-04   7.206359e-05   6.393521e-05   1.516715e-04   6.478476e-05   1.571810e-04   1.884677e-04   1.920570e-04   1.834327e-04   1.617373e-08   1.649158e-04   1.458719e-04   1.801288e-08   2.251420e-04   2.235435e-04   2.530268e-04   2.098334e-08   2.160284e-08   2.250461e-08   2.513374e-08   2.518541e-08   2.697505e-08   2.806373e-08   2.712317e-08   2.758456e-08   2.841059e-08   2.975787e-08   3.106547e-08   3.175713e-08
Cr53  1.274538e-06   1.360469e-06   2.832211e-06   2.070715e-06   2.582447e-06   3.416157e-06   2.869368e-06   1.071821e-09   1.138170e-09   1.200682e-09   9.587093e-06   5.592953e-06   4.821618e-06   1.015500e-05   4.399669e-06   1.025586e-05   1.158405e-05   1.171422e-05   1.390572e-05   1.869195e-09   1.027573e-05   9.238448e-06   2.081746e-09   1.316666e-05   1.338929e-05   1.535186e-05   2.425041e-09   2.496637e-09   2.600854e-09   2.904702e-09   2.910674e-09   3.117502e-09   3.243320e-09   3.134621e-09   3.187943e-09   3.283407e-09   3.439112e-09   3.590232e-09   3.670166e-09
Cr54  7.648479e-08   8.038717e-08   9.443230e-08   8.627737e-08   1.017186e-07   9.983205e-08   1.025144e-07   2.718066e-10   2.886322e-10   3.044847e-10   3.451921e-07   1.979877e-07   1.772101e-07   2.210449e-07   1.635361e-07   2.040134e-07   2.050096e-07   2.272755e-07   3.575297e-07   4.740152e-10   2.102611e-07   2.272799e-07   5.279167e-10   2.252956e-07   2.409911e-07   2.670591e-07   6.149739e-10   6.331302e-10   6.595589e-10   7.366129e-10   7.381273e-10   7.905775e-10   8.224841e-10   7.949186e-10   8.084408e-10   8.326498e-10   8.721357e-10   9.104585e-10   9.307293e-10
Mn55  7.179397e-06   7.937615e-06   1.526167e-05   9.655494e-06   1.408604e-05   1.497996e-05   1.279892e-05   8.108598e-09   8.610543e-09   9.083460e-09   5.031355e-05   2.509722e-05   2.207559e-05   4.203895e-05   1.954610e-05   3.908953e-05   4.423507e-05   5.376208e-05   6.011410e-05   1.414093e-08   4.202221e-05   3.804888e-05   1.574893e-08   4.871764e-05   5.064745e-05   5.477325e-05   1.834605e-08   1.888769e-08   1.967612e-08   2.197481e-08   2.201999e-08   2.358469e-08   2.453654e-08   2.371420e-08   2.411760e-08   2.483980e-08   2.601776e-08   2.716101e-08   2.776574e-08
Fe54  1.788878e-05   1.992567e-05   3.372734e-05   2.509275e-05   3.210000e-05   4.153170e-05   3.323727e-05   4.464391e-08   4.740749e-08   5.001126e-08   2.832104e-04   1.038118e-04   8.234870e-05   1.720261e-04   6.349910e-05   1.655799e-04   1.773616e-04   1.811198e-04   2.936289e-04   7.785643e-08   1.368620e-04   1.187718e-04   8.670969e-08   1.556919e-04   1.553243e-04   1.512113e-04   1.010087e-07   1.039909e-07   1.083318e-07   1.209878e-07   1.212365e-07   1.298514e-07   1.350921e-07   1.305644e-07   1.327854e-07   1.367617e-07   1.432473e-07   1.495417e-07   1.528712e-07
Fe56  1.715460e-03   2.028406e-03   4.562912e-03   3.158201e-03   3.979208e-03   5.327207e-03   4.802909e-03   7.267383e-07   7.717254e-07   8.141110e-07   8.689139e-03   4.985631e-03   4.840632e-03   1.129655e-02   4.625128e-03   1.280359e-02   1.482332e-02   1.634157e-02   1.482524e-02   1.267390e-06   1.204256e-02   9.976323e-03   1.411508e-06   1.605932e-02   1.498501e-02   1.560957e-02   1.644276e-06   1.692821e-06   1.763485e-06   1.969506e-06   1.973556e-06   2.113793e-06   2.199103e-06   2.125401e-06   2.161555e-06   2.226284e-06   2.331858e-06   2.434323e-06   2.488522e-06
Fe57  6.217208e-05   7.727082e-05   1.398700e-04   1.022509e-04   1.327235e-04   1.580153e-04   1.544063e-04   1.708456e-08   1.814214e-08   1.913856e-08   2.463564e-04   1.546014e-04   1.461016e-04   3.130354e-04   1.422596e-04   3.313974e-04   3.937248e-04   4.623341e-04   4.338947e-04   2.979449e-08   3.240756e-04   2.712738e-04   3.318250e-08   4.241056e-04   3.817583e-04   4.006261e-04   3.865453e-08   3.979576e-08   4.145695e-08   4.630022e-08   4.639541e-08   4.969219e-08   5.169770e-08   4.996506e-08   5.081500e-08   5.233667e-08   5.481858e-08   5.722738e-08   5.850151e-08
Fe58  1.699366e-06   2.512316e-06   1.945604e-06   1.927042e-06   3.723536e-06   1.432800e-06   4.442675e-06   2.312560e-09   2.455714e-09   2.590590e-09   1.334744e-06   1.254837e-06   1.285844e-06   1.608360e-06   2.448217e-06   2.160783e-06   1.822596e-06   2.021998e-06   4.317280e-06   4.032973e-09   1.770616e-06   2.270905e-06   4.491573e-09   2.516693e-06   2.841968e-06   3.703564e-06   5.232266e-09   5.386742e-09   5.611600e-09   6.267183e-09   6.280068e-09   6.726320e-09   6.997786e-09   6.763255e-09   6.878303e-09   7.084276e-09   7.420226e-09   7.746281e-09   7.918747e-09
Co59  3.715298e-06   4.291152e-06   7.736879e-06   4.452504e-06   7.472130e-06   5.504834e-06   6.980205e-06   2.165123e-09   2.299150e-09   2.425427e-09   1.550813e-05   7.899128e-06   8.629057e-06   1.301617e-05   7.206352e-06   1.773619e-05   1.477438e-05   1.599887e-05   1.745871e-05   3.775851e-09   1.227859e-05   1.317320e-05   4.205213e-09   1.345472e-05   1.856415e-05   1.072484e-05   4.898683e-09   5.043310e-09   5.253832e-09   5.867619e-09   5.879683e-09   6.297484e-09   6.551642e-09   6.332064e-09   6.439777e-09   6.632618e-09   6.947150e-09   7.252417e-09   7.413888e-09
Ni58  9.096606e-05   1.262857e-04   1.249693e-04   9.647306e-05   2.205861e-04   7.457451e-05   2.147549e-04   3.115226e-08   3.308067e-08   3.489756e-08   1.188702e-04   6.351598e-05   5.131896e-05   7.842198e-05   9.444033e-05   1.005644e-04   6.541639e-05   1.145545e-04   2.320960e-04   5.432776e-08   7.569728e-05   7.492062e-05   6.050551e-08   7.504503e-05   9.425724e-05   9.762373e-05   7.048330e-08   7.256423e-08   7.559327e-08   8.442457e-08   8.459814e-08   9.060955e-08   9.426643e-08   9.110710e-08   9.265689e-08   9.543153e-08   9.995708e-08   1.043493e-07   1.066726e-07
Ni60  4.781769e-05   6.155448e-05   1.220562e-04   9.816332e-05   1.018034e-04   1.453120e-04   1.379218e-04   1.241310e-08   1.318150e-08   1.390547e-08   2.237594e-04   1.363607e-04   1.355985e-04   3.050795e-04   1.256502e-04   3.563561e-04   4.066887e-04   4.325545e-04   4.008641e-04   2.164773e-08   3.117573e-04   2.728224e-04   2.410935e-08   4.269544e-04   4.010160e-04   3.998703e-04   2.808516e-08   2.891434e-08   3.012130e-08   3.364027e-08   3.370943e-08   3.610477e-08   3.756191e-08   3.630303e-08   3.692057e-08   3.802617e-08   3.982944e-08   4.157960e-08   4.250535e-08
Ni61  3.007190e-06   3.995765e-06   5.953286e-06   4.659064e-06   6.157505e-06   5.978963e-06   7.585897e-06   5.485947e-10   5.825542e-10   6.145499e-10   9.059436e-06   5.723053e-06   5.493859e-06   1.155420e-05   5.760356e-06   1.197994e-05   1.399283e-05   1.621876e-05   1.623679e-05   9.567179e-10   1.168859e-05   1.044486e-05   1.065509e-09   1.531581e-05   1.423207e-05   1.430088e-05   1.241219e-09   1.277864e-09   1.331206e-09   1.486726e-09   1.489783e-09   1.595644e-09   1.660042e-09   1.604406e-09   1.631698e-09   1.680560e-09   1.760255e-09   1.837603e-09   1.878516e-09
Ni62  1.848153e-05   2.475168e-05   2.868986e-05   2.184225e-05   3.937077e-05   2.295958e-05   4.093312e-05   1.777789e-09   1.887839e-09   1.991525e-09   3.482799e-05   2.066579e-05   1.821612e-05   3.813514e-05   2.432591e-05   4.049969e-05   4.015824e-05   5.673731e-05   6.335001e-05   3.100363e-09   3.675950e-05   3.211321e-05   3.452913e-09   4.312245e-05   4.051392e-05   3.786997e-05   4.022324e-09   4.141078e-09   4.313938e-09   4.817920e-09   4.827826e-09   5.170884e-09   5.379574e-09   5.199278e-09   5.287721e-09   5.446063e-09   5.704326e-09   5.954982e-09   6.087566e-09
Ni64  1.142370e-07   1.172798e-07   1.208517e-07   1.235295e-07   1.273348e-07   1.338492e-07   1.343019e-07   4.673695e-10   4.963010e-10   5.235593e-10   1.553106e-07   1.542602e-07   1.574746e-07   1.669956e-07   1.638960e-07   1.748556e-07   1.821685e-07   1.820482e-07   1.934947e-07   8.150658e-10   1.863635e-07   1.896922e-07   9.077490e-10   1.982252e-07   2.012884e-07   2.183814e-07   1.057443e-09   1.088663e-09   1.134107e-09   1.266601e-09   1.269205e-09   1.359392e-09   1.414256e-09   1.366857e-09   1.390108e-09   1.431735e-09   1.499631e-09   1.565527e-09   1.600382e-09
Cu63  5.707269e-07   7.097949e-07   7.654503e-07   8.122040e-07   8.877860e-07   6.732308e-07   1.160507e-06   3.780667e-10   4.014700e-10   4.235200e-10   1.423718e-06   9.790517e-07   9.193302e-07   1.426471e-06   1.044297e-06   2.036772e-06   2.375027e-06   1.832571e-06   2.703607e-06   6.593267e-10   1.802535e-06   1.778901e-06   7.343005e-10   2.925191e-06   2.983597e-06   3.962052e-06   8.553919e-10   8.806462e-10   9.174070e-10   1.024584e-09   1.026691e-09   1.099646e-09   1.144026e-09   1.105684e-09   1.124493e-09   1.158166e-09   1.213088e-09   1.266393e-09   1.294589e-09
Cu65  1.094115e-07   1.349299e-07   1.382107e-07   1.351624e-07   1.630458e-07   1.226069e-07   1.988318e-07   1.738274e-10   1.845878e-10   1.947260e-10   1.633861e-07   1.338895e-07   1.317658e-07   1.900850e-07   1.615469e-07   2.091047e-07   2.255993e-07   2.418334e-07   3.001620e-07   3.031452e-10   2.105363e-07   2.137271e-07   3.376166e-10   2.766068e-07   2.835803e-07   3.194187e-07   3.932920e-10   4.049034e-10   4.218052e-10   4.710833e-10   4.720518e-10   5.055951e-10   5.260002e-10   5.083713e-10   5.170191e-10   5.325014e-10   5.577536e-10   5.822621e-10   5.952258e-10
Zn64  9.444760e-07   1.210589e-06   1.639905e-06   2.875942e-06   1.070843e-06   1.893537e-06   1.953338e-06   6.429771e-10   6.827792e-10   7.202795e-10   2.935557e-06   2.629309e-06   2.927297e-06   4.843033e-06   2.874965e-06   7.529972e-06   9.454373e-06   5.219338e-06   7.356721e-06   1.121315e-09   5.214367e-06   6.236456e-06   1.248823e-09   9.806068e-06   1.177578e-05   1.366399e-05   1.454763e-09   1.497713e-09   1.560232e-09   1.742508e-09   1.746091e-09   1.870165e-09   1.945643e-09   1.880435e-09   1.912422e-09   1.969690e-09   2.063097e-09   2.153752e-09   2.201704e-09
Zn66  5.250078e-07   6.688156e-07   7.471747e-07   6.301898e-07   9.144203e-07   6.335930e-07   1.038807e-06   3.739462e-10   3.970945e-10   4.189041e-10   9.615511e-07   6.613384e-07   6.130182e-07   1.106222e-06   7.357902e-07   1.138444e-06   1.257363e-06   1.512220e-06   1.714529e-06   6.521408e-10   1.104517e-06   1.014325e-06   7.262974e-10   1.370306e-06   1.335258e-06   1.338702e-06   8.460691e-10   8.710482e-10   9.074083e-10   1.013418e-09   1.015501e-09   1.087661e-09   1.131558e-09   1.093634e-09   1.112237e-09   1.145543e-09   1.199867e-09   1.252591e-09   1.280479e-09
Zn67  1.823135e-08   1.973349e-08   1.821763e-08   2.301420e-08   2.247648e-08   1.785736e-08   2.924471e-08   5.530790e-11   5.873161e-11   6.195733e-11   2.507190e-08   2.125419e-08   2.137703e-08   2.423032e-08   2.718616e-08   2.912783e-08   2.576206e-08   2.419951e-08   4.417196e-08   9.645383e-11   2.668914e-08   2.632331e-08   1.074218e-10   2.808508e-08   3.102350e-08   3.479912e-08   1.251365e-10   1.288310e-10   1.342087e-10   1.498879e-10   1.501960e-10   1.608687e-10   1.673612e-10   1.617521e-10   1.645036e-10   1.694297e-10   1.774644e-10   1.852624e-10   1.893872e-10
Zn68  6.393965e-08   6.672055e-08   7.343029e-08   8.603253e-08   7.282419e-08   7.333976e-08   8.674227e-08   2.563173e-10   2.721840e-10   2.871332e-10   9.987144e-08   8.733194e-08   9.659159e-08   1.001808e-07   9.952797e-08   1.412436e-07   1.175700e-07   9.849819e-08   1.352860e-07   4.470027e-10   1.116098e-07   1.308292e-07   4.978326e-10   1.338937e-07   1.656090e-07   1.483827e-07   5.799287e-10   5.970504e-10   6.219730e-10   6.946359e-10   6.960641e-10   7.455253e-10   7.756137e-10   7.496190e-10   7.623706e-10   7.852000e-10   8.224357e-10   8.585747e-10   8.776903e-10
Zn70  2.125313e-09   2.182387e-09   2.246549e-09   2.293587e-09   2.360722e-09   2.561669e-09   2.507249e-09   8.733416e-12   9.274038e-12   9.783397e-12   2.734205e-09   2.772006e-09   2.826053e-09   3.056576e-09   2.928334e-09   3.300635e-09   3.471098e-09   3.258583e-09   3.207895e-09   1.523058e-11   3.282789e-09   3.298802e-09   1.696249e-11   3.495822e-09   3.492695e-09   3.519136e-09   1.975972e-11   2.034310e-11   2.119229e-11   2.366811e-11   2.371677e-11   2.540204e-11   2.642723e-11   2.554153e-11   2.597601e-11   2.675387e-11   2.802259e-11   2.925394e-11   2.990526e-11
Ga69  6.283629e-09   6.570128e-09   6.714530e-09   7.138712e-09   7.050492e-09   7.389438e-09   7.845424e-09   2.431783e-11   2.582318e-11   2.724146e-11   8.692927e-09   8.650745e-09   8.906703e-09   9.678060e-09   9.365292e-09   1.047016e-08   1.080044e-08   1.070851e-08   1.162050e-08   4.240892e-11   1.107715e-08   1.164953e-08   4.723134e-11   1.253005e-08   1.295418e-08   1.327671e-08   5.502013e-11   5.664453e-11   5.900904e-11   6.590286e-11   6.603835e-11   7.073093e-11   7.358554e-11   7.111932e-11   7.232911e-11   7.449503e-11   7.802773e-11   8.145638e-11   8.326995e-11
Ga71  4.096904e-09   4.218383e-09   4.314500e-09   4.482724e-09   4.579796e-09   4.714885e-09   4.933135e-09   1.660724e-11   1.763527e-11   1.860385e-11   5.413655e-09   5.411267e-09   5.519437e-09   5.775751e-09   5.809189e-09   6.093525e-09   6.187700e-09   6.283325e-09   6.897071e-09   2.896207e-11   6.461425e-09   6.613323e-09   3.225543e-11   6.849595e-09   6.988544e-09   7.489458e-09   3.757458e-11   3.868392e-11   4.029870e-11   4.500665e-11   4.509918e-11   4.830386e-11   5.025334e-11   4.856910e-11   4.939530e-11   5.087446e-11   5.328702e-11   5.562853e-11   5.686706e-11
Ge70  7.998753e-09   8.528200e-09   8.600067e-09   8.786560e-09   9.300639e-09   8.862607e-09   1.004757e-08   2.802060e-11   2.975515e-11   3.138940e-11   1.063707e-08   1.082935e-08   1.092771e-08   1.147693e-08   1.140664e-08   1.194743e-08   1.224128e-08   1.308147e-08   1.413393e-08   4.886633e-11   1.343579e-08   1.445614e-08   5.442304e-11   1.492166e-08   1.589696e-08   1.590584e-08   6.339780e-11   6.526953e-11   6.799407e-11   7.593758e-11   7.609371e-11   8.150080e-11   8.479007e-11   8.194834e-11   8.334234e-11   8.583805e-11   8.990865e-11   9.385936e-11   9.594908e-11
Ge72  9.420181e-09   9.714066e-09   9.930211e-09   1.032109e-08   1.051706e-08   1.078669e-08   1.145117e-08   3.853777e-11   4.092336e-11   4.317100e-11   1.224959e-08   1.248700e-08   1.275098e-08   1.300780e-08   1.335446e-08   1.357534e-08   1.377596e-08   1.402380e-08   1.513439e-08   6.720767e-11   1.488656e-08   1.527743e-08   7.485003e-11   1.573668e-08   1.614647e-08   1.653880e-08   8.719334e-11   8.976761e-11   9.351477e-11   1.044398e-10   1.046545e-10   1.120911e-10   1.166149e-10   1.127066e-10   1.146238e-10   1.180562e-10   1.236547e-10   1.290883e-10   1.319623e-10
Ge73  2.693450e-09   2.765628e-09   2.842199e-09   2.910817e-09   2.995721e-09   3.106868e-09   3.153871e-09   1.104776e-11   1.173165e-11   1.237599e-11   3.518855e-09   3.546564e-09   3.619879e-09   3.781754e-09   3.753851e-09   3.995793e-09   4.005820e-09   4.103340e-09   4.271131e-09   1.926667e-11   4.197345e-09   4.258042e-09   2.145753e-11   4.434377e-09   4.499458e-09   4.698646e-09   2.499603e-11   2.573400e-11   2.680822e-11   2.994013e-11   3.000168e-11   3.213355e-11   3.343042e-11   3.231000e-11   3.285962e-11   3.384361e-11   3.544854e-11   3.700620e-11   3.783012e-11
Ge74  1.281813e-08   1.314735e-08   1.350646e-08   1.381736e-08   1.421533e-08   1.468012e-08   1.488843e-08   5.270849e-11   5.597129e-11   5.904541e-11   1.661293e-08   1.684995e-08   1.718269e-08   1.761499e-08   1.781716e-08   1.818310e-08   1.850067e-08   1.896592e-08   1.950968e-08   9.192061e-11   1.982569e-08   2.016442e-08   1.023731e-10   2.079950e-08   2.113856e-08   2.160738e-08   1.192552e-10   1.227761e-10   1.279011e-10   1.428433e-10   1.431370e-10   1.533081e-10   1.594954e-10   1.541499e-10   1.567721e-10   1.614667e-10   1.691238e-10   1.765553e-10   1.804862e-10
