# Cinquegrana, Heger & Karakas 2025
M      10.5   10.8   11.0   11.3   11.5   11.8   12.0   12.3   12.5   12.8   13.0   13.3   13.5   13.8   14.0   14.3   14.5   14.8   15.0   15.3   15.5   15.8   16.0   16.3   16.5   16.8   17.0   17.3   17.5   17.8   18.0   18.3   18.5   18.8   19.0   19.3   19.5   19.8   20.0
E      1.0   1.0   1.0   1.0   1.0   1.0   1.0   1.0   1.0   1.0   1.0   1.0   1.0   1.0   1.0   1.0   1.0   1.0   1.0   1.0   1.0   1.0   1.0   1.0   1.0   1.0   1.0   1.0   1.0   1.0   1.0   1.0   1.0   1.0   1.0   1.0   1.0   1.0   1.0
Mrem   1.582   1.534   1.552   1.632   1.654   1.544   1.575   1.634   12.417   1.695   12.906   1.462   1.471   1.519   1.561   1.581   1.622   14.620   14.868   1.495   1.528   1.678   1.504   1.755   1.702   1.615   1.580   17.067   17.310   17.558   17.795   18.030   18.269   18.497   18.697   19.010   19.230   19.481   19.727
H1    6.421905e+00   6.529814e+00   6.661867e+00   6.827840e+00   6.955620e+00   7.081481e+00   7.265392e+00   7.415777e+00   6.265878e-02   7.646473e+00   7.020811e-02   7.624725e+00   7.733135e+00   7.863992e+00   7.992597e+00   8.122097e+00   8.269270e+00   9.736494e-02   9.882625e-02   8.331228e+00   8.439875e+00   8.703219e+00   8.281233e+00   8.822605e+00   8.964684e+00   8.923216e+00   8.600778e+00   1.374138e-01   1.425929e-01   1.442082e-01   1.536387e-01   1.654683e-01   1.731928e-01   1.900895e-01   2.270515e-01   1.803572e-01   2.029059e-01   2.021354e-01   2.051582e-01
H2    4.443490e-08   4.670083e-08   4.848633e-08   4.997543e-08   5.172910e-08   5.458413e-08   5.577195e-08   5.857452e-08   4.067906e-08   6.083211e-08   4.311830e-08   6.407470e-08   6.576465e-08   6.595978e-08   6.598617e-08   6.759163e-08   6.971153e-08   5.180440e-08   5.309221e-08   7.150579e-08   7.344127e-08   7.587621e-08   7.867099e-08   7.813340e-08   8.002825e-08   8.300933e-08   8.581186e-08   6.509985e-08   6.643962e-08   6.768334e-08   6.912505e-08   7.047800e-08   7.192994e-08   7.346082e-08   7.480192e-08   7.626372e-08   7.773553e-08   7.914877e-08   8.072381e-08
He3   3.469290e-04   3.484919e-04   3.518399e-04   3.569246e-04   3.603154e-04   3.639938e-04   3.703595e-04   3.751434e-04   6.289634e-06   3.809915e-04   7.068001e-06   3.743376e-04   3.770912e-04   3.815517e-04   3.850562e-04   3.891793e-04   3.941974e-04   9.900815e-06   1.006309e-05   3.908700e-04   3.938222e-04   4.043466e-04   3.830819e-04   4.066211e-04   4.112778e-04   4.077129e-04   3.926917e-04   1.414652e-05   1.468802e-05   1.488887e-05   1.586454e-05   1.710329e-05   1.789988e-05   1.964657e-05   2.329552e-05   1.870228e-05   2.100941e-05   2.098003e-05   2.129098e-05
He4   2.444863e+00   2.576533e+00   2.660001e+00   2.715624e+00   2.805945e+00   2.949117e+00   3.033926e+00   3.105259e+00   2.075541e-02   3.264509e+00   2.326282e-02   3.870514e+00   3.973894e+00   4.051647e+00   4.136275e+00   4.231056e+00   4.301344e+00   3.226138e-02   3.274576e-02   4.785075e+00   4.867612e+00   4.879104e+00   4.913771e+00   5.012667e+00   5.219945e+00   5.383966e+00   5.272941e+00   4.549225e-02   4.721537e-02   4.771077e-02   5.083268e-02   5.475110e-02   5.732165e-02   6.292311e-02   7.519664e-02   5.962667e-02   6.713312e-02   6.682783e-02   6.783110e-02
Li6   1.658288e-12   1.718187e-12   1.769129e-12   1.828909e-12   1.884762e-12   1.856084e-12   2.060336e-12   1.941499e-12   1.455466e-12   2.159120e-12   1.504586e-12   1.932825e-12   1.975459e-12   2.027970e-12   2.197441e-12   2.237931e-12   2.531889e-12   1.669412e-12   1.692353e-12   2.115584e-12   2.174176e-12   2.300384e-12   2.057898e-12   2.397049e-12   2.398973e-12   2.293664e-12   2.177612e-12   1.896672e-12   1.916364e-12   1.942481e-12   1.962657e-12   1.981048e-12   2.001981e-12   2.026495e-12   2.046516e-12   2.071046e-12   2.093140e-12   2.110591e-12   2.133971e-12
Li7   2.245696e-08   3.385565e-08   3.833389e-08   3.540371e-08   3.928344e-08   5.427171e-08   5.119443e-08   5.345055e-08   2.339188e-10   5.299569e-08   2.538007e-10   9.160130e-08   9.295335e-08   9.041827e-08   9.179162e-08   8.736816e-08   7.779701e-08   3.062907e-10   3.108098e-10   1.112973e-07   1.141699e-07   1.001680e-07   1.357075e-07   9.989533e-08   1.046235e-07   1.339612e-07   1.545185e-07   3.543678e-10   3.584478e-10   3.626679e-10   3.665034e-10   3.706543e-10   3.740136e-10   3.783923e-10   3.818107e-10   3.857075e-10   3.901392e-10   3.931230e-10   3.973425e-10
Be9   1.781737e-12   1.945559e-12   2.013613e-12   2.022518e-12   2.109990e-12   2.169372e-12   2.381036e-12   2.185697e-12   6.083342e-13   2.382795e-12   6.843286e-13   2.165623e-12   2.211481e-12   2.269793e-12   3.326503e-12   3.373074e-12   4.263359e-12   9.585709e-13   9.772227e-13   2.499577e-12   2.399319e-12   2.603203e-12   2.185344e-12   2.910932e-12   2.764782e-12   2.489732e-12   2.426475e-12   1.349002e-12   1.389243e-12   1.413361e-12   1.484729e-12   1.565958e-12   1.611417e-12   1.695746e-12   1.781357e-12   1.668416e-12   1.780304e-12   1.790459e-12   1.811359e-12
B10   3.785460e-11   3.945730e-11   4.059895e-11   4.125270e-11   4.235074e-11   4.444842e-11   4.541899e-11   4.598642e-11   3.820676e-12   4.724178e-11   4.302064e-12   5.246538e-11   5.263566e-11   5.294381e-11   5.281005e-11   5.316885e-11   5.488314e-11   6.065433e-12   6.180278e-12   5.637947e-11   5.910435e-11   5.559574e-11   5.320366e-11   5.748448e-11   5.702827e-11   5.810980e-11   5.310008e-11   8.755316e-12   9.109135e-12   9.239448e-12   9.844905e-12   1.062102e-11   1.112324e-11   1.216917e-11   1.417107e-11   1.165229e-11   1.306413e-11   1.307074e-11   1.329268e-11
B11   1.525715e-08   2.561406e-08   2.963419e-08   2.726331e-08   3.307352e-08   3.241566e-08   5.177320e-08   2.670701e-08   1.696865e-11   4.682224e-08   1.909864e-11   1.256528e-07   1.460549e-07   1.792755e-07   1.590624e-07   1.615837e-07   2.446548e-07   2.694031e-11   2.746012e-11   2.613238e-07   3.383962e-07   2.464470e-07   2.413043e-07   2.644627e-07   2.754620e-07   2.696434e-07   2.279279e-07   3.890860e-11   4.050087e-11   4.108464e-11   4.375306e-11   4.722332e-11   4.943572e-11   5.408610e-11   6.279541e-11   5.182133e-11   5.805679e-11   5.808488e-11   5.909226e-11
C12   4.315853e-03   6.661880e-03   7.625756e-03   7.127870e-03   8.504683e-03   1.098483e-02   1.183895e-02   1.094309e-02   1.213269e-05   1.256138e-02   1.363731e-05   4.741057e-02   5.225365e-02   5.395938e-02   5.500128e-02   5.647504e-02   6.311816e-02   1.910625e-05   1.942203e-05   9.708457e-02   1.076626e-01   8.140887e-02   1.088466e-01   8.349394e-02   9.719163e-02   1.180167e-01   1.276648e-01   2.728185e-05   2.831655e-05   2.870365e-05   3.058099e-05   3.295023e-05   3.447919e-05   3.784386e-05   4.497966e-05   3.601583e-05   4.045994e-05   4.038187e-05   4.098283e-05
C13   3.903038e-05   3.993380e-05   4.091841e-05   4.196205e-05   4.292935e-05   4.400547e-05   4.530605e-05   4.628912e-05   1.667353e-07   4.795837e-05   1.856925e-07   5.101756e-05   5.172114e-05   5.327550e-05   5.216332e-05   5.316387e-05   5.454848e-05   2.504816e-07   2.528069e-07   5.636232e-05   5.952244e-05   5.909983e-05   6.019749e-05   5.954296e-05   6.116583e-05   6.301548e-05   6.184889e-05   3.378442e-07   3.488340e-07   3.500386e-07   3.728778e-07   3.996786e-07   4.171113e-07   4.613308e-07   5.866217e-07   4.279994e-07   4.858354e-07   4.770520e-07   4.833518e-07
N14   1.502064e-03   1.583839e-03   1.636355e-03   1.679018e-03   1.733230e-03   1.815034e-03   1.877051e-03   1.925449e-03   4.103849e-06   2.030554e-03   4.548603e-06   2.279621e-03   2.319238e-03   2.363472e-03   2.422241e-03   2.479273e-03   2.521579e-03   6.060595e-06   6.115997e-06   2.680764e-03   2.743998e-03   2.799380e-03   2.741436e-03   2.907692e-03   2.977176e-03   3.024908e-03   2.894779e-03   8.128693e-06   8.437373e-06   8.415459e-06   8.966109e-06   9.643106e-06   1.011913e-05   1.110715e-05   1.352736e-05   1.034732e-05   1.175560e-05   1.157956e-05   1.176079e-05
N15   8.169521e-07   1.083149e-06   1.209908e-06   1.157744e-06   1.252500e-06   1.787233e-06   1.661076e-06   1.797991e-06   8.171194e-09   1.784502e-06   9.190320e-09   5.218633e-06   5.947608e-06   6.362356e-06   6.871654e-06   6.751076e-06   5.458010e-06   1.291067e-08   1.313107e-08   1.302560e-05   1.217571e-05   8.941049e-06   1.283175e-05   1.007037e-05   1.055544e-05   1.494368e-05   1.583151e-05   1.851267e-08   1.922886e-08   1.949794e-08   2.077300e-08   2.239883e-08   2.344076e-08   2.571077e-08   3.036065e-08   2.451634e-08   2.751586e-08   2.750029e-08   2.791424e-08
O16   1.251353e-02   1.808959e-02   2.104058e-02   2.044230e-02   2.359242e-02   3.441196e-02   3.327995e-02   3.564236e-02   3.060696e-05   3.691984e-02   3.430072e-05   1.567378e-01   1.775171e-01   1.833666e-01   1.806420e-01   1.851682e-01   1.753236e-01   4.760459e-05   4.832336e-05   4.050602e-01   4.139767e-01   3.149100e-01   5.278151e-01   3.069623e-01   4.031103e-01   5.625850e-01   6.852995e-01   6.724632e-05   6.977700e-05   7.059240e-05   7.520932e-05   8.100114e-05   8.477579e-05   9.304588e-05   1.111176e-04   8.832008e-05   9.933603e-05   9.898562e-05   1.004640e-04
O17   1.725167e-05   1.675541e-05   1.656241e-05   1.642747e-05   1.620099e-05   1.620684e-05   1.565971e-05   1.573439e-05   1.773887e-08   1.539662e-05   1.873371e-08   1.401913e-05   1.399017e-05   1.380697e-05   1.472433e-05   1.414782e-05   1.404645e-05   2.171032e-08   2.138381e-08   1.455937e-05   1.400540e-05   1.244936e-05   1.166028e-05   1.241082e-05   1.240922e-05   1.206310e-05   1.146407e-05   2.658120e-08   2.756605e-08   2.732138e-08   2.910317e-08   3.119798e-08   3.276388e-08   3.587949e-08   4.371702e-08   3.342097e-08   3.796018e-08   3.738605e-08   3.797580e-08
O18   5.754996e-06   6.967421e-06   7.488299e-06   7.326220e-06   7.948067e-06   9.393715e-06   9.434448e-06   9.424334e-06   6.352257e-08   9.556459e-06   7.135641e-08   5.130841e-05   6.843002e-05   7.107507e-05   5.900472e-05   5.973169e-05   5.250881e-05   9.978523e-08   1.014117e-07   9.808544e-05   9.740675e-05   5.679684e-05   1.068786e-04   6.192529e-05   5.168742e-05   6.487891e-05   6.914181e-05   1.421320e-07   1.474958e-07   1.494402e-07   1.592212e-07   1.715276e-07   1.794890e-07   1.970272e-07   2.346692e-07   1.873382e-07   2.105299e-07   2.100120e-07   2.131287e-07
F19   3.428706e-07   3.936186e-07   4.210778e-07   4.377831e-07   4.298111e-07   7.512896e-07   4.698789e-07   8.106757e-07   2.772862e-09   6.088485e-07   3.108672e-09   4.123284e-07   4.255392e-07   6.158855e-07   1.890404e-06   1.914000e-06   9.020451e-07   4.319733e-09   4.385817e-09   4.872855e-06   1.880704e-06   6.784349e-07   6.805797e-07   3.141855e-06   7.383320e-07   6.751677e-07   7.879728e-07   6.107505e-09   6.337289e-09   6.412380e-09   6.831735e-09   7.357922e-09   7.700552e-09   8.451777e-09   1.009252e-08   8.023996e-09   9.023794e-09   8.993000e-09   9.127255e-09
Ne20  2.479523e-03   3.343639e-03   3.819648e-03   3.713963e-03   4.177586e-03   6.324689e-03   4.794439e-03   6.497274e-03   9.420135e-06   5.916419e-03   1.055544e-05   5.347266e-03   5.542007e-03   1.071296e-02   2.796681e-02   2.949161e-02   2.084709e-02   1.463861e-05   1.485837e-05   7.149469e-02   3.715241e-02   1.169034e-02   1.143519e-02   4.990808e-02   1.369685e-02   9.729074e-03   1.347088e-02   2.065838e-05   2.143747e-05   2.167825e-05   2.309606e-05   2.487473e-05   2.603682e-05   2.857762e-05   3.413652e-05   2.711019e-05   3.050248e-05   3.038387e-05   3.083843e-05
Ne21  6.574242e-06   7.368001e-06   7.805306e-06   8.046302e-06   8.394421e-06   1.039868e-05   1.179875e-05   1.039143e-05   2.436754e-08   1.217504e-05   2.720993e-08   1.757871e-05   1.908844e-05   2.145069e-05   3.845305e-05   3.741868e-05   3.149168e-05   3.730278e-08   3.781639e-08   6.013061e-05   4.714142e-05   3.115578e-05   3.005287e-05   5.449147e-05   3.893224e-05   3.569998e-05   3.319564e-05   5.221731e-08   5.419019e-08   5.474320e-08   5.831384e-08   6.279723e-08   6.574179e-08   7.214251e-08   8.622903e-08   6.837873e-08   7.696871e-08   7.662980e-08   7.778202e-08
Ne22  6.851355e-05   7.598576e-05   8.018031e-05   8.091056e-05   8.548064e-05   9.925855e-05   9.755195e-05   1.037133e-04   7.326228e-07   1.062884e-04   8.218194e-07   2.435712e-04   2.711759e-04   2.912825e-04   3.168894e-04   3.324633e-04   3.663764e-04   1.143871e-06   1.161669e-06   6.354712e-04   6.691234e-04   5.963845e-04   7.178281e-04   5.820304e-04   7.242213e-04   8.636199e-04   9.463280e-04   1.619527e-06   1.680486e-06   1.700707e-06   1.811952e-06   1.951597e-06   2.042415e-06   2.241729e-06   2.676188e-06   2.128624e-06   2.393665e-06   2.385742e-06   2.421336e-06
Na23  5.538752e-05   6.328225e-05   6.730932e-05   7.131331e-05   7.384803e-05   9.790953e-05   8.544618e-05   1.150969e-04   1.657378e-07   1.025465e-04   1.853833e-07   1.019903e-04   1.038912e-04   1.364001e-04   2.610306e-04   2.715781e-04   1.846844e-04   2.528696e-07   2.560034e-07   6.310735e-04   4.417383e-04   1.443425e-04   1.934250e-04   4.405306e-04   1.539189e-04   1.646377e-04   1.998651e-04   3.479928e-07   3.617723e-07   3.616909e-07   3.853304e-07   4.149898e-07   4.354189e-07   4.782017e-07   5.745579e-07   4.472556e-07   5.076500e-07   5.011625e-07   5.090780e-07
Mg24  8.370872e-04   1.158100e-03   1.293645e-03   1.147076e-03   1.303212e-03   1.689762e-03   1.580953e-03   1.627751e-03   2.252608e-06   1.468555e-03   2.524210e-06   1.995968e-03   2.302760e-03   2.526390e-03   6.644835e-03   7.044943e-03   4.273541e-03   3.500691e-06   3.553256e-06   1.311523e-02   5.593235e-03   4.557719e-03   5.598893e-03   8.986349e-03   6.256976e-03   8.302702e-03   1.009414e-02   4.939749e-06   5.126242e-06   5.183031e-06   5.522115e-06   5.947521e-06   6.225880e-06   6.833746e-06   8.164655e-06   6.480947e-06   7.293219e-06   7.263615e-06   7.372341e-06
Mg25  3.809464e-05   4.404553e-05   4.730582e-05   4.625641e-05   5.004906e-05   5.530827e-05   5.341479e-05   5.499932e-05   2.962299e-07   5.965314e-05   3.319587e-07   8.280651e-05   8.882282e-05   1.074386e-04   1.942233e-04   2.013478e-04   1.453096e-04   4.606526e-07   4.676024e-07   3.111091e-04   1.770876e-04   1.295291e-04   1.325754e-04   2.602801e-04   1.534039e-04   1.461379e-04   1.578362e-04   6.506656e-07   6.751516e-07   6.830336e-07   7.277059e-07   7.837436e-07   8.202674e-07   9.002873e-07   1.075157e-06   8.545461e-07   9.611407e-07   9.577403e-07   9.720441e-07
Mg26  4.563785e-05   5.032745e-05   5.311131e-05   5.374846e-05   5.548667e-05   6.690353e-05   5.510515e-05   6.695700e-05   3.404455e-07   6.579041e-05   3.814107e-07   7.033856e-05   7.279436e-05   9.426294e-05   1.823559e-04   1.897010e-04   1.149246e-04   5.285955e-07   5.364885e-07   3.601873e-04   1.811009e-04   1.094717e-04   1.164195e-04   2.402819e-04   1.229739e-04   1.249826e-04   1.653958e-04   7.454586e-07   7.735676e-07   7.821732e-07   8.333108e-07   8.974611e-07   9.393875e-07   1.031028e-06   1.231612e-06   9.780284e-07   1.100429e-06   1.096114e-06   1.112510e-06
Al27  4.976291e-05   5.983207e-05   6.468532e-05   6.282436e-05   6.610032e-05   8.210044e-05   8.348620e-05   8.139271e-05   2.564796e-07   7.687390e-05   2.874682e-07   1.664502e-04   1.836063e-04   1.704527e-04   2.587085e-04   2.675884e-04   1.328884e-04   3.987076e-07   4.046961e-07   4.296337e-04   2.859229e-04   4.030623e-04   4.691564e-04   3.026795e-04   5.435440e-04   7.261391e-04   8.306567e-04   5.622788e-07   5.835899e-07   5.896832e-07   6.282729e-07   6.766990e-07   7.084820e-07   7.777109e-07   9.294379e-07   7.369274e-07   8.297482e-07   8.259284e-07   8.383373e-07
Si28  1.366899e-03   2.190651e-03   2.454085e-03   2.125224e-03   2.584142e-03   2.526797e-03   3.132153e-03   2.163492e-03   2.992030e-06   2.772187e-03   3.352762e-06   3.069819e-02   3.354842e-02   2.571909e-02   1.242929e-02   1.230060e-02   1.583085e-02   4.649645e-06   4.719437e-06   1.662961e-02   3.945636e-02   3.929178e-02   6.009956e-02   1.287954e-02   4.701315e-02   6.191788e-02   7.177462e-02   6.560772e-06   6.808353e-06   6.884059e-06   7.334312e-06   7.899189e-06   8.268471e-06   9.075475e-06   1.084154e-05   8.608127e-06   9.686200e-06   9.647607e-06   9.792022e-06
Si29  2.339687e-05   2.838701e-05   3.009667e-05   2.845093e-05   3.037334e-05   3.242073e-05   3.504844e-05   3.078027e-05   1.573547e-07   3.346361e-05   1.763260e-07   1.162105e-04   1.437847e-04   9.051293e-05   7.345208e-05   7.689395e-05   6.210166e-05   2.445305e-07   2.482009e-07   8.083169e-05   1.212147e-04   3.307491e-04   2.264487e-04   8.892159e-05   4.238865e-04   4.223494e-04   3.730277e-04   3.450389e-07   3.580594e-07   3.620412e-07   3.857205e-07   4.154280e-07   4.348487e-07   4.772898e-07   5.701684e-07   4.527124e-07   5.094090e-07   5.073800e-07   5.149749e-07
Si30  1.855614e-05   2.305804e-05   2.449335e-05   2.319939e-05   2.478885e-05   2.488974e-05   2.966053e-05   2.556571e-05   1.072969e-07   2.567882e-05   1.202328e-07   8.406259e-05   9.747193e-05   6.375944e-05   6.282120e-05   6.569919e-05   3.543602e-05   1.667400e-07   1.692428e-07   6.177093e-05   7.540897e-05   2.793139e-04   2.429355e-04   6.422567e-05   3.765903e-04   4.522638e-04   4.224839e-04   2.352761e-07   2.441543e-07   2.468708e-07   2.630174e-07   2.832744e-07   2.965167e-07   3.254565e-07   3.887881e-07   3.086998e-07   3.473590e-07   3.459770e-07   3.511558e-07
P31   6.544635e-06   8.996654e-06   9.805711e-06   8.757593e-06   9.891676e-06   1.017389e-05   1.239340e-05   9.768450e-06   2.966623e-08   1.043293e-05   3.324321e-08   1.943339e-04   2.019559e-04   1.627153e-04   3.553109e-05   3.506628e-05   3.447292e-05   4.610207e-08   4.679408e-08   4.961112e-05   2.189565e-04   3.036705e-04   4.304393e-04   3.451434e-05   3.589931e-04   4.759822e-04   5.256753e-04   6.504964e-08   6.750473e-08   6.825379e-08   7.271800e-08   7.831878e-08   8.198068e-08   8.998234e-08   1.074941e-07   8.534575e-08   9.603636e-08   9.565177e-08   9.708374e-08
S32   6.010979e-04   9.787619e-04   1.121421e-03   9.439799e-04   1.178103e-03   1.104617e-03   1.373914e-03   9.305508e-04   1.540713e-06   1.248931e-03   1.726467e-06   2.498288e-02   2.673678e-02   1.911829e-02   6.510693e-03   6.186204e-03   8.241839e-03   2.394281e-06   2.430220e-06   1.021856e-02   3.024810e-02   1.760193e-02   4.575434e-02   6.115208e-03   2.014989e-02   3.570924e-02   4.634831e-02   3.378394e-06   3.505883e-06   3.544868e-06   3.776721e-06   4.067597e-06   4.257753e-06   4.673310e-06   5.582719e-06   4.432660e-06   4.987798e-06   4.967929e-06   5.042293e-06
S33   2.686063e-06   3.776252e-06   4.126075e-06   3.561993e-06   4.098515e-06   4.400293e-06   4.783392e-06   3.848363e-06   1.251647e-08   4.524552e-06   1.402551e-08   1.926306e-04   2.162450e-04   1.374422e-04   1.837354e-05   1.731648e-05   2.693663e-05   1.945072e-08   1.974268e-08   2.951583e-05   1.582338e-04   1.692414e-04   3.826664e-04   1.500642e-05   1.861946e-04   3.469464e-04   4.252609e-04   2.744547e-08   2.848118e-08   2.879787e-08   3.068140e-08   3.304443e-08   3.458923e-08   3.796515e-08   4.535307e-08   3.601010e-08   4.051997e-08   4.035852e-08   4.096265e-08
S34   1.071681e-05   1.298896e-05   1.351282e-05   1.287954e-05   1.408433e-05   1.360342e-05   1.511396e-05   1.340484e-05   7.226762e-08   1.520971e-05   8.098051e-08   3.895430e-04   4.524377e-04   2.617836e-04   4.772731e-05   4.607418e-05   9.971059e-05   1.123045e-07   1.139902e-07   7.590656e-05   2.852962e-04   3.170647e-04   6.079005e-04   3.301798e-05   3.612054e-04   5.205142e-04   4.960109e-04   1.584647e-07   1.644446e-07   1.662732e-07   1.771483e-07   1.907920e-07   1.997113e-07   2.192031e-07   2.618593e-07   2.079154e-07   2.339543e-07   2.330223e-07   2.365104e-07
S36   2.948816e-08   3.107434e-08   3.211571e-08   3.260861e-08   3.381527e-08   3.482790e-08   3.670722e-08   3.620696e-08   2.658911e-10   3.873514e-08   2.979480e-10   7.657483e-08   8.116132e-08   7.807155e-08   6.342086e-08   6.372191e-08   6.533956e-08   4.131971e-10   4.193993e-10   7.631745e-08   1.116366e-07   1.153748e-07   1.273068e-07   7.453596e-08   1.329161e-07   1.564996e-07   1.897549e-07   5.830321e-10   6.050336e-10   6.117617e-10   6.517740e-10   7.019725e-10   7.347890e-10   8.065043e-10   9.634473e-10   7.649738e-10   8.607777e-10   8.573487e-10   8.701823e-10
Cl35  2.309450e-06   2.738654e-06   2.910741e-06   2.785768e-06   3.058548e-06   3.123144e-06   3.389921e-06   3.043595e-06   1.625207e-08   3.354444e-06   1.821149e-08   2.110411e-04   2.010433e-04   1.820416e-04   1.196758e-05   1.094918e-05   1.807515e-05   2.525586e-08   2.563496e-08   2.289067e-05   2.327889e-04   1.687440e-04   4.739386e-04   7.612009e-06   1.533445e-04   3.096734e-04   5.523494e-04   3.563669e-08   3.698149e-08   3.739273e-08   3.983841e-08   4.290669e-08   4.491253e-08   4.929599e-08   5.888882e-08   4.675752e-08   5.261335e-08   5.240376e-08   5.318818e-08
Cl37  7.302984e-07   8.496363e-07   9.000269e-07   8.512216e-07   9.416342e-07   9.822631e-07   1.042123e-06   9.775242e-07   5.495537e-09   1.083625e-06   6.158101e-09   6.352649e-05   6.701070e-05   4.636394e-05   3.881051e-06   3.453845e-06   5.578084e-06   8.540114e-09   8.668302e-09   7.583231e-06   5.276646e-05   2.505075e-05   1.351377e-04   2.587804e-06   2.663302e-05   8.315991e-05   1.251147e-04   1.205033e-08   1.250506e-08   1.264412e-08   1.347111e-08   1.450863e-08   1.518689e-08   1.666913e-08   1.991289e-08   1.581077e-08   1.779088e-08   1.772001e-08   1.798525e-08
Ar36  1.254276e-04   2.043843e-04   2.363713e-04   1.932711e-04   2.408386e-04   2.281172e-04   2.798675e-04   1.908183e-04   3.447899e-07   2.525760e-04   3.863592e-07   7.346902e-03   7.718353e-03   5.425113e-03   1.285823e-03   1.208720e-03   1.516890e-03   5.358067e-07   5.438492e-07   2.194566e-03   7.542039e-03   3.121244e-03   1.512984e-02   1.248689e-03   3.527021e-03   9.375728e-03   1.368055e-02   7.560373e-07   7.845675e-07   7.932920e-07   8.451773e-07   9.102714e-07   9.528256e-07   1.045821e-06   1.249335e-06   9.919674e-07   1.116199e-06   1.111753e-06   1.128395e-06
Ar38  8.137094e-06   9.110674e-06   9.389447e-06   9.184014e-06   9.921414e-06   9.977289e-06   1.072797e-05   1.019945e-05   6.616055e-08   1.130656e-05   7.413713e-08   5.558231e-04   6.175656e-04   3.824425e-04   5.686506e-05   4.959249e-05   1.036389e-04   1.028141e-07   1.043573e-07   1.345271e-04   4.732040e-04   2.249818e-04   8.801804e-04   1.955368e-05   2.387874e-04   5.294412e-04   6.264444e-04   1.450734e-07   1.505479e-07   1.522221e-07   1.621781e-07   1.746688e-07   1.828344e-07   2.006790e-07   2.397305e-07   1.903452e-07   2.141836e-07   2.133304e-07   2.165237e-07
Ar40  1.199253e-08   1.255265e-08   1.295348e-08   1.320225e-08   1.365881e-08   1.387372e-08   1.473151e-08   1.450229e-08   1.087492e-10   1.555004e-08   1.218591e-10   1.970561e-08   2.062271e-08   2.101170e-08   2.659269e-08   2.683908e-08   2.794504e-08   1.689907e-10   1.715266e-10   2.724677e-08   2.732811e-08   3.066727e-08   2.713519e-08   3.027449e-08   3.531486e-08   3.450439e-08   3.658523e-08   2.384436e-10   2.474411e-10   2.501920e-10   2.665555e-10   2.870851e-10   3.005057e-10   3.298350e-10   3.940207e-10   3.128482e-10   3.520290e-10   3.506263e-10   3.558737e-10
K39   2.077612e-06   2.416128e-06   2.568599e-06   2.401991e-06   2.656741e-06   2.714139e-06   2.878400e-06   2.681343e-06   1.519393e-08   2.988985e-06   1.702577e-08   3.081368e-04   2.875112e-04   2.442464e-04   1.348563e-05   1.153038e-05   1.754595e-05   2.361150e-08   2.396591e-08   3.499418e-05   3.347680e-04   1.499610e-04   7.193110e-04   6.469389e-06   1.360224e-04   4.075653e-04   7.812510e-04   3.331645e-08   3.457370e-08   3.495816e-08   3.724460e-08   4.011311e-08   4.198836e-08   4.608642e-08   5.505468e-08   4.371323e-08   4.918779e-08   4.899185e-08   4.972520e-08
K40   3.448298e-09   4.024283e-09   4.294249e-09   4.193582e-09   4.570806e-09   5.380077e-09   5.351877e-09   5.439056e-09   2.433173e-11   5.789439e-09   2.727616e-11   2.936291e-07   3.153825e-07   2.632800e-07   1.893254e-08   1.819790e-08   2.063231e-08   3.787070e-11   3.844563e-11   4.229412e-08   4.215031e-07   5.651936e-07   7.305840e-07   2.269038e-08   6.035686e-07   1.030541e-06   1.809280e-06   5.349965e-11   5.552294e-11   5.614673e-11   5.982176e-11   6.442963e-11   6.744493e-11   7.402788e-11   8.842504e-11   7.023603e-11   7.902906e-11   7.872314e-11   7.990671e-11
K41   1.758862e-07   1.857063e-07   1.985089e-07   1.868173e-07   2.137850e-07   2.173097e-07   2.325862e-07   2.342007e-07   1.152741e-09   2.487213e-07   1.291720e-09   5.959017e-05   6.030407e-05   2.239178e-05   1.033511e-06   8.801542e-07   1.170945e-06   1.791370e-09   1.818259e-09   2.640374e-06   2.227054e-05   6.096950e-06   8.838853e-05   5.557066e-07   6.750234e-06   3.234380e-05   6.867835e-05   2.527670e-09   2.623056e-09   2.652224e-09   2.825693e-09   3.043323e-09   3.185595e-09   3.496509e-09   4.176918e-09   3.316459e-09   3.731805e-09   3.716939e-09   3.772578e-09
Ca40  1.120161e-04   1.893747e-04   2.216235e-04   1.736552e-04   2.156582e-04   2.096589e-04   2.560142e-04   1.704242e-04   2.571064e-07   2.252259e-04   2.881042e-07   4.810760e-03   4.761248e-03   2.317733e-03   1.090266e-03   1.038816e-03   1.134279e-03   3.995456e-07   4.055429e-07   2.054477e-03   4.246920e-03   1.082915e-03   6.829531e-03   1.175386e-03   1.392917e-03   2.681733e-03   4.917996e-03   5.637694e-07   5.850440e-07   5.915498e-07   6.302402e-07   6.787801e-07   7.105124e-07   7.798584e-07   9.316161e-07   7.397000e-07   8.323386e-07   8.290229e-07   8.414325e-07
Ca42  2.322548e-07   2.545007e-07   2.616442e-07   2.555259e-07   2.802817e-07   2.816248e-07   2.992921e-07   2.889833e-07   1.801819e-09   3.198594e-07   2.019053e-09   4.934096e-05   5.037065e-05   3.445749e-05   2.103186e-06   1.740950e-06   3.598823e-06   2.800042e-09   2.842071e-09   5.984171e-06   3.658769e-05   1.392001e-05   1.023370e-04   6.088828e-07   1.363398e-05   5.274450e-05   8.228985e-05   3.950934e-09   4.100028e-09   4.145621e-09   4.416765e-09   4.756937e-09   4.979319e-09   5.465300e-09   6.528829e-09   5.183868e-09   5.833085e-09   5.809849e-09   5.896816e-09
Ca43  7.721838e-08   6.967438e-08   7.085490e-08   7.095472e-08   8.359027e-08   7.150803e-08   7.084960e-08   7.302072e-08   3.849207e-10   8.352670e-08   4.313283e-10   4.874306e-07   5.134072e-07   3.603094e-07   1.785526e-07   1.518744e-07   1.680590e-07   5.981702e-10   6.071488e-10   2.285663e-07   4.326154e-07   4.129516e-07   8.467257e-07   1.712756e-07   4.368005e-07   9.152326e-07   1.159717e-06   8.440339e-10   8.758847e-10   8.856247e-10   9.435490e-10   1.016220e-09   1.063727e-09   1.167546e-09   1.394747e-09   1.107424e-09   1.246116e-09   1.241152e-09   1.259731e-09
Ca44  1.222914e-06   1.561785e-06   1.632798e-06   1.562078e-06   1.706417e-06   1.587257e-06   1.752094e-06   1.635293e-06   6.085734e-09   1.951494e-06   6.819456e-09   5.392292e-06   5.156315e-06   4.246391e-06   4.494557e-06   4.608042e-06   4.883668e-06   9.457286e-09   9.599241e-09   5.639051e-06   5.843330e-06   5.096323e-06   8.560473e-06   5.310263e-06   5.652738e-06   7.185776e-06   8.064126e-06   1.334448e-08   1.384805e-08   1.400205e-08   1.491785e-08   1.606680e-08   1.681790e-08   1.845933e-08   2.205145e-08   1.750878e-08   1.970154e-08   1.962306e-08   1.991679e-08
Ca46  1.332217e-09   1.393523e-09   1.439895e-09   1.474414e-09   1.529467e-09   1.507066e-09   1.700341e-09   1.567771e-09   1.220017e-11   1.756336e-09   1.367108e-11   1.999495e-09   2.072450e-09   2.124545e-09   3.536102e-09   3.520468e-09   3.783665e-09   1.895918e-11   1.924376e-11   2.509473e-09   2.224395e-09   2.757017e-09   2.185467e-09   3.369971e-09   3.034104e-09   2.589198e-09   2.419593e-09   2.675190e-11   2.776143e-11   2.807014e-11   2.990607e-11   3.220938e-11   3.371513e-11   3.700573e-11   4.420692e-11   3.510014e-11   3.949601e-11   3.933868e-11   3.992754e-11
Ca48  6.333401e-08   6.508572e-08   6.664624e-08   6.822176e-08   6.980443e-08   7.181105e-08   7.370372e-08   7.532004e-08   5.951670e-10   7.811212e-08   6.669227e-10   8.280625e-08   8.440785e-08   8.606015e-08   8.789440e-08   8.952800e-08   9.102772e-08   9.248948e-10   9.387776e-10   9.666891e-08   9.783611e-08   9.847173e-08   9.642370e-08   1.009489e-07   1.031606e-07   1.044451e-07   1.016382e-07   1.305051e-09   1.354299e-09   1.369359e-09   1.458922e-09   1.571286e-09   1.644742e-09   1.805268e-09   2.156567e-09   1.712307e-09   1.926753e-09   1.919078e-09   1.947804e-09
Sc45  2.215784e-08   2.248396e-08   2.336492e-08   2.320040e-08   2.668329e-08   2.546188e-08   2.633188e-08   2.586351e-08   1.759221e-10   2.960525e-08   1.971320e-10   4.838354e-07   4.506122e-07   3.222399e-07   6.959728e-08   5.832145e-08   5.998183e-08   2.733845e-10   2.774880e-10   1.321516e-07   3.257875e-07   2.421795e-07   1.018955e-06   5.513848e-08   2.670163e-07   6.618619e-07   8.760613e-07   3.857527e-10   4.003097e-10   4.047612e-10   4.312346e-10   4.644475e-10   4.861600e-10   5.336091e-10   6.374476e-10   5.061312e-10   5.695181e-10   5.672494e-10   5.757405e-10
Ti46  1.337842e-07   1.430439e-07   1.461865e-07   1.494149e-07   1.660584e-07   1.629106e-07   1.646331e-07   1.631360e-07   1.080890e-09   1.780882e-07   1.211206e-09   9.064813e-06   8.594710e-06   4.363339e-06   9.847613e-07   8.645364e-07   9.576197e-07   1.679712e-09   1.704925e-09   2.881235e-06   5.718633e-06   2.190263e-06   1.316520e-05   2.873949e-07   2.240460e-06   6.477502e-06   9.797836e-06   2.370118e-09   2.459558e-09   2.486909e-09   2.649565e-09   2.853630e-09   2.987034e-09   3.278568e-09   3.916566e-09   3.109740e-09   3.499198e-09   3.485259e-09   3.537429e-09
Ti47  1.597249e-07   1.732986e-07   1.750072e-07   1.985909e-07   2.242624e-07   1.987033e-07   1.779936e-07   1.742264e-07   9.956790e-10   2.000519e-07   1.115722e-09   4.955329e-07   5.206189e-07   3.675708e-07   3.667003e-07   3.505001e-07   3.476045e-07   1.547294e-09   1.570519e-09   5.429476e-07   5.465023e-07   4.784068e-07   7.162434e-07   3.608304e-07   5.279633e-07   7.846327e-07   8.715667e-07   2.183273e-09   2.265662e-09   2.290856e-09   2.440690e-09   2.628667e-09   2.751555e-09   3.020106e-09   3.607809e-09   2.864588e-09   3.223343e-09   3.210503e-09   3.258561e-09
Ti48  3.572656e-06   5.455600e-06   5.831138e-06   5.450044e-06   5.744392e-06   5.739037e-06   6.417908e-06   4.976374e-06   1.007917e-08   6.283645e-06   1.129436e-08   9.469467e-06   9.932224e-06   1.063773e-05   1.902181e-05   2.009960e-05   2.150553e-05   1.566313e-08   1.589823e-08   2.372400e-05   1.978071e-05   1.942781e-05   1.449964e-05   2.676386e-05   2.433105e-05   2.153061e-05   1.650007e-05   2.210109e-08   2.293510e-08   2.319015e-08   2.470690e-08   2.660978e-08   2.785376e-08   3.057229e-08   3.652155e-08   2.899798e-08   3.262963e-08   3.249965e-08   3.298614e-08
Ti49  1.686746e-07   2.036690e-07   2.185573e-07   2.839127e-07   2.659342e-07   2.217167e-07   2.412806e-07   2.061253e-07   7.549539e-10   2.376667e-07   8.459743e-10   6.293417e-07   6.554128e-07   4.938966e-07   7.229308e-07   6.990480e-07   7.360420e-07   1.173205e-09   1.190815e-09   1.087526e-06   8.743482e-07   7.523170e-07   9.415081e-07   8.981006e-07   1.186885e-06   1.061192e-06   9.402922e-07   1.655423e-09   1.717893e-09   1.736996e-09   1.850605e-09   1.993135e-09   2.086312e-09   2.289936e-09   2.735550e-09   2.172017e-09   2.444036e-09   2.434300e-09   2.470739e-09
Ti50  7.933433e-08   8.194296e-08   8.410757e-08   8.604708e-08   8.831151e-08   9.110579e-08   9.410040e-08   9.554381e-08   7.384288e-10   9.978123e-08   8.274568e-10   1.097745e-07   1.127391e-07   1.159524e-07   1.279192e-07   1.301015e-07   1.309948e-07   1.147525e-09   1.164749e-09   1.535235e-07   1.481597e-07   1.395626e-07   1.405730e-07   1.552675e-07   1.519938e-07   1.556682e-07   1.541718e-07   1.619188e-09   1.680290e-09   1.698975e-09   1.810097e-09   1.949508e-09   2.040645e-09   2.239812e-09   2.675671e-09   2.124474e-09   2.390539e-09   2.381016e-09   2.416657e-09
V50   5.292732e-10   6.339443e-10   6.666181e-10   6.202825e-10   6.594090e-10   7.366975e-10   7.663951e-10   7.110903e-10   3.980292e-12   7.145781e-10   4.460172e-12   8.529272e-09   9.690406e-09   3.274658e-09   2.368734e-09   2.280055e-09   2.182675e-09   6.185409e-12   6.278253e-12   6.255316e-09   4.643383e-09   1.336207e-08   1.082267e-08   2.213792e-09   1.643477e-08   2.360917e-08   1.719462e-08   8.727776e-12   9.057131e-12   9.157848e-12   9.756817e-12   1.050827e-11   1.099952e-11   1.207307e-11   1.442245e-11   1.145138e-11   1.288553e-11   1.283420e-11   1.302631e-11
V51   4.166651e-07   5.908097e-07   6.270884e-07   5.464823e-07   5.660742e-07   6.256079e-07   6.665736e-07   5.261487e-07   1.621782e-09   5.710552e-07   1.817311e-09   1.756684e-06   1.823872e-06   1.317532e-06   1.842288e-06   1.740730e-06   1.785125e-06   2.520264e-09   2.558094e-09   2.694832e-06   2.233373e-06   1.756148e-06   2.196781e-06   2.227465e-06   2.431862e-06   2.248896e-06   2.036735e-06   3.556159e-09   3.690356e-09   3.731393e-09   3.975445e-09   4.281627e-09   4.481789e-09   4.919211e-09   5.876473e-09   4.665899e-09   5.250247e-09   5.229333e-09   5.307610e-09
Cr50  4.827297e-07   6.102670e-07   6.560649e-07   6.067711e-07   6.665716e-07   6.416625e-07   7.252044e-07   6.161234e-07   3.304249e-09   6.756249e-07   3.702623e-09   7.881105e-06   6.859803e-06   3.581453e-06   3.544087e-06   3.322173e-06   3.323744e-06   5.134833e-09   5.211907e-09   7.686147e-06   5.711041e-06   2.524136e-06   7.605568e-06   1.988350e-06   3.111604e-06   3.797333e-06   5.110490e-06   7.245384e-09   7.518800e-09   7.602410e-09   8.099646e-09   8.723466e-09   9.131279e-09   1.002249e-08   1.197283e-08   9.506389e-09   1.069695e-08   1.065434e-08   1.081382e-08
Cr52  2.628808e-05   4.741987e-05   5.244312e-05   3.755383e-05   3.741147e-05   4.983898e-05   5.923950e-05   3.464328e-05   6.626096e-08   4.334467e-05   7.424965e-08   7.521314e-05   8.487078e-05   8.513193e-05   1.708133e-04   1.813524e-04   1.936033e-04   1.029701e-07   1.045157e-07   2.078422e-04   1.751949e-04   1.692951e-04   1.224783e-04   2.796153e-04   2.248845e-04   1.793852e-04   1.233552e-04   1.452936e-07   1.507764e-07   1.524531e-07   1.624243e-07   1.749339e-07   1.831119e-07   2.009836e-07   2.400943e-07   1.906341e-07   2.145087e-07   2.136542e-07   2.168524e-07
Cr53  2.052420e-06   3.276623e-06   3.599926e-06   2.773379e-06   2.858434e-06   3.399552e-06   3.928714e-06   2.619299e-06   7.657768e-09   3.032351e-06   8.581020e-09   6.421161e-06   6.739675e-06   6.398648e-06   1.193117e-05   1.217935e-05   1.313401e-05   1.190024e-08   1.207886e-08   1.576783e-05   1.194394e-05   1.118830e-05   9.235751e-06   1.678357e-05   1.444990e-05   1.235301e-05   8.845574e-06   1.679155e-08   1.742521e-08   1.761898e-08   1.877135e-08   2.021708e-08   2.116221e-08   2.322764e-08   2.774766e-08   2.203155e-08   2.479074e-08   2.469198e-08   2.506159e-08
Cr54  2.220003e-07   2.467162e-07   2.570488e-07   2.476505e-07   2.577425e-07   2.830995e-07   2.822940e-07   2.724916e-07   1.941958e-09   2.877302e-07   2.176089e-09   4.265892e-07   4.432119e-07   4.143541e-07   4.929880e-07   4.944914e-07   4.926735e-07   3.017821e-09   3.063118e-09   7.197415e-07   5.891769e-07   5.048822e-07   5.534696e-07   5.831878e-07   5.646235e-07   6.025648e-07   5.814455e-07   4.258224e-09   4.418915e-09   4.468054e-09   4.760287e-09   5.126916e-09   5.366594e-09   5.890373e-09   7.036620e-09   5.587052e-09   6.286763e-09   6.261720e-09   6.355451e-09
Mn55  1.174170e-05   1.981802e-05   2.029035e-05   1.461636e-05   1.565014e-05   1.863225e-05   2.089381e-05   1.492413e-05   5.793296e-08   1.839899e-05   6.491759e-08   3.168670e-05   3.378940e-05   3.098575e-05   5.331482e-05   5.233959e-05   5.415592e-05   9.002834e-08   9.137967e-08   7.539864e-05   5.193917e-05   4.817704e-05   4.217598e-05   7.219611e-05   5.821078e-05   5.586353e-05   4.149084e-05   1.270324e-07   1.318261e-07   1.332920e-07   1.420100e-07   1.529474e-07   1.600975e-07   1.757230e-07   2.099181e-07   1.666742e-07   1.875482e-07   1.868011e-07   1.895973e-07
Fe54  4.450868e-05   5.921208e-05   6.402564e-05   5.404891e-05   5.881793e-05   6.243341e-05   7.014056e-05   5.518648e-05   3.189644e-07   6.065431e-05   3.574200e-07   1.446776e-04   1.476613e-04   1.250015e-04   2.304861e-04   2.288051e-04   2.420633e-04   4.956735e-07   5.031136e-07   3.620572e-04   1.976233e-04   1.794757e-04   1.622233e-04   2.015432e-04   2.173152e-04   1.979297e-04   1.490182e-04   6.994083e-07   7.258015e-07   7.338726e-07   7.818715e-07   8.420899e-07   8.814567e-07   9.674868e-07   1.155756e-06   9.176667e-07   1.032593e-06   1.028480e-06   1.043875e-06
Fe56  2.308756e-03   4.680931e-03   5.032841e-03   3.557348e-03   4.253659e-03   4.705517e-03   5.207957e-03   3.066005e-03   5.192279e-06   4.677421e-03   5.818281e-06   5.415264e-03   5.921730e-03   6.298202e-03   1.429979e-02   1.461470e-02   1.482513e-02   8.068848e-06   8.189962e-06   1.673812e-02   1.170681e-02   1.223078e-02   7.547403e-03   2.543327e-02   1.571398e-02   1.270059e-02   9.290729e-03   1.138536e-05   1.181500e-05   1.194638e-05   1.272774e-05   1.370801e-05   1.434884e-05   1.574929e-05   1.881404e-05   1.493829e-05   1.680913e-05   1.674217e-05   1.699278e-05
Fe57  7.291554e-05   1.582011e-04   1.668980e-04   1.100577e-04   1.311613e-04   1.475147e-04   1.464734e-04   9.101021e-05   1.220629e-07   1.427140e-04   1.367793e-07   1.697765e-04   1.705386e-04   1.859119e-04   4.020738e-04   4.111087e-04   3.991101e-04   1.896868e-07   1.925340e-07   4.619589e-04   3.118643e-04   3.516728e-04   2.132438e-04   7.358262e-04   4.044950e-04   3.592608e-04   2.793712e-04   2.676531e-07   2.777534e-07   2.808420e-07   2.992105e-07   3.222552e-07   3.373203e-07   3.702427e-07   4.422907e-07   3.511773e-07   3.951580e-07   3.935839e-07   3.994754e-07
Fe58  2.917445e-06   4.649144e-06   5.633405e-06   4.095643e-06   4.561422e-06   8.652741e-06   3.303753e-06   3.077528e-06   1.652239e-08   3.913019e-06   1.851440e-08   4.280406e-06   4.559113e-06   5.062999e-06   7.496082e-06   8.199950e-06   7.322460e-06   2.567595e-08   2.606135e-08   1.151240e-05   1.019452e-05   8.243810e-06   8.599838e-06   2.081517e-05   1.014255e-05   1.086861e-05   1.083629e-05   3.622944e-08   3.759661e-08   3.801469e-08   4.050105e-08   4.362036e-08   4.565957e-08   5.011594e-08   5.986833e-08   4.753525e-08   5.348847e-08   5.327540e-08   5.407287e-08
Co59  4.609592e-06   9.538652e-06   1.011796e-05   8.619001e-06   8.846883e-06   1.158416e-05   7.591883e-06   5.177024e-06   1.546901e-08   7.123209e-06   1.733402e-08   9.403288e-06   1.070808e-05   1.124592e-05   1.684637e-05   1.781016e-05   1.724637e-05   2.403898e-08   2.439981e-08   3.225742e-05   1.934698e-05   1.479164e-05   1.752695e-05   3.933866e-05   1.968755e-05   2.051893e-05   1.803709e-05   3.391963e-08   3.519964e-08   3.559107e-08   3.791890e-08   4.083935e-08   4.274855e-08   4.692080e-08   5.605143e-08   4.450464e-08   5.007832e-08   4.987883e-08   5.062546e-08
Ni58  9.251625e-05   2.304869e-04   2.725516e-04   1.514157e-04   1.587098e-04   2.905866e-04   1.005017e-04   6.134896e-05   2.225714e-07   1.051983e-04   2.494056e-07   8.464194e-05   8.791955e-05   9.114735e-05   1.356289e-04   1.504680e-04   1.038516e-04   3.458780e-07   3.510697e-07   2.143192e-04   1.209170e-04   1.480893e-04   9.553700e-05   1.206284e-03   1.382689e-04   1.420904e-04   1.101202e-04   4.880430e-07   5.064600e-07   5.120919e-07   5.455853e-07   5.876053e-07   6.150753e-07   6.751066e-07   8.064800e-07   6.403423e-07   7.205376e-07   7.176673e-07   7.284100e-07
Ni60  6.497774e-05   1.221278e-04   1.284776e-04   1.115444e-04   1.305362e-04   1.256276e-04   1.271283e-04   9.068062e-05   8.868702e-08   1.365209e-04   9.937949e-08   1.494159e-04   1.384763e-04   1.652882e-04   3.790298e-04   3.873298e-04   4.027537e-04   1.378204e-07   1.398891e-07   4.223313e-04   3.108028e-04   3.190940e-04   2.048543e-04   6.318734e-04   4.143103e-04   3.475154e-04   2.596052e-04   1.944683e-07   2.018068e-07   2.040509e-07   2.173969e-07   2.341404e-07   2.450862e-07   2.690066e-07   3.213544e-07   2.551543e-07   2.871093e-07   2.859656e-07   2.902462e-07
Ni61  3.262829e-06   7.158556e-06   7.657314e-06   5.300667e-06   6.021660e-06   7.799270e-06   5.645546e-06   3.800240e-06   3.919508e-09   6.134822e-06   4.392060e-09   6.517036e-06   5.971538e-06   7.011778e-06   1.414499e-05   1.480739e-05   1.468273e-05   6.090950e-09   6.182376e-09   1.642823e-05   1.191556e-05   1.378886e-05   8.307247e-06   3.084508e-05   1.536753e-05   1.436689e-05   1.091758e-05   8.594491e-09   8.918817e-09   9.017995e-09   9.607818e-09   1.034780e-08   1.083154e-08   1.188870e-08   1.420220e-08   1.127650e-08   1.268875e-08   1.263820e-08   1.282738e-08
Ni62  1.727104e-05   4.366877e-05   4.783125e-05   2.915986e-05   3.097034e-05   4.535872e-05   2.212024e-05   1.354399e-05   1.270165e-08   2.466468e-05   1.423302e-08   2.359854e-05   2.012445e-05   2.397481e-05   4.864324e-05   5.057883e-05   4.552016e-05   1.973848e-08   2.003476e-08   5.874841e-05   3.796097e-05   4.854666e-05   2.546596e-05   1.840848e-04   4.834462e-05   4.507905e-05   3.449703e-05   2.785152e-08   2.890254e-08   2.922394e-08   3.113533e-08   3.353332e-08   3.510096e-08   3.852682e-08   4.602400e-08   3.654290e-08   4.111946e-08   4.095566e-08   4.156872e-08
Ni64  3.644154e-07   3.791215e-07   3.903297e-07   3.976749e-07   4.099371e-07   4.229212e-07   4.348429e-07   4.390844e-07   3.339184e-09   4.620524e-07   3.741769e-09   5.499372e-07   5.677596e-07   5.899244e-07   6.771055e-07   6.923902e-07   7.014194e-07   5.189121e-09   5.267010e-09   8.043420e-07   7.782852e-07   7.403467e-07   7.426489e-07   8.754736e-07   8.416421e-07   8.503961e-07   8.472654e-07   7.321987e-09   7.598293e-09   7.682787e-09   8.185280e-09   8.815696e-09   9.227821e-09   1.012846e-08   1.209942e-08   9.606896e-09   1.081005e-08   1.076698e-08   1.092815e-08
Cu63  8.205944e-07   1.080678e-06   1.210820e-06   1.357865e-06   1.321750e-06   1.914387e-06   9.099042e-07   1.022813e-06   2.701148e-09   1.102172e-06   3.026809e-09   1.413913e-06   1.332031e-06   1.361315e-06   2.227226e-06   2.900380e-06   2.446457e-06   4.197608e-09   4.260614e-09   3.493616e-06   2.721556e-06   2.057738e-06   1.974621e-06   4.660802e-06   3.452985e-06   2.643563e-06   2.652230e-06   5.922935e-09   6.146446e-09   6.214795e-09   6.621274e-09   7.131233e-09   7.464611e-09   8.193156e-09   9.787516e-09   7.771254e-09   8.744511e-09   8.709677e-09   8.840051e-09
Cu65  1.967016e-07   2.667903e-07   2.786478e-07   2.457328e-07   2.658064e-07   3.489592e-07   2.274024e-07   2.210970e-07   1.241933e-09   2.701883e-07   1.391666e-09   2.691224e-07   2.696614e-07   2.910848e-07   3.964392e-07   4.015032e-07   3.955604e-07   1.929975e-09   1.958945e-09   4.604271e-07   4.201384e-07   4.417679e-07   3.905829e-07   7.708387e-07   5.217494e-07   5.389805e-07   4.945947e-07   2.723246e-09   2.826012e-09   2.857438e-09   3.044328e-09   3.278797e-09   3.432078e-09   3.767048e-09   4.500103e-09   3.573066e-09   4.020550e-09   4.004534e-09   4.064477e-09
Zn64  1.930514e-06   1.495098e-06   1.478992e-06   2.854391e-06   3.813119e-06   2.561825e-06   1.981694e-06   2.747311e-06   4.593835e-09   3.652207e-06   5.147687e-09   2.146072e-06   2.911499e-06   3.601472e-06   8.109485e-06   7.439751e-06   7.908114e-06   7.138861e-09   7.246017e-09   8.548317e-06   7.252555e-06   4.532917e-06   6.517846e-06   1.023574e-05   9.730033e-06   9.070320e-06   6.228723e-06   1.007312e-08   1.045325e-08   1.056949e-08   1.126079e-08   1.212807e-08   1.269505e-08   1.393408e-08   1.664561e-08   1.321655e-08   1.487177e-08   1.481253e-08   1.503425e-08
Zn66  6.709324e-07   1.224165e-06   1.282465e-06   9.576268e-07   1.000082e-06   1.258193e-06   8.294177e-07   6.676641e-07   2.671708e-09   9.547652e-07   2.993820e-09   9.478409e-07   8.915370e-07   1.001937e-06   1.590677e-06   1.668995e-06   1.589717e-06   4.151859e-09   4.214178e-09   1.900596e-06   1.434685e-06   1.664447e-06   1.242904e-06   3.618913e-06   1.794124e-06   1.826643e-06   1.591942e-06   5.858382e-09   6.079457e-09   6.147061e-09   6.549110e-09   7.053511e-09   7.383255e-09   8.103860e-09   9.680844e-09   7.686557e-09   8.649206e-09   8.614751e-09   8.743705e-09
Zn67  4.784164e-08   5.083325e-08   5.404393e-08   5.545083e-08   6.137192e-08   7.560328e-08   5.226399e-08   5.408345e-08   3.951547e-10   5.888336e-08   4.427961e-10   5.945820e-08   6.120657e-08   6.398519e-08   7.757557e-08   7.365145e-08   7.469291e-08   6.140739e-10   6.232912e-10   8.975473e-08   8.160119e-08   7.609597e-08   7.604437e-08   1.187265e-07   8.784984e-08   8.336616e-08   8.330225e-08   8.664745e-10   8.991721e-10   9.091711e-10   9.686354e-10   1.043238e-09   1.092008e-09   1.198588e-09   1.431829e-09   1.136868e-09   1.279247e-09   1.274151e-09   1.293223e-09
Zn68  2.019628e-07   2.040460e-07   2.121192e-07   2.312204e-07   2.515336e-07   2.713402e-07   2.309745e-07   2.420939e-07   1.831293e-09   2.587151e-07   2.052081e-09   2.651779e-07   2.748339e-07   2.848922e-07   3.310128e-07   3.078642e-07   3.187800e-07   2.845846e-09   2.888562e-09   3.845577e-07   3.676063e-07   3.276243e-07   3.493418e-07   6.007429e-07   4.017085e-07   3.791037e-07   3.677316e-07   4.015563e-09   4.167096e-09   4.213435e-09   4.489015e-09   4.834751e-09   5.060771e-09   5.554702e-09   6.635627e-09   5.268665e-09   5.928503e-09   5.904886e-09   5.993276e-09
Zn70  6.673892e-09   6.879349e-09   7.055139e-09   7.233333e-09   7.425481e-09   7.584819e-09   8.085787e-09   7.911084e-09   6.239705e-11   8.455523e-09   6.991990e-11   8.659021e-09   8.826179e-09   8.996077e-09   1.078173e-08   1.085525e-08   1.121200e-08   9.696558e-11   9.842104e-11   1.021956e-08   1.021965e-08   1.036917e-08   1.002250e-08   1.146679e-08   1.102066e-08   1.091492e-08   1.056543e-08   1.368210e-10   1.419841e-10   1.435630e-10   1.529528e-10   1.647329e-10   1.724340e-10   1.892636e-10   2.260936e-10   1.795175e-10   2.020000e-10   2.011953e-10   2.042070e-10
Ga69  1.905294e-08   1.977884e-08   2.031157e-08   2.095764e-08   2.171144e-08   2.289705e-08   2.249592e-08   2.286971e-08   1.737420e-10   2.413009e-08   1.946891e-10   2.676526e-08   2.742751e-08   2.786794e-08   3.157502e-08   3.181869e-08   3.232045e-08   2.699966e-10   2.740493e-10   3.584164e-08   3.453084e-08   3.527651e-08   3.709480e-08   3.953530e-08   4.052508e-08   4.254127e-08   4.305933e-08   3.809724e-10   3.953489e-10   3.997453e-10   4.258906e-10   4.586920e-10   4.801353e-10   5.269965e-10   6.295482e-10   4.998591e-10   5.624605e-10   5.602199e-10   5.686058e-10
Ga71  1.277300e-08   1.319021e-08   1.355207e-08   1.388805e-08   1.431384e-08   1.497241e-08   1.498079e-08   1.529298e-08   1.186526e-10   1.591665e-08   1.329579e-10   1.723568e-08   1.764064e-08   1.812058e-08   1.979464e-08   2.004988e-08   2.045591e-08   1.843872e-10   1.871549e-10   2.279980e-08   2.237250e-08   2.153916e-08   2.186397e-08   2.404145e-08   2.355105e-08   2.407767e-08   2.459509e-08   2.601752e-10   2.699933e-10   2.729957e-10   2.908510e-10   3.132518e-10   3.278960e-10   3.598987e-10   4.299337e-10   3.413659e-10   3.841179e-10   3.825877e-10   3.883146e-10
Ge70  2.249158e-08   2.429885e-08   2.475819e-08   2.513198e-08   2.581233e-08   2.608534e-08   2.610895e-08   2.647096e-08   2.001969e-10   2.805549e-08   2.243335e-10   3.341354e-08   3.428756e-08   3.507145e-08   3.530148e-08   3.625765e-08   3.609774e-08   3.111078e-10   3.157775e-10   4.192092e-08   4.119103e-08   4.479673e-08   5.410759e-08   4.712347e-08   5.102449e-08   5.778765e-08   6.796514e-08   4.389813e-10   4.555469e-10   4.606126e-10   4.907390e-10   5.285349e-10   5.532433e-10   6.072398e-10   7.254066e-10   5.759704e-10   6.481038e-10   6.455220e-10   6.551848e-10
Ge72  2.948767e-08   3.036053e-08   3.122262e-08   3.198755e-08   3.295536e-08   3.462484e-08   3.433756e-08   3.514680e-08   2.753382e-10   3.653161e-08   3.085341e-10   3.998611e-08   4.093749e-08   4.182101e-08   4.362976e-08   4.423843e-08   4.477287e-08   4.278781e-10   4.343005e-10   4.884382e-08   4.896749e-08   5.020783e-08   5.064251e-08   5.783400e-08   5.447640e-08   5.625414e-08   5.645800e-08   6.037472e-10   6.265305e-10   6.334976e-10   6.749316e-10   7.269136e-10   7.608961e-10   8.351595e-10   9.976786e-10   7.921534e-10   8.913611e-10   8.878104e-10   9.010999e-10
Ge73  8.450432e-09   8.708065e-09   9.332170e-09   9.138830e-09   9.376050e-09   9.690521e-09   9.901877e-09   1.010079e-08   7.893220e-11   1.052706e-08   8.844859e-11   1.129158e-08   1.153502e-08   1.185526e-08   1.273402e-08   1.296431e-08   1.318221e-08   1.226613e-10   1.245025e-10   1.453320e-08   1.413848e-08   1.385467e-08   1.364010e-08   1.532484e-08   1.477965e-08   1.494099e-08   1.462094e-08   1.730784e-10   1.796098e-10   1.816070e-10   1.934851e-10   2.083869e-10   2.181288e-10   2.394182e-10   2.860081e-10   2.270895e-10   2.555297e-10   2.545118e-10   2.583216e-10
Ge74  4.015956e-08   4.131199e-08   4.232125e-08   4.330457e-08   4.436532e-08   4.559794e-08   4.679702e-08   4.783210e-08   3.765828e-10   4.963918e-08   4.219852e-10   5.334391e-08   5.447110e-08   5.557806e-08   5.711639e-08   5.824891e-08   5.907368e-08   5.852131e-10   5.939972e-10   6.410972e-08   6.425571e-08   6.447434e-08   6.353007e-08   6.713751e-08   6.839311e-08   6.952347e-08   6.792912e-08   8.257512e-10   8.569121e-10   8.664411e-10   9.231107e-10   9.942071e-10   1.040685e-09   1.142256e-09   1.364535e-09   1.083436e-09   1.219124e-09   1.214267e-09   1.232443e-09
