# Cinquegrana, Heger & Karakas 2025
M      10.5   10.8   11.0   11.3   11.5   11.8   12.0   12.3   12.5   12.8   13.0   13.3   13.5   13.8   14.0   14.3   14.5   14.8   15.0   15.3   15.5   15.8   16.0   16.3   16.5   16.8   17.0   17.3   17.5   17.8   18.0   18.3   18.5   18.8   19.0   19.3   19.5   19.8   20.0
E      1.0   1.0   1.0   1.0   1.0   1.0   1.0   1.0   1.0   1.0   1.0   1.0   1.0   1.0   1.0   1.0   1.0   1.0   1.0   1.0   1.0   1.0   1.0   1.0   1.0   1.0   1.0   1.0   1.0   1.0   1.0   1.0   1.0   1.0   1.0   1.0   1.0   1.0   1.0
Mrem   1.578   1.603   1.552   1.636   1.603   1.576   1.579   1.634   12.448   12.695   1.443   1.470   1.492   1.533   1.561   1.576   14.424   14.672   1.503   15.165   1.559   15.659   1.564   1.768   1.676   1.636   1.597   17.137   17.382   17.627   17.873   18.112   18.359   18.607   18.843   19.090   19.331   19.584   19.830
H1    6.438765e+00   6.572181e+00   6.663925e+00   6.833625e+00   6.923018e+00   7.118331e+00   7.260212e+00   7.412769e+00   3.894614e-02   4.140323e-02   7.501145e+00   7.632902e+00   7.759278e+00   7.887428e+00   8.012811e+00   8.118236e+00   5.710400e-02   5.883170e-02   8.251237e+00   6.377752e-02   8.472439e+00   6.858981e-02   8.627295e+00   8.960834e+00   8.928635e+00   8.927188e+00   8.951736e+00   8.491810e-02   8.891668e-02   9.247638e-02   9.519140e-02   1.041529e-01   1.058883e-01   1.078086e-01   1.183796e-01   1.205937e-01   1.268291e-01   1.250769e-01   1.277467e-01
H2    3.799768e-08   3.947683e-08   4.205797e-08   4.293410e-08   4.480962e-08   4.647416e-08   4.789862e-08   5.123146e-08   3.371120e-08   3.467063e-08   5.281025e-08   5.515897e-08   5.758891e-08   5.506110e-08   5.655108e-08   5.773204e-08   4.179574e-08   4.281031e-08   5.987199e-08   4.492791e-08   6.319855e-08   4.700444e-08   6.452143e-08   6.793168e-08   7.027417e-08   7.008997e-08   7.002662e-08   5.356783e-08   5.464110e-08   5.566692e-08   5.676861e-08   5.794341e-08   5.909309e-08   6.024833e-08   6.139349e-08   6.260524e-08   6.383560e-08   6.500740e-08   6.622004e-08
He3   3.272643e-04   3.303574e-04   3.310030e-04   3.359018e-04   3.373358e-04   3.435806e-04   3.475666e-04   3.518357e-04   3.923393e-06   4.174809e-06   3.474452e-04   3.511252e-04   3.541021e-04   3.577754e-04   3.610301e-04   3.635663e-04   5.828342e-06   6.014736e-06   3.633463e-04   6.545217e-06   3.692333e-04   7.057143e-06   3.722434e-04   3.846942e-04   3.821660e-04   3.802952e-04   3.798152e-04   8.793353e-06   9.210638e-06   9.590321e-06   9.881344e-06   1.080370e-05   1.099382e-05   1.119891e-05   1.230087e-05   1.253791e-05   1.317904e-05   1.300813e-05   1.328630e-05
He4   2.438067e+00   2.520513e+00   2.654524e+00   2.709743e+00   2.813491e+00   2.937171e+00   3.039588e+00   3.104712e+00   1.282048e-02   1.362995e-02   3.781687e+00   3.867587e+00   3.959559e+00   4.043728e+00   4.127014e+00   4.239113e+00   1.879185e-02   1.935979e-02   4.679904e+00   2.098429e-02   4.857700e+00   2.256575e-02   5.087260e+00   5.053644e+00   5.244234e+00   5.384830e+00   5.506440e+00   2.793090e-02   2.924620e-02   3.041546e-02   3.130707e-02   3.425722e-02   3.482610e-02   3.545658e-02   3.893420e-02   3.966134e-02   4.171399e-02   4.113521e-02   4.201312e-02
Li6   7.752759e-13   8.022405e-13   8.726749e-13   8.961768e-13   9.767688e-13   1.042670e-12   1.073933e-12   9.428103e-13   6.319051e-13   6.468229e-13   9.522214e-13   9.407859e-13   9.469130e-13   1.114005e-12   1.154651e-12   1.136154e-12   7.233656e-13   7.351875e-13   9.989396e-13   7.528105e-13   1.065721e-12   7.712778e-13   1.058366e-12   1.325646e-12   1.592259e-12   1.102278e-12   1.273884e-12   8.275885e-13   8.370529e-13   8.455462e-13   8.561805e-13   8.651691e-13   8.722172e-13   8.830610e-13   8.912336e-13   9.005357e-13   9.093374e-13   9.178167e-13   9.269924e-13
Li7   1.882294e-08   2.152796e-08   3.438112e-08   3.068270e-08   4.049884e-08   4.127149e-08   4.504754e-08   4.841797e-08   1.482517e-10   1.571764e-10   8.548191e-08   8.162148e-08   8.470102e-08   8.129029e-08   7.779932e-08   7.733000e-08   2.112879e-10   2.171067e-10   9.670265e-08   2.313703e-10   1.033263e-07   2.443438e-10   1.032107e-07   7.596412e-08   6.700074e-08   1.107145e-07   1.093717e-07   2.795153e-10   2.853607e-10   2.905059e-10   2.952007e-10   3.018760e-10   3.048714e-10   3.087724e-10   3.136847e-10   3.170617e-10   3.204513e-10   3.231454e-10   3.264089e-10
Be9   9.579708e-13   9.894668e-13   1.199715e-12   1.163022e-12   1.311378e-12   1.431614e-12   1.473134e-12   1.279545e-12   1.908057e-13   2.032042e-13   1.300286e-12   1.260270e-12   1.258059e-12   2.030678e-12   2.255054e-12   2.226982e-12   2.862581e-13   2.955822e-13   1.412587e-12   3.222466e-13   1.384864e-12   3.483777e-13   1.700198e-12   2.503832e-12   5.535182e-12   1.416102e-12   1.939937e-12   4.356581e-13   4.558057e-13   4.747975e-13   4.895265e-13   5.301963e-13   5.407129e-13   5.511296e-13   5.977214e-13   6.095904e-13   6.363729e-13   6.326300e-13   6.451822e-13
B10   1.697159e-11   1.739357e-11   1.824711e-11   1.855070e-11   1.923520e-11   1.998051e-11   2.052643e-11   2.059353e-11   1.197830e-12   1.275496e-12   2.474239e-11   2.439360e-11   2.423322e-11   2.422582e-11   2.439767e-11   2.461570e-11   1.796524e-12   1.856203e-12   2.704044e-11   2.024336e-12   2.755629e-11   2.187465e-12   2.725982e-11   2.658768e-11   2.722213e-11   2.906450e-11   3.146354e-11   2.745661e-12   2.874983e-12   3.001249e-12   3.096794e-12   3.375652e-12   3.445790e-12   3.511411e-12   3.853376e-12   3.936023e-12   4.134423e-12   4.095925e-12   4.183437e-12
B11   1.307327e-08   1.464744e-08   2.751005e-08   2.558156e-08   3.702797e-08   4.600958e-08   4.883942e-08   2.489571e-08   5.319950e-12   5.663981e-12   1.286638e-07   1.186495e-07   1.205269e-07   1.483082e-07   1.593362e-07   1.529636e-07   7.983508e-12   8.244399e-12   1.988515e-07   8.990775e-12   2.420655e-07   9.720894e-12   2.224856e-07   2.837274e-07   3.660592e-07   3.055762e-07   3.697695e-07   1.220891e-11   1.278648e-11   1.335047e-11   1.377171e-11   1.500293e-11   1.531978e-11   1.561044e-11   1.712983e-11   1.751042e-11   1.839551e-11   1.823034e-11   1.862032e-11
C12   3.651041e-03   4.235323e-03   7.204001e-03   6.688684e-03   8.793540e-03   1.043510e-02   1.144743e-02   1.038613e-02   3.789941e-06   4.032468e-06   4.786744e-02   4.729034e-02   4.841269e-02   5.181022e-02   5.482433e-02   5.686478e-02   5.627523e-06   5.808657e-06   8.470545e-02   6.317985e-06   9.573980e-02   6.809804e-06   1.057628e-01   8.665912e-02   1.150928e-01   1.234122e-01   1.403916e-01   8.472080e-06   8.872218e-06   9.233559e-06   9.510920e-06   1.039835e-05   1.057779e-05   1.077394e-05   1.182856e-05   1.205397e-05   1.267196e-05   1.250481e-05   1.277201e-05
C13   1.865345e-05   1.913696e-05   1.957538e-05   2.007916e-05   2.050894e-05   2.118313e-05   2.170084e-05   2.212875e-05   5.069095e-08   5.374623e-08   2.620694e-05   2.611035e-05   2.602747e-05   2.494325e-05   2.537178e-05   2.575628e-05   7.165542e-08   7.354334e-08   2.730505e-05   7.850917e-08   2.918399e-05   8.357186e-08   2.872119e-05   3.012064e-05   3.009427e-05   3.283378e-05   3.155496e-05   9.961034e-08   1.042577e-07   1.074426e-07   1.095968e-07   1.210642e-07   1.222895e-07   1.237864e-07   1.360379e-07   1.379862e-07   1.457507e-07   1.425129e-07   1.453789e-07
N14   7.989999e-04   8.253285e-04   8.649444e-04   8.842634e-04   9.173954e-04   9.572000e-04   9.918584e-04   1.013344e-03   1.227398e-06   1.300798e-06   1.170774e-03   1.193368e-03   1.216266e-03   1.242258e-03   1.262328e-03   1.295856e-03   1.709973e-06   1.748539e-06   1.389058e-03   1.869421e-06   1.425952e-03   1.992212e-06   1.480479e-03   1.531968e-03   1.551655e-03   1.568827e-03   1.595522e-03   2.417614e-06   2.530069e-06   2.624270e-06   2.694236e-06   2.957629e-06   2.999336e-06   3.048824e-06   3.350289e-06   3.408096e-06   3.590849e-06   3.531935e-06   3.607125e-06
N15   6.002442e-07   6.745606e-07   1.016620e-06   9.199183e-07   1.113534e-06   1.282225e-06   1.423708e-06   1.539053e-06   2.557090e-09   2.721725e-09   4.556111e-06   4.952535e-06   5.339378e-06   5.934622e-06   5.997307e-06   6.257699e-06   3.810748e-09   3.933925e-09   1.086671e-05   4.285137e-09   1.114098e-05   4.624360e-09   1.236388e-05   7.432694e-06   8.782398e-06   1.360841e-05   1.553275e-05   5.773469e-09   6.046336e-09   6.298495e-09   6.491604e-09   7.089483e-09   7.219178e-09   7.356107e-09   8.075492e-09   8.234691e-09   8.650751e-09   8.547057e-09   8.729984e-09
O16   1.005984e-02   1.199677e-02   1.931267e-02   1.826626e-02   2.310753e-02   2.835624e-02   3.152698e-02   3.395538e-02   9.510599e-06   1.011112e-05   1.373571e-01   1.551513e-01   1.691692e-01   1.661233e-01   1.745929e-01   1.869992e-01   1.395595e-05   1.437903e-05   3.605722e-01   1.559039e-05   3.971151e-01   1.676805e-05   4.713068e-01   2.919011e-01   3.922580e-01   5.421653e-01   6.256764e-01   2.076353e-05   2.174130e-05   2.261232e-05   2.327673e-05   2.546696e-05   2.589209e-05   2.636204e-05   2.894659e-05   2.948839e-05   3.101251e-05   3.058485e-05   3.123772e-05
O17   1.082786e-05   1.066106e-05   1.052331e-05   1.055778e-05   1.022638e-05   1.019027e-05   1.003575e-05   1.026339e-05   5.370000e-09   5.609962e-09   9.651542e-06   9.258444e-06   9.230836e-06   1.019211e-05   1.018131e-05   1.002329e-05   6.027950e-09   6.021328e-09   1.003008e-05   6.251887e-09   9.331602e-06   6.569152e-09   1.060532e-05   8.916569e-06   9.698701e-06   9.905068e-06   1.219090e-05   7.827400e-09   8.181211e-09   8.479649e-09   8.701659e-09   9.566707e-09   9.689287e-09   9.847002e-09   1.082347e-08   1.100963e-08   1.159871e-08   1.141037e-08   1.165252e-08
O18   2.649500e-06   2.840471e-06   3.565205e-06   3.470706e-06   3.952742e-06   4.321812e-06   4.537774e-06   4.503323e-06   1.981647e-08   2.108003e-08   1.955554e-05   2.474855e-05   2.990782e-05   2.777116e-05   2.671165e-05   2.892090e-05   2.935713e-08   3.029630e-08   4.908630e-05   3.292549e-08   4.315871e-05   3.546708e-08   3.717227e-05   2.335317e-05   2.166526e-05   2.854552e-05   3.023086e-05   4.405509e-08   4.613633e-08   4.800126e-08   4.943101e-08   5.405983e-08   5.497989e-08   5.599009e-08   6.147390e-08   6.263521e-08   6.585863e-08   6.497094e-08   6.635868e-08
F19   2.277991e-07   2.215739e-07   2.921022e-07   2.802935e-07   2.790510e-07   2.588868e-07   3.154266e-07   5.257264e-07   8.617117e-10   9.162117e-10   3.665593e-07   2.922410e-07   2.890483e-07   1.701277e-06   1.620531e-06   1.794322e-06   1.267018e-09   1.305664e-09   3.985875e-06   1.416041e-09   3.810603e-07   1.523188e-09   3.882675e-06   5.097729e-07   1.260610e-06   8.724733e-07   3.354555e-06   1.886499e-09   1.975351e-09   2.054526e-09   2.114921e-09   2.313853e-09   2.352533e-09   2.395253e-09   2.630065e-09   2.679313e-09   2.817764e-09   2.778946e-09   2.838268e-09
Ne20  1.919194e-03   2.087537e-03   3.249123e-03   3.119985e-03   3.605378e-03   3.714644e-03   4.148087e-03   4.955318e-03   2.922268e-06   3.106653e-06   7.397712e-03   5.525577e-03   5.464773e-03   2.596862e-02   2.683688e-02   2.948191e-02   4.284777e-06   4.414421e-06   6.338203e-02   4.785520e-06   6.443524e-03   5.146597e-06   7.099083e-02   1.643827e-02   4.708330e-02   2.149775e-02   6.515268e-02   6.371717e-06   6.671748e-06   6.938825e-06   7.142524e-06   7.814974e-06   7.945164e-06   8.089234e-06   8.882423e-06   9.048541e-06   9.516437e-06   9.384922e-06   9.585242e-06
Ne21  3.225534e-06   3.188773e-06   3.893355e-06   3.881377e-06   4.258372e-06   5.148939e-06   6.054086e-06   5.241208e-06   7.423103e-09   7.886902e-09   1.139661e-05   1.037469e-05   1.054409e-05   2.180720e-05   2.298636e-05   2.529360e-05   1.082573e-08   1.114892e-08   4.186079e-05   1.207737e-08   1.768235e-05   1.298394e-08   3.920018e-05   2.044127e-05   4.710929e-05   2.889333e-05   5.896247e-05   1.606469e-08   1.682081e-08   1.749299e-08   1.800560e-08   1.970243e-08   2.002939e-08   2.039201e-08   2.239192e-08   2.281012e-08   2.399042e-08   2.365781e-08   2.416274e-08
Ne22  3.209643e-05   3.358596e-05   3.818264e-05   3.832277e-05   4.163336e-05   4.445781e-05   4.671536e-05   4.979655e-05   2.278207e-07   2.422686e-07   1.168659e-04   1.211438e-04   1.286925e-04   1.448520e-04   1.602404e-04   1.710400e-04   3.356699e-07   3.460168e-07   2.594799e-04   3.754106e-07   3.126205e-04   4.039158e-07   3.766978e-04   3.064350e-04   3.523775e-04   4.515948e-04   5.007332e-04   5.004632e-07   5.240455e-07   5.450711e-07   5.611161e-07   6.138670e-07   6.241512e-07   6.355001e-07   6.977932e-07   7.108712e-07   7.475906e-07   7.373131e-07   7.530536e-07
Na23  3.810446e-05   3.541498e-05   4.173939e-05   4.424575e-05   4.538421e-05   4.659724e-05   5.354249e-05   6.914390e-05   5.036989e-08   5.349093e-08   6.958264e-05   6.180678e-05   6.213500e-05   1.967237e-04   1.914037e-04   2.150435e-04   7.171580e-08   7.363739e-08   4.103390e-04   7.932173e-08   7.030383e-05   8.500714e-08   3.037924e-04   9.471021e-05   2.195715e-04   1.911381e-04   5.302699e-04   1.044695e-07   1.093701e-07   1.136290e-07   1.168593e-07   1.280595e-07   1.300483e-07   1.323303e-07   1.453665e-07   1.480104e-07   1.557768e-07   1.534751e-07   1.567442e-07
Mg24  6.074985e-04   8.068212e-04   1.178049e-03   1.032535e-03   1.215263e-03   1.464512e-03   1.518346e-03   1.828841e-03   6.986826e-07   7.427752e-07   1.601477e-03   1.686775e-03   2.200557e-03   5.936271e-03   6.374427e-03   6.693953e-03   1.024363e-06   1.055349e-06   1.175255e-02   1.144024e-06   4.585815e-03   1.230318e-06   1.752991e-02   3.200343e-03   8.715968e-03   4.823651e-03   9.077762e-03   1.523084e-06   1.594809e-06   1.658619e-06   1.707283e-06   1.868082e-06   1.899163e-06   1.933576e-06   2.123194e-06   2.162881e-06   2.274767e-06   2.243272e-06   2.291151e-06
Mg25  1.991589e-05   2.226335e-05   2.675207e-05   2.590688e-05   2.827223e-05   2.807322e-05   2.912465e-05   3.052441e-05   9.205094e-08   9.786195e-08   5.164417e-05   4.928493e-05   5.191965e-05   1.195501e-04   1.240406e-04   1.260354e-04   1.350440e-07   1.391353e-07   2.093796e-04   1.508517e-07   6.773613e-05   1.622442e-07   2.722293e-04   8.664340e-05   1.958228e-04   8.991881e-05   1.650824e-04   2.008983e-07   2.103585e-07   2.187855e-07   2.252135e-07   2.464060e-07   2.505186e-07   2.550652e-07   2.800723e-07   2.853140e-07   3.000611e-07   2.959227e-07   3.022395e-07
Mg26  2.337829e-05   2.638362e-05   2.973045e-05   2.899320e-05   2.996175e-05   2.693541e-05   2.850823e-05   3.618693e-05   1.054638e-07   1.121126e-07   4.432768e-05   3.807351e-05   3.910814e-05   1.175028e-04   1.191430e-04   1.243734e-04   1.545827e-07   1.592569e-07   2.334101e-04   1.726382e-07   4.562791e-05   1.856613e-07   3.131387e-04   6.018693e-05   1.329015e-04   8.341618e-05   1.576118e-04   2.298539e-07   2.406767e-07   2.503120e-07   2.576611e-07   2.819171e-07   2.866148e-07   2.918129e-07   3.204254e-07   3.264191e-07   3.432960e-07   3.385543e-07   3.457808e-07
Al27  3.007481e-05   3.758195e-05   4.787911e-05   4.330311e-05   4.725562e-05   5.989481e-05   6.420486e-05   7.590342e-05   7.949993e-08   8.452001e-08   1.045332e-04   1.242594e-04   1.747447e-04   1.967541e-04   2.065676e-04   2.090204e-04   1.165039e-07   1.200222e-07   3.123626e-04   1.300821e-07   3.078316e-04   1.398797e-07   5.061218e-04   1.573316e-04   2.352971e-04   2.996962e-04   3.247298e-04   1.731163e-07   1.812684e-07   1.885112e-07   1.940335e-07   2.123258e-07   2.158460e-07   2.197507e-07   2.413066e-07   2.458103e-07   2.585368e-07   2.549435e-07   2.603843e-07
Si28  1.047457e-03   1.186125e-03   2.187036e-03   1.943380e-03   2.598394e-03   2.945937e-03   2.947760e-03   1.963922e-03   9.280176e-07   9.865773e-07   3.071461e-02   2.738536e-02   2.692106e-02   1.195799e-02   1.201411e-02   1.163725e-02   1.360582e-06   1.401736e-06   1.561877e-02   1.519522e-06   4.886352e-02   1.634143e-06   1.722117e-02   3.071185e-02   3.246245e-02   5.039026e-02   4.485549e-02   2.023041e-06   2.118303e-06   2.203078e-06   2.267734e-06   2.481274e-06   2.522583e-06   2.568311e-06   2.820159e-06   2.872887e-06   3.021468e-06   2.979679e-06   3.043279e-06
Si29  1.340206e-05   1.519906e-05   1.999054e-05   1.831365e-05   2.111012e-05   2.392111e-05   2.408340e-05   2.138081e-05   4.880562e-08   5.188534e-08   6.271202e-05   7.514265e-05   1.042214e-04   4.755645e-05   5.350129e-05   5.417100e-05   7.155474e-08   7.371908e-08   5.672590e-05   7.991361e-08   2.514769e-04   8.594166e-08   9.923501e-05   1.488310e-04   1.092455e-04   1.640311e-04   1.243766e-04   1.063944e-07   1.114043e-07   1.158628e-07   1.192631e-07   1.304935e-07   1.326660e-07   1.350709e-07   1.483159e-07   1.510889e-07   1.589030e-07   1.567053e-07   1.600501e-07
Si30  1.053544e-05   1.245975e-05   1.616394e-05   1.476671e-05   1.643971e-05   2.034312e-05   2.078555e-05   2.151908e-05   3.327974e-08   3.537973e-08   3.249463e-05   5.198684e-05   9.389752e-05   3.625501e-05   4.298557e-05   4.192145e-05   4.879221e-08   5.026806e-08   3.654794e-05   5.449215e-08   1.701599e-04   5.860267e-08   6.724126e-05   8.558110e-05   6.110543e-05   1.102509e-04   7.158405e-05   7.254937e-08   7.596561e-08   7.900586e-08   8.132457e-08   8.898235e-08   9.046383e-08   9.210373e-08   1.011354e-07   1.030263e-07   1.083546e-07   1.068561e-07   1.091369e-07
P31   4.178836e-06   4.732162e-06   7.387436e-06   6.464081e-06   8.147711e-06   9.742145e-06   9.969223e-06   9.037693e-06   9.201179e-09   9.781818e-09   1.778349e-04   1.678366e-04   1.869344e-04   3.049362e-05   2.990733e-05   2.786810e-05   1.348978e-08   1.389779e-08   4.016267e-05   1.506548e-08   2.611560e-04   1.620183e-08   4.088556e-05   1.494425e-04   7.620081e-05   2.654053e-04   2.002125e-04   2.005732e-08   2.100179e-08   2.184224e-08   2.248321e-08   2.460044e-08   2.500992e-08   2.546324e-08   2.796020e-08   2.848293e-08   2.995609e-08   2.954169e-08   3.017223e-08
S32   4.512399e-04   5.124043e-04   9.927186e-04   8.435780e-04   1.188473e-03   1.273380e-03   1.279807e-03   7.519653e-04   4.778723e-07   5.080269e-07   2.634107e-02   2.247884e-02   2.016247e-02   6.820900e-03   6.382326e-03   6.000442e-03   7.006166e-07   7.218084e-07   9.698178e-03   7.824611e-07   3.237386e-02   8.414838e-07   8.737285e-03   1.531491e-02   1.839511e-02   3.176963e-02   2.815339e-02   1.041743e-06   1.090797e-06   1.134451e-06   1.167745e-06   1.277705e-06   1.298977e-06   1.322524e-06   1.452210e-06   1.479362e-06   1.555872e-06   1.534354e-06   1.567104e-06
S33   1.771999e-06   1.920950e-06   3.191019e-06   2.704821e-06   3.599113e-06   3.829179e-06   3.848002e-06   2.777210e-06   3.882147e-09   4.127118e-09   1.151582e-04   1.562511e-04   1.650340e-04   1.926957e-05   1.691260e-05   1.532455e-05   5.691681e-09   5.863838e-09   2.639352e-05   6.356569e-09   2.864880e-04   6.836057e-09   2.110473e-05   1.117298e-04   8.032952e-05   2.406529e-04   1.441670e-04   8.462920e-09   8.861426e-09   9.216065e-09   9.486538e-09   1.037983e-08   1.055264e-08   1.074393e-08   1.179748e-08   1.201805e-08   1.263961e-08   1.246479e-08   1.273085e-08
S34   5.999244e-06   6.368296e-06   8.176513e-06   7.975476e-06   9.068624e-06   9.607149e-06   9.484192e-06   7.995962e-06   2.241475e-08   2.382917e-08   2.236867e-04   3.012436e-04   2.622824e-04   4.500090e-05   3.827362e-05   3.322162e-05   3.286265e-08   3.385666e-08   5.971853e-05   3.670159e-08   6.228559e-04   3.947007e-08   3.839084e-05   2.157467e-04   1.260891e-04   3.089473e-04   1.931290e-04   4.886328e-08   5.116418e-08   5.321181e-08   5.477347e-08   5.993118e-08   6.092894e-08   6.203342e-08   6.811640e-08   6.938997e-08   7.297869e-08   7.196936e-08   7.350551e-08
S36   1.468156e-08   1.512313e-08   1.605372e-08   1.622417e-08   1.694370e-08   1.773329e-08   1.818131e-08   1.789571e-08   8.246962e-11   8.767360e-11   5.036479e-08   4.992770e-08   5.178198e-08   2.882933e-08   2.961941e-08   2.996135e-08   1.209101e-10   1.245673e-10   3.598913e-08   1.350346e-10   7.894508e-08   1.452205e-10   4.305599e-08   6.162075e-08   8.353095e-08   8.171209e-08   7.357845e-08   1.797805e-10   1.882461e-10   1.957799e-10   2.015256e-10   2.205021e-10   2.241732e-10   2.282368e-10   2.506177e-10   2.553034e-10   2.685073e-10   2.647937e-10   2.704456e-10
Cl35  1.303887e-06   1.371778e-06   1.879877e-06   1.768013e-06   2.141844e-06   2.270091e-06   2.278587e-06   1.931602e-06   5.040794e-09   5.358877e-09   1.970233e-04   1.954057e-04   1.913874e-04   1.302811e-05   1.045863e-05   8.950207e-06   7.390393e-09   7.613932e-09   1.939408e-05   8.253722e-09   1.779514e-04   8.876317e-09   1.194722e-05   1.296278e-04   5.245175e-05   2.702327e-04   1.767464e-04   1.098873e-08   1.150617e-08   1.196666e-08   1.231786e-08   1.347776e-08   1.370214e-08   1.395053e-08   1.531851e-08   1.560492e-08   1.641198e-08   1.618500e-08   1.653045e-08
Cl37  3.995100e-07   4.150420e-07   5.587724e-07   5.169132e-07   6.241715e-07   6.632559e-07   6.622394e-07   5.405550e-07   1.704513e-09   1.812071e-09   4.505585e-05   5.720086e-05   5.050203e-05   4.169643e-06   3.342402e-06   2.839206e-06   2.499015e-09   2.574604e-09   6.492562e-06   2.790945e-09   8.254450e-05   3.001472e-09   3.876945e-06   1.881954e-05   1.639430e-05   7.054712e-05   3.739892e-05   3.715772e-09   3.890742e-09   4.046452e-09   4.165207e-09   4.557421e-09   4.633295e-09   4.717284e-09   5.179860e-09   5.276708e-09   5.549609e-09   5.472856e-09   5.589671e-09
Ar36  9.395164e-05   1.074372e-04   2.087178e-04   1.697541e-04   2.425758e-04   2.577202e-04   2.606368e-04   1.519782e-04   1.069411e-07   1.136893e-07   7.245371e-03   6.803021e-03   5.773868e-03   1.375181e-03   1.264291e-03   1.194034e-03   1.567882e-07   1.615306e-07   2.079843e-03   1.751039e-07   9.590450e-03   1.883123e-07   1.794744e-03   2.932026e-03   3.703690e-03   8.418952e-03   6.049144e-03   2.331275e-07   2.441051e-07   2.538744e-07   2.613251e-07   2.859326e-07   2.906929e-07   2.959624e-07   3.249844e-07   3.310606e-07   3.481824e-07   3.433669e-07   3.506959e-07
Ar38  4.302025e-06   4.475127e-06   5.262977e-06   5.149521e-06   5.873455e-06   6.212270e-06   6.185075e-06   5.451264e-06   2.052056e-08   2.181545e-08   4.526349e-04   4.659273e-04   3.420206e-04   6.519869e-05   4.903882e-05   3.923406e-05   3.008554e-08   3.099555e-08   1.073596e-04   3.360007e-08   6.610384e-04   3.613459e-08   4.877528e-05   1.769367e-04   1.385554e-04   4.069381e-04   2.703076e-04   4.473402e-08   4.684048e-08   4.871507e-08   5.014476e-08   5.486661e-08   5.578005e-08   5.679119e-08   6.236013e-08   6.352607e-08   6.681152e-08   6.588749e-08   6.729382e-08
Ar40  5.886639e-09   6.040277e-09   6.272751e-09   6.408435e-09   6.593573e-09   6.890263e-09   7.053784e-09   7.047576e-09   3.372982e-11   3.585806e-11   8.637800e-09   8.871128e-09   9.450172e-09   9.959639e-09   1.063485e-08   1.092470e-08   4.945018e-11   5.094573e-11   1.141680e-08   5.522629e-11   1.199084e-08   5.939177e-11   1.287204e-08   1.317608e-08   3.106809e-08   1.297964e-08   1.428367e-08   7.352492e-11   7.698696e-11   8.006789e-11   8.241755e-11   9.017832e-11   9.167949e-11   9.334118e-11   1.024942e-10   1.044104e-10   1.098102e-10   1.082911e-10   1.106023e-10
K39   1.156865e-06   1.213850e-06   1.640693e-06   1.505264e-06   1.809746e-06   1.910942e-06   1.887381e-06   1.517247e-06   4.712597e-09   5.009970e-09   3.195369e-04   2.875734e-04   2.621330e-04   1.632880e-05   1.227009e-05   9.936023e-06   6.909218e-09   7.118203e-09   2.976844e-05   7.716337e-09   2.168046e-04   8.298397e-09   1.452942e-05   1.007687e-04   6.640995e-05   3.397748e-04   2.285169e-04   1.027328e-08   1.075703e-08   1.118753e-08   1.151587e-08   1.260025e-08   1.281002e-08   1.304223e-08   1.432115e-08   1.458891e-08   1.534343e-08   1.513122e-08   1.545419e-08
K40   1.793452e-09   1.889894e-09   2.390727e-09   2.284238e-09   2.658539e-09   2.898023e-09   2.970030e-09   2.809376e-09   7.548027e-12   8.025882e-12   2.301718e-07   2.295308e-07   2.963681e-07   1.438582e-08   1.226551e-08   1.139739e-08   1.108192e-11   1.141892e-11   2.627553e-08   1.238171e-11   3.471926e-07   1.331898e-11   2.084480e-08   2.501512e-07   1.181956e-07   4.580336e-07   3.222751e-07   1.649889e-11   1.727702e-11   1.796986e-11   1.849885e-11   2.024098e-11   2.057949e-11   2.095451e-11   2.300885e-11   2.344108e-11   2.465434e-11   2.431638e-11   2.483740e-11
K41   8.914074e-08   9.274489e-08   1.288713e-07   1.178176e-07   1.483046e-07   1.572752e-07   1.552405e-07   1.214219e-07   3.575378e-10   3.800991e-10   2.700897e-05   4.275064e-05   3.405184e-05   1.211798e-06   1.006369e-06   7.968229e-07   5.241922e-10   5.400476e-10   2.443430e-06   5.854272e-10   3.501590e-05   6.295872e-10   1.178063e-06   3.590042e-06   5.034550e-06   2.296353e-05   1.547655e-05   7.794184e-10   8.161200e-10   8.487817e-10   8.736918e-10   9.559624e-10   9.718777e-10   9.894952e-10   1.086525e-09   1.106840e-09   1.164083e-09   1.147984e-09   1.172487e-09
Ca40  8.637569e-05   9.972893e-05   1.991248e-04   1.533806e-04   2.245917e-04   2.388132e-04   2.432642e-04   1.379196e-04   7.974494e-08   8.477699e-08   6.279464e-03   3.994364e-03   2.698780e-03   1.137724e-03   1.070157e-03   1.040848e-03   1.169154e-07   1.204518e-07   1.900769e-03   1.305732e-07   3.078003e-03   1.404226e-07   1.643934e-03   1.428802e-03   2.583225e-03   2.809676e-03   3.715987e-03   1.738408e-07   1.820267e-07   1.893115e-07   1.948675e-07   2.132170e-07   2.167667e-07   2.206961e-07   2.423376e-07   2.468685e-07   2.596361e-07   2.560452e-07   2.615104e-07
Ca42  1.204868e-07   1.257546e-07   1.506394e-07   1.469918e-07   1.666258e-07   1.785900e-07   1.741168e-07   1.519008e-07   5.588578e-10   5.941227e-10   3.794344e-05   4.400209e-05   3.311695e-05   2.588375e-06   1.861923e-06   1.450381e-06   8.193508e-10   8.441340e-10   4.849644e-06   9.150656e-10   5.183699e-05   9.840909e-10   1.905958e-06   1.047287e-05   6.937554e-06   4.006138e-05   1.974652e-05   1.218288e-09   1.275655e-09   1.326708e-09   1.365644e-09   1.494239e-09   1.519116e-09   1.546654e-09   1.698318e-09   1.730071e-09   1.819547e-09   1.794382e-09   1.832682e-09
Ca43  3.619124e-08   3.988980e-08   4.876444e-08   5.277728e-08   4.676246e-08   5.497749e-08   4.665342e-08   4.066038e-08   1.193882e-10   1.269218e-10   3.792017e-07   3.829867e-07   3.474342e-07   1.205285e-07   1.746160e-07   1.143198e-07   1.750371e-10   1.803315e-10   2.492909e-07   1.954845e-10   5.956619e-07   2.102303e-10   1.619786e-07   2.534069e-07   2.275798e-07   4.377751e-07   4.181525e-07   2.602616e-10   2.725169e-10   2.834232e-10   2.917412e-10   3.192128e-10   3.245272e-10   3.304100e-10   3.628099e-10   3.695933e-10   3.887080e-10   3.833320e-10   3.915140e-10
Ca44  8.675241e-07   9.430190e-07   1.260146e-06   1.196400e-06   1.348893e-06   1.417601e-06   1.391581e-06   1.217926e-06   1.887571e-09   2.006680e-09   4.940009e-06   4.590465e-06   3.520301e-06   3.908207e-06   4.014986e-06   4.054577e-06   2.767399e-09   2.851105e-09   4.914943e-06   3.090681e-09   5.825529e-06   3.323817e-09   6.170734e-06   5.926996e-06   8.610567e-06   6.451295e-06   7.378890e-06   4.114830e-09   4.308591e-09   4.481024e-09   4.612533e-09   5.046869e-09   5.130891e-09   5.223901e-09   5.736155e-09   5.843404e-09   6.145614e-09   6.060618e-09   6.189978e-09
Ca46  6.566244e-10   6.739906e-10   6.994672e-10   7.163483e-10   7.361829e-10   7.878414e-10   8.036839e-10   7.768622e-10   3.784045e-12   4.022825e-12   8.865877e-10   9.037619e-10   9.260190e-10   1.196495e-09   1.342036e-09   1.379186e-09   5.547852e-12   5.715659e-12   1.140050e-09   6.195940e-12   1.077192e-09   6.663312e-12   1.304410e-09   1.382134e-09   5.178702e-09   1.146020e-09   1.266477e-09   8.249069e-12   8.637505e-12   8.983184e-12   9.246823e-12   1.011754e-11   1.028598e-11   1.047244e-11   1.149937e-11   1.171437e-11   1.232022e-11   1.214982e-11   1.240915e-11
Ca48  3.168639e-08   3.246169e-08   3.329571e-08   3.409414e-08   3.480305e-08   3.595179e-08   3.683565e-08   3.761761e-08   1.845989e-10   1.962474e-10   4.069612e-08   4.142720e-08   4.220958e-08   4.318887e-08   4.395808e-08   4.476931e-08   2.706435e-10   2.788297e-10   4.743966e-08   3.022595e-10   4.844905e-08   3.250596e-10   5.052952e-08   5.088583e-08   5.217872e-08   5.250233e-08   5.369793e-08   4.024183e-10   4.213675e-10   4.382310e-10   4.510922e-10   4.935690e-10   5.017861e-10   5.108822e-10   5.609792e-10   5.714677e-10   6.010230e-10   5.927106e-10   6.053617e-10
Sc45  1.083665e-08   1.132486e-08   1.325984e-08   1.420459e-08   1.405344e-08   1.622144e-08   1.474480e-08   1.360332e-08   5.456455e-11   5.800766e-11   3.738538e-07   4.372263e-07   3.362918e-07   5.386482e-08   4.948065e-08   4.248304e-08   7.999800e-11   8.241772e-11   1.033432e-07   8.934319e-11   4.117221e-07   9.608253e-11   6.469821e-08   1.246703e-07   1.367493e-07   3.821505e-07   2.254757e-07   1.189486e-10   1.245497e-10   1.295342e-10   1.333358e-10   1.458913e-10   1.483202e-10   1.510088e-10   1.658167e-10   1.689170e-10   1.776530e-10   1.751960e-10   1.789355e-10
Ti46  6.937148e-08   6.991110e-08   8.179276e-08   8.801318e-08   9.426586e-08   9.748178e-08   9.198080e-08   8.575170e-08   3.352521e-10   3.564071e-10   1.248561e-05   6.722287e-06   4.697235e-06   1.045018e-06   8.182210e-07   7.250931e-07   4.915188e-10   5.063859e-10   2.122778e-06   5.489369e-10   6.366604e-06   5.903444e-10   1.133303e-06   1.607301e-06   1.459118e-06   4.454278e-06   3.106730e-06   7.308364e-10   7.652504e-10   7.958763e-10   8.192337e-10   8.963763e-10   9.112995e-10   9.278190e-10   1.018801e-09   1.037849e-09   1.091525e-09   1.076429e-09   1.099404e-09
Ti47  9.257083e-08   9.844967e-08   1.150139e-07   1.443878e-07   1.350915e-07   1.299132e-07   1.173685e-07   1.093431e-07   3.088229e-10   3.283102e-10   4.931164e-07   3.193497e-07   3.830090e-07   2.851354e-07   2.683951e-07   3.021996e-07   4.527705e-10   4.664656e-10   3.434923e-07   5.056622e-10   5.071341e-07   5.438053e-10   4.636111e-07   3.880896e-07   5.439887e-07   5.395829e-07   4.263450e-07   6.732219e-10   7.049228e-10   7.331344e-10   7.546504e-10   8.257116e-10   8.394584e-10   8.546755e-10   9.384848e-10   9.560316e-10   1.005476e-09   9.915696e-10   1.012734e-09
Ti48  2.891546e-06   3.201053e-06   5.021205e-06   4.630061e-06   5.506849e-06   6.005085e-06   5.765380e-06   4.270391e-06   3.126189e-09   3.323457e-09   1.008959e-05   8.795775e-06   8.705464e-06   1.762843e-05   1.781342e-05   1.936785e-05   4.583358e-09   4.721992e-09   2.118325e-05   5.118776e-09   1.830189e-05   5.504896e-09   2.993604e-05   2.735785e-05   4.328405e-05   2.455038e-05   3.002809e-05   6.814969e-09   7.135875e-09   7.421458e-09   7.639263e-09   8.358609e-09   8.497767e-09   8.651809e-09   9.500204e-09   9.677828e-09   1.017835e-08   1.003758e-08   1.025182e-08
Ti49  9.549576e-08   1.040589e-07   1.659733e-07   2.165660e-07   1.789759e-07   2.138378e-07   1.871658e-07   1.372237e-07   2.341589e-10   2.489347e-10   6.260848e-07   4.850615e-07   4.698438e-07   5.833915e-07   6.012055e-07   6.175097e-07   3.433043e-10   3.536883e-10   8.385558e-07   3.834084e-10   8.380004e-07   4.123296e-10   9.790557e-07   8.602511e-07   1.577601e-06   8.417237e-07   1.169178e-06   5.104572e-10   5.344938e-10   5.558846e-10   5.721988e-10   6.260795e-10   6.365027e-10   6.480408e-10   7.115876e-10   7.248920e-10   7.623821e-10   7.518381e-10   7.678856e-10
Ti50  3.955672e-08   4.057012e-08   4.181137e-08   4.277743e-08   4.380011e-08   4.545237e-08   4.660533e-08   4.738111e-08   2.290334e-10   2.434858e-10   5.312527e-08   5.388451e-08   5.512824e-08   5.915836e-08   6.086286e-08   6.240908e-08   3.357897e-10   3.459465e-10   6.964660e-08   3.750160e-10   6.592105e-08   4.033042e-10   7.783674e-08   7.037030e-08   8.339867e-08   7.492505e-08   8.403158e-08   4.992838e-10   5.227943e-10   5.437169e-10   5.596740e-10   6.123753e-10   6.225704e-10   6.338559e-10   6.960117e-10   7.090250e-10   7.456944e-10   7.353812e-10   7.510774e-10
V50   2.784614e-10   2.979189e-10   3.997217e-10   3.503571e-10   4.170656e-10   4.419439e-10   4.471436e-10   4.319816e-10   1.234540e-12   1.312442e-12   1.053824e-08   4.209694e-09   5.109754e-09   1.919248e-09   1.738663e-09   1.668458e-09   1.809980e-12   1.864727e-12   3.867356e-09   2.021418e-12   9.909183e-09   2.173897e-12   3.363878e-09   3.025650e-09   2.101920e-09   3.294708e-09   3.280255e-09   2.691249e-12   2.817975e-12   2.930753e-12   3.016765e-12   3.300836e-12   3.355790e-12   3.416621e-12   3.751655e-12   3.821799e-12   4.019455e-12   3.963865e-12   4.048471e-12
V51   2.622083e-07   2.817142e-07   4.980952e-07   4.105355e-07   5.053290e-07   5.765130e-07   5.404503e-07   3.644415e-07   5.030171e-10   5.347584e-10   2.410605e-06   1.370655e-06   1.169184e-06   1.591777e-06   1.629983e-06   1.604732e-06   7.374819e-10   7.597887e-10   2.442534e-06   8.236329e-10   1.934812e-06   8.857612e-10   2.689987e-06   1.733601e-06   2.700222e-06   1.974441e-06   2.613388e-06   1.096558e-09   1.148193e-09   1.194144e-09   1.229190e-09   1.344936e-09   1.367327e-09   1.392113e-09   1.528623e-09   1.557204e-09   1.637739e-09   1.615089e-09   1.649562e-09
Cr50  2.603396e-07   2.760241e-07   4.154674e-07   3.880224e-07   4.542411e-07   4.814279e-07   4.647610e-07   3.439534e-07   1.024856e-09   1.089527e-09   2.080091e-05   5.490449e-06   3.359316e-06   3.166162e-06   2.942128e-06   2.762027e-06   1.502559e-09   1.548008e-09   5.840438e-06   1.678085e-09   3.886549e-06   1.804666e-09   4.880614e-06   2.478546e-06   3.879360e-06   3.322998e-06   4.195975e-06   2.234147e-09   2.339349e-09   2.432972e-09   2.504375e-09   2.740197e-09   2.785817e-09   2.836317e-09   3.114445e-09   3.172676e-09   3.336761e-09   3.290612e-09   3.360848e-09
Cr52  2.080807e-05   2.224685e-05   4.516926e-05   3.035979e-05   4.526854e-05   5.548839e-05   5.346366e-05   2.936967e-05   2.055171e-08   2.184856e-08   8.248912e-05   7.421576e-05   6.876610e-05   1.601451e-04   1.629950e-04   1.785195e-04   3.013121e-08   3.104259e-08   1.979742e-04   3.365107e-08   1.620881e-04   3.618944e-08   2.873584e-04   2.408961e-04   3.950687e-04   2.089949e-04   2.764471e-04   4.480191e-08   4.691157e-08   4.878900e-08   5.022087e-08   5.494988e-08   5.586471e-08   5.687739e-08   6.245477e-08   6.362248e-08   6.691292e-08   6.598749e-08   6.739595e-08
Cr53  1.429909e-06   1.539228e-06   2.879440e-06   2.132694e-06   2.932117e-06   3.414105e-06   3.300808e-06   1.991732e-06   2.375158e-09   2.525034e-09   6.818534e-06   5.792854e-06   5.299379e-06   1.059805e-05   1.103216e-05   1.132504e-05   3.482259e-09   3.587587e-09   1.536500e-05   3.889048e-09   1.080631e-05   4.182407e-09   1.842703e-05   1.382338e-05   2.251636e-05   1.243379e-05   1.783068e-05   5.177750e-09   5.421562e-09   5.638537e-09   5.804017e-09   6.350549e-09   6.456275e-09   6.573310e-09   7.217888e-09   7.352840e-09   7.733115e-09   7.626163e-09   7.788939e-09
Cr54  1.124503e-07   1.183518e-07   1.461209e-07   1.282201e-07   1.491816e-07   1.489753e-07   1.491518e-07   1.401528e-07   6.023239e-10   6.403316e-10   3.304916e-07   2.524553e-07   2.420205e-07   2.847867e-07   2.834116e-07   2.838411e-07   8.830772e-10   9.097879e-10   4.199101e-07   9.862364e-10   3.224667e-07   1.060630e-09   4.321256e-07   2.831391e-07   3.545439e-07   3.241839e-07   3.959009e-07   1.313042e-09   1.374872e-09   1.429895e-09   1.471860e-09   1.610456e-09   1.637268e-09   1.666947e-09   1.830408e-09   1.864631e-09   1.961066e-09   1.933943e-09   1.975222e-09
Mn55  7.846497e-06   8.181394e-06   1.494871e-05   1.018093e-05   1.798442e-05   1.579317e-05   1.669339e-05   1.082025e-05   1.796867e-08   1.910252e-08   4.261551e-05   2.661192e-05   2.399724e-05   4.835471e-05   4.831865e-05   4.731107e-05   2.634417e-08   2.714101e-08   6.571583e-05   2.942164e-08   4.495031e-05   3.164097e-08   8.101408e-05   4.734943e-05   6.905199e-05   4.492089e-05   6.442169e-05   3.917099e-08   4.101549e-08   4.265696e-08   4.390886e-08   4.804351e-08   4.884336e-08   4.972876e-08   5.460515e-08   5.562610e-08   5.850298e-08   5.769386e-08   5.892530e-08
Fe54  2.426300e-05   2.638573e-05   4.102723e-05   3.239019e-05   4.376152e-05   4.449677e-05   4.511392e-05   3.172385e-05   9.893099e-08   1.051737e-07   2.092416e-04   1.104469e-04   9.312494e-05   1.843374e-04   1.843625e-04   1.837119e-04   1.450444e-07   1.494316e-07   2.897329e-04   1.619882e-07   1.629887e-04   1.742073e-07   3.017049e-04   1.637671e-04   2.462584e-04   1.393930e-04   1.956199e-04   2.156657e-07   2.258210e-07   2.348586e-07   2.417512e-07   2.645155e-07   2.689193e-07   2.737941e-07   3.006423e-07   3.062634e-07   3.221027e-07   3.176479e-07   3.244279e-07
Fe56  1.837244e-03   1.985610e-03   4.471704e-03   3.231874e-03   5.177779e-03   5.042390e-03   4.945576e-03   2.499953e-03   1.610454e-06   1.712076e-06   6.337661e-03   5.205545e-03   4.734959e-03   1.242035e-02   1.352515e-02   1.448349e-02   2.361113e-06   2.432530e-06   1.534028e-02   2.636933e-06   1.138287e-02   2.835843e-06   2.190586e-02   1.738048e-02   2.734615e-02   1.441397e-02   1.905899e-02   3.510725e-06   3.676040e-06   3.823158e-06   3.935360e-06   4.305931e-06   4.377618e-06   4.456972e-06   4.894022e-06   4.985525e-06   5.243367e-06   5.170849e-06   5.281218e-06
Fe57  6.052923e-05   7.405805e-05   1.540216e-04   1.011243e-04   1.754274e-04   1.476763e-04   1.432612e-04   7.895572e-05   3.785941e-08   4.024840e-08   2.026447e-04   1.545887e-04   1.300199e-04   3.413622e-04   3.692817e-04   3.999617e-04   5.550632e-08   5.718523e-08   4.205619e-04   6.199044e-08   3.172034e-04   6.666651e-08   5.904329e-04   4.437124e-04   6.329985e-04   3.708469e-04   4.842832e-04   8.253202e-08   8.641833e-08   8.987685e-08   9.251456e-08   1.012261e-07   1.029114e-07   1.047769e-07   1.150513e-07   1.172024e-07   1.232639e-07   1.215591e-07   1.241537e-07
Fe58  1.397752e-06   2.546478e-06   6.872849e-06   2.642517e-06   6.268373e-06   3.879146e-06   1.991866e-06   1.545749e-06   5.124638e-09   5.448012e-09   3.638915e-06   2.003385e-06   2.106376e-06   2.873888e-06   3.414412e-06   3.888377e-06   7.513318e-09   7.740576e-09   4.394611e-06   8.391008e-09   3.364623e-06   9.023959e-09   5.813519e-06   4.165146e-06   6.644145e-06   6.472369e-06   7.837985e-06   1.117151e-08   1.169756e-08   1.216570e-08   1.252274e-08   1.370194e-08   1.393005e-08   1.418257e-08   1.557331e-08   1.586448e-08   1.668496e-08   1.645420e-08   1.680541e-08
Co59  3.169930e-06   4.336391e-06   1.059702e-05   6.301847e-06   1.113391e-05   7.055698e-06   6.688233e-06   3.779792e-06   4.797917e-09   5.100674e-09   1.272545e-05   8.295897e-06   1.220550e-05   1.490182e-05   1.307591e-05   1.710513e-05   7.034307e-09   7.247076e-09   1.831715e-05   7.856039e-09   1.352342e-05   8.448637e-09   3.121404e-05   1.568003e-05   3.471301e-05   1.991683e-05   1.520886e-05   1.045927e-08   1.095178e-08   1.139008e-08   1.172436e-08   1.282837e-08   1.304194e-08   1.327836e-08   1.458043e-08   1.485304e-08   1.562121e-08   1.540517e-08   1.573398e-08
Ni58  4.968086e-05   1.343546e-04   3.477902e-04   1.253727e-04   3.299066e-04   1.751808e-04   1.004933e-04   3.986361e-05   6.903346e-08   7.338959e-08   1.818347e-04   6.123968e-05   5.327380e-05   8.503743e-05   9.748751e-05   1.238303e-04   1.012111e-07   1.042725e-07   1.406427e-04   1.130344e-07   9.036205e-05   1.215608e-07   1.451295e-04   1.118828e-04   1.213677e-04   1.712051e-04   1.446397e-04   1.504902e-07   1.575766e-07   1.638829e-07   1.686926e-07   1.845774e-07   1.876503e-07   1.910519e-07   2.097864e-07   2.137088e-07   2.247614e-07   2.216528e-07   2.263839e-07
Ni60  5.183293e-05   5.706758e-05   1.198156e-04   1.030908e-04   1.422334e-04   1.367670e-04   1.254898e-04   7.377438e-05   2.750745e-08   2.924321e-08   1.600132e-04   1.385849e-04   1.341862e-04   3.255892e-04   3.673732e-04   3.837782e-04   4.032913e-08   4.154898e-08   4.274666e-04   4.504029e-08   2.967677e-04   4.843777e-08   5.856763e-04   4.703013e-04   7.077918e-04   4.011753e-04   4.932525e-04   5.996515e-08   6.278882e-08   6.530167e-08   6.721815e-08   7.354770e-08   7.477216e-08   7.612758e-08   8.359263e-08   8.515555e-08   8.955964e-08   8.832099e-08   9.020615e-08
Ni61  2.558073e-06   3.655182e-06   7.842887e-06   4.688245e-06   8.573940e-06   6.640592e-06   5.712304e-06   3.219339e-06   1.215687e-09   1.292399e-09   8.043292e-06   5.622115e-06   4.991626e-06   1.210263e-05   1.330680e-05   1.409103e-05   1.782339e-09   1.836250e-09   1.535798e-05   1.990548e-09   1.139891e-05   2.140699e-09   2.096134e-05   1.585039e-05   2.014550e-05   1.450089e-05   1.667815e-05   2.650150e-09   2.774941e-09   2.885996e-09   2.970695e-09   3.250428e-09   3.304543e-09   3.364445e-09   3.694362e-09   3.763435e-09   3.958073e-09   3.903331e-09   3.986645e-09
Ni62  1.118350e-05   2.505673e-05   5.478754e-05   2.494326e-05   5.465111e-05   3.327657e-05   2.417593e-05   1.033437e-05   3.939585e-09   4.188179e-09   3.719757e-05   1.897781e-05   1.558650e-05   3.783306e-05   4.338343e-05   4.765752e-05   5.775891e-09   5.950596e-09   5.378355e-05   6.450618e-09   3.625294e-05   6.937202e-09   6.597022e-05   4.388118e-05   4.309906e-05   4.691488e-05   4.777524e-05   8.588139e-09   8.992542e-09   9.352430e-09   9.626905e-09   1.053342e-08   1.070878e-08   1.090290e-08   1.197204e-08   1.219588e-08   1.282663e-08   1.264923e-08   1.291922e-08
Ni64  1.793510e-07   1.840209e-07   1.985234e-07   1.942078e-07   1.992730e-07   2.068371e-07   2.111767e-07   2.146212e-07   1.035692e-09   1.101046e-09   2.440232e-07   2.480556e-07   2.545143e-07   2.744216e-07   2.841309e-07   2.913819e-07   1.518445e-09   1.564374e-09   3.260878e-07   1.695827e-09   3.037220e-07   1.823746e-09   3.681014e-07   3.260743e-07   4.465453e-07   3.479791e-07   3.990664e-07   2.257767e-09   2.364082e-09   2.458694e-09   2.530852e-09   2.769168e-09   2.815271e-09   2.866304e-09   3.147373e-09   3.206219e-09   3.372039e-09   3.325402e-09   3.396381e-09
Cu63  6.063648e-07   7.408853e-07   1.602804e-06   1.115620e-06   1.282653e-06   1.021873e-06   7.008925e-07   8.769032e-07   8.377965e-10   8.906629e-10   1.202421e-06   1.006351e-06   1.171813e-06   1.848830e-06   1.832352e-06   2.263942e-06   1.228308e-09   1.265461e-09   2.130470e-06   1.371796e-09   2.110034e-06   1.475273e-09   2.888383e-06   5.199997e-06   1.232026e-05   4.236553e-06   4.353870e-06   1.826363e-09   1.912364e-09   1.988898e-09   2.047269e-09   2.240048e-09   2.277341e-09   2.318624e-09   2.545987e-09   2.593589e-09   2.727725e-09   2.690000e-09   2.747416e-09
Cu65  1.103487e-07   1.474215e-07   2.501118e-07   1.639471e-07   2.381651e-07   1.942590e-07   1.523277e-07   1.294806e-07   3.852020e-10   4.095089e-10   2.265311e-07   1.638833e-07   1.603886e-07   2.367495e-07   2.617893e-07   2.706541e-07   5.647511e-10   5.818333e-10   3.008908e-07   6.307241e-10   2.583413e-07   6.783009e-10   3.726520e-07   3.448269e-07   4.756031e-07   3.768152e-07   4.403249e-07   8.397251e-10   8.792665e-10   9.144554e-10   9.412929e-10   1.029929e-09   1.047076e-09   1.066056e-09   1.170594e-09   1.192480e-09   1.254153e-09   1.236808e-09   1.263207e-09
Zn64  1.146192e-06   1.096763e-06   2.031107e-06   3.197175e-06   1.915154e-06   2.724985e-06   1.412547e-06   2.123344e-06   1.424839e-09   1.514748e-09   3.620428e-06   2.964142e-06   4.543481e-06   6.626646e-06   6.921199e-06   7.761361e-06   2.088980e-09   2.152166e-09   8.401549e-06   2.333010e-09   5.410612e-06   2.508994e-09   1.325613e-05   1.603294e-05   3.489068e-05   1.437646e-05   1.769984e-05   3.106092e-09   3.252353e-09   3.382515e-09   3.481785e-09   3.809645e-09   3.873069e-09   3.943278e-09   4.329955e-09   4.410911e-09   4.639035e-09   4.574876e-09   4.672524e-09
Zn66  4.128283e-07   7.157136e-07   1.206650e-06   7.328757e-07   1.249490e-06   9.033388e-07   7.126232e-07   4.498765e-07   8.286655e-10   8.809557e-10   1.063975e-06   6.809910e-07   6.312193e-07   1.198005e-06   1.272387e-06   1.404529e-06   1.214920e-09   1.251668e-09   1.534353e-06   1.356845e-09   1.173908e-06   1.459194e-09   1.945012e-06   1.624622e-06   2.063922e-06   1.631935e-06   1.620322e-06   1.806458e-09   1.891521e-09   1.967222e-09   2.024956e-09   2.215634e-09   2.252521e-09   2.293353e-09   2.518239e-09   2.565322e-09   2.697996e-09   2.660682e-09   2.717472e-09
Zn67  2.331999e-08   2.896874e-08   4.754759e-08   3.471164e-08   3.346036e-08   3.679965e-08   2.742232e-08   2.680684e-08   1.225624e-10   1.302963e-10   3.305206e-08   3.143978e-08   3.320404e-08   3.586761e-08   3.813565e-08   3.774838e-08   1.796908e-10   1.851260e-10   4.704638e-08   2.006819e-10   3.822804e-08   2.158198e-10   4.736019e-08   4.693268e-08   7.444227e-08   6.054273e-08   6.300173e-08   2.671813e-10   2.797624e-10   2.909587e-10   2.994978e-10   3.276998e-10   3.331555e-10   3.391947e-10   3.724561e-10   3.794198e-10   3.990427e-10   3.935238e-10   4.019233e-10
Zn68  9.916730e-08   1.032120e-07   1.617621e-07   1.324599e-07   1.220793e-07   1.339741e-07   1.150849e-07   1.191410e-07   5.679996e-10   6.038414e-10   1.355959e-07   1.380449e-07   1.670428e-07   1.558006e-07   1.617362e-07   1.670799e-07   8.327538e-10   8.579423e-10   1.992898e-07   9.300343e-10   1.685228e-07   1.000189e-09   2.254699e-07   2.132744e-07   3.062890e-07   2.591104e-07   2.612760e-07   1.238217e-09   1.296523e-09   1.348410e-09   1.387984e-09   1.518682e-09   1.543966e-09   1.571954e-09   1.726099e-09   1.758372e-09   1.849312e-09   1.823735e-09   1.862661e-09
Zn70  3.328911e-09   3.410889e-09   3.508299e-09   3.593271e-09   3.671824e-09   3.859250e-09   3.954392e-09   3.944817e-09   1.935327e-11   2.057449e-11   4.250454e-09   4.327917e-09   4.411725e-09   4.891098e-09   5.132718e-09   5.234814e-09   2.837415e-11   2.923239e-11   4.999337e-09   3.168876e-11   5.072149e-09   3.407911e-11   5.454861e-09   5.702327e-09   7.674242e-09   5.475385e-09   5.722184e-09   4.218936e-11   4.417599e-11   4.594395e-11   4.729231e-11   5.174556e-11   5.260705e-11   5.356067e-11   5.881282e-11   5.991244e-11   6.301099e-11   6.213953e-11   6.346586e-11
Ga69  9.593231e-09   9.973165e-09   1.166675e-08   1.084153e-08   1.113723e-08   1.145719e-08   1.128643e-08   1.150667e-08   5.388837e-11   5.728882e-11   1.300080e-08   1.330454e-08   1.389778e-08   1.492291e-08   1.540095e-08   1.579820e-08   7.900665e-11   8.139638e-11   1.709423e-08   8.823603e-11   1.698446e-08   9.489186e-11   1.924891e-08   1.865100e-08   2.346197e-08   2.001393e-08   2.164610e-08   1.174745e-10   1.230062e-10   1.279290e-10   1.316835e-10   1.440834e-10   1.464821e-10   1.491375e-10   1.637619e-10   1.668237e-10   1.754515e-10   1.730249e-10   1.767181e-10
Ga71  6.360616e-09   6.580290e-09   7.188333e-09   7.002909e-09   7.109755e-09   7.414322e-09   7.445645e-09   7.586958e-09   3.680167e-11   3.912392e-11   8.367604e-09   8.496010e-09   8.673890e-09   9.124102e-09   9.427602e-09   9.593065e-09   5.395555e-11   5.558756e-11   1.063250e-08   6.025852e-11   1.021999e-08   6.480394e-11   1.155290e-08   1.082277e-08   1.285294e-08   1.165592e-08   1.252875e-08   8.022619e-11   8.400392e-11   8.736582e-11   8.992983e-11   9.839801e-11   1.000362e-10   1.018496e-10   1.118369e-10   1.139279e-10   1.198201e-10   1.181629e-10   1.206850e-10
Ge70  1.133775e-08   1.251059e-08   1.300672e-08   1.318646e-08   1.421878e-08   1.361207e-08   1.358080e-08   1.334864e-08   6.209370e-11   6.601192e-11   1.622390e-08   1.644219e-08   1.676436e-08   1.723852e-08   1.772866e-08   1.835467e-08   9.103662e-11   9.379024e-11   2.022531e-08   1.016713e-10   2.190494e-08   1.093406e-10   2.291427e-08   2.247055e-08   2.267668e-08   2.634085e-08   2.392978e-08   1.353618e-10   1.417358e-10   1.474082e-10   1.517343e-10   1.660223e-10   1.687863e-10   1.718459e-10   1.886971e-10   1.922252e-10   2.021667e-10   1.993707e-10   2.036261e-10
Ge72  1.469284e-08   1.516874e-08   1.728414e-08   1.616100e-08   1.641636e-08   1.712485e-08   1.711067e-08   1.747881e-08   8.539977e-11   9.078865e-11   1.916549e-08   1.963604e-08   2.011299e-08   2.050019e-08   2.106021e-08   2.139413e-08   1.252060e-10   1.289932e-10   2.322270e-08   1.398323e-10   2.372197e-08   1.503802e-10   2.493734e-08   2.467576e-08   2.691603e-08   2.648539e-08   2.701332e-08   1.861681e-10   1.949345e-10   2.027359e-10   2.086858e-10   2.283366e-10   2.321380e-10   2.363461e-10   2.595221e-10   2.643744e-10   2.780473e-10   2.742018e-10   2.800545e-10
Ge73  4.215514e-09   4.322813e-09   4.511706e-09   4.551857e-09   4.651025e-09   4.819519e-09   4.928500e-09   5.017946e-09   2.448186e-11   2.602671e-11   5.474345e-09   5.569428e-09   5.682361e-09   5.963797e-09   6.096842e-09   6.231226e-09   3.589327e-11   3.697894e-11   6.766635e-09   4.008624e-11   6.593606e-09   4.311003e-11   7.402808e-09   7.226239e-09   8.457387e-09   7.316378e-09   7.795717e-09   5.336949e-11   5.588258e-11   5.811904e-11   5.982472e-11   6.545808e-11   6.654785e-11   6.775419e-11   7.439815e-11   7.578916e-11   7.970883e-11   7.860643e-11   8.028424e-11
Ge74  2.006455e-08   2.055934e-08   2.109802e-08   2.160016e-08   2.205786e-08   2.278418e-08   2.334711e-08   2.384936e-08   1.168021e-10   1.241725e-10   2.591038e-08   2.639768e-08   2.694433e-08   2.759607e-08   2.809074e-08   2.862915e-08   1.712456e-10   1.764253e-10   3.072599e-08   1.912501e-10   3.111020e-08   2.056765e-10   3.300723e-08   3.252334e-08   3.423136e-08   3.380012e-08   3.499049e-08   2.546240e-10   2.666139e-10   2.772840e-10   2.854217e-10   3.122983e-10   3.174975e-10   3.232529e-10   3.549510e-10   3.615875e-10   3.802882e-10   3.750286e-10   3.830334e-10
