# Leung & Nomoto 2018, ApJ 861, 143, Tables 8-9 (stable) and 15 (radioactive)
# rho_c = 3e9 g/cm^3, c3 flame, C/O=1 near-Chandrasekhar deflagration series (300-Z-c3-1).
# Isotope masses ejected (Msun). Columns are Z/Zsun of the WD progenitor.
# radioactive=1 marks isotopes from Table 15 (56Ni etc, not yet decayed at tabulation epoch).
isotope            Z0       Z0p1       Z0p5         Z1         Z2         Z3         Z5 radioactive
12C        5.9300e-04 5.8900e-04 1.8000e-03 1.7000e-03 1.5000e-03 1.4000e-03 1.3000e-03           0
13C        1.1100e-11 2.5600e-12 1.9100e-12 2.5400e-12 4.4800e-12 2.6500e-11 1.3700e-10           0
14N        5.2000e-09 5.6000e-10 1.7000e-10 1.4000e-10 1.4000e-10 4.3200e-10 7.3000e-10           0
15N        9.2200e-07 6.5600e-09 2.5300e-10 9.4000e-11 3.3900e-11 1.9700e-11 1.9500e-11           0
16O        4.2200e-02 4.6400e-02 5.6200e-02 5.6900e-02 5.7300e-02 6.6200e-02 7.2600e-02           0
17O        3.2900e-11 6.6100e-12 4.6800e-12 1.9000e-11 2.7100e-11 2.6100e-10 5.3800e-10           0
18O        4.9400e-13 1.6600e-13 1.1700e-13 2.2900e-13 4.2700e-13 3.9200e-12 1.7300e-11           0
19F        1.4000e-11 2.1700e-12 4.5100e-14 1.3800e-13 3.6800e-13 3.4800e-12 6.6900e-12           0
20Ne       6.3200e-04 6.3600e-04 1.4000e-04 1.3800e-04 1.3300e-04 6.7800e-04 4.1800e-04           0
21Ne       6.9500e-10 1.0000e-09 1.1800e-09 3.6000e-09 8.3500e-09 9.9300e-08 2.1400e-07           0
22Ne       5.9100e-09 2.1400e-06 2.1400e-05 4.2800e-05 8.5600e-05 1.2800e-04 2.1400e-04           0
23Na       1.2300e-06 1.1700e-06 5.8800e-07 8.9000e-07 1.1900e-06 3.7600e-06 6.5100e-06           0
24Mg       2.6200e-03 2.3000e-03 1.5600e-03 1.1000e-03 7.3900e-04 1.0000e-03 9.2500e-04           0
25Mg       3.4000e-08 4.5300e-07 1.5200e-06 2.3600e-06 3.8600e-06 2.4600e-05 3.1300e-05           0
26Mg       7.1200e-07 1.6000e-06 1.4400e-06 2.5600e-06 4.6100e-06 2.2200e-05 5.4900e-05           0
26Al       6.2300e-28 6.2200e-28 4.5500e-28 3.5600e-29 2.2000e-11 6.6200e-11 2.7000e-11           0
27Al       1.2900e-05 2.8800e-05 7.6600e-05 9.1400e-05 9.8500e-05 1.6200e-04 2.1600e-04           0
28Si       2.4000e-01 2.1300e-01 2.3000e-01 2.3500e-01 2.3900e-01 2.3100e-01 2.4700e-01           0
29Si       3.4700e-05 9.9200e-05 1.8700e-04 2.5800e-04 4.3500e-04 8.4800e-04 1.7800e-03           0
30Si       2.9600e-05 1.5300e-05 1.5100e-04 3.5100e-04 8.5800e-04 1.9800e-03 5.7500e-03           0
31P        6.0000e-05 3.2600e-05 1.1600e-04 1.9200e-04 3.4400e-04 5.2800e-04 9.6200e-04           0
32S        1.3200e-01 1.2900e-01 1.2800e-01 1.2300e-01 1.1100e-01 9.5900e-02 8.9800e-02           0
33S        1.8400e-05 8.1400e-05 2.2000e-04 2.8500e-04 4.2800e-04 5.3100e-04 7.1800e-04           0
34S        8.4300e-06 9.2800e-05 9.4100e-04 2.9000e-03 4.7600e-03 8.1500e-03 1.7100e-02           0
36S        1.6800e-12 6.4400e-10 8.1500e-09 3.3500e-08 2.6000e-07 1.4900e-06 7.6100e-06           0
35Cl       1.3500e-05 2.1100e-05 9.2600e-05 1.5300e-04 2.4900e-04 2.8200e-04 3.4300e-04           0
37Cl       2.8200e-06 1.3700e-05 3.5300e-05 5.7000e-05 7.1300e-05 7.2200e-05 8.6000e-05           0
36Ar       2.9600e-02 2.7100e-02 2.4600e-02 2.2200e-02 1.8400e-02 1.5100e-02 1.2900e-02           0
38Ar       1.9000e-06 8.8000e-05 8.1700e-04 1.8200e-03 3.9400e-03 5.4700e-03 9.6600e-03           0
40Ar       4.6100e-13 4.7500e-12 1.2300e-10 8.2600e-10 8.4600e-09 3.6500e-08 1.7600e-07           0
39K        4.5700e-06 2.5800e-05 1.1100e-04 1.7600e-04 2.5500e-04 2.3200e-04 2.4800e-04           0
40K        6.8000e-13 1.8700e-09 1.5700e-08 3.8300e-08 8.8400e-08 1.5000e-07 1.2000e-07           0
41K        7.7400e-07 3.6900e-06 9.4700e-06 1.3400e-05 1.7100e-05 1.4900e-05 1.3800e-05           0
40Ca       2.7900e-02 2.4300e-02 2.5000e-02 1.7900e-02 1.4400e-02 1.1900e-02 1.1000e-02           0
42Ca       1.6700e-08 2.3100e-06 2.8400e-05 6.5500e-05 1.3500e-04 1.7200e-04 2.5100e-04           0
43Ca       3.3700e-07 4.0000e-07 1.3700e-06 1.7000e-06 7.9900e-07 8.0000e-07 8.6600e-07           0
44Ca       3.9800e-05 3.6100e-05 2.9500e-05 2.6400e-05 2.2300e-05 2.2000e-05 1.7100e-05           0
46Ca       6.2300e-12 6.2800e-12 7.3800e-12 2.7000e-11 3.1500e-10 9.5500e-10 1.6200e-09           0
48Ca       2.6800e-14 2.7100e-14 3.7000e-14 3.2800e-14 5.3400e-14 1.9800e-13 1.4900e-12           0
45Sc       9.6500e-08 2.9900e-07 4.8700e-07 6.5000e-07 7.9000e-07 5.7900e-07 6.5900e-07           0
46Ti       2.2000e-06 2.5000e-06 1.5400e-05 3.3400e-05 6.6600e-05 7.6100e-05 1.1000e-04           0
47Ti       1.3600e-06 1.6300e-06 3.2900e-06 3.8400e-06 4.3700e-06 5.1700e-06 6.7100e-06           0
48Ti       5.9000e-04 5.1800e-04 3.9600e-04 3.4100e-04 2.7800e-04 2.4900e-04 2.2000e-04           0
49Ti       6.1300e-06 2.8000e-05 2.4800e-05 2.8200e-05 2.9500e-05 3.0000e-05 3.5500e-05           0
50Ti       2.4300e-06 2.4400e-06 2.5700e-06 2.6600e-06 2.8500e-06 3.2200e-06 3.8900e-06           0
50V        1.2500e-08 1.2600e-08 1.4100e-08 1.7100e-08 2.6400e-08 4.9600e-08 1.5000e-07           0
51V        4.7200e-05 4.9800e-05 7.6800e-05 9.5000e-05 1.1700e-04 1.5600e-04 2.2200e-04           0
50Cr       1.5800e-04 1.7400e-04 3.1000e-04 4.9600e-04 9.2500e-04 1.2100e-03 1.6400e-03           0
52Cr       1.3000e-02 9.7300e-03 8.6000e-03 8.4000e-03 7.6400e-03 8.1000e-03 9.9400e-03           0
53Cr       6.6200e-04 8.1700e-04 9.1900e-04 1.0000e-03 1.1500e-03 1.3700e-03 1.7500e-03           0
54Cr       6.8100e-05 6.8400e-05 7.1500e-05 7.3400e-05 7.8000e-05 8.6300e-05 1.4000e-04           0
55Mn       7.8700e-03 8.3600e-03 9.5000e-03 1.3000e-02 1.2000e-02 1.3800e-02 1.7000e-02           0
54Fe       8.4800e-02 8.6600e-02 9.5500e-02 1.6000e-01 1.2600e-01 1.4600e-01 1.8600e-01           0
56Fe       7.4000e-01 7.3200e-01 6.9400e-01 6.7100e-01 6.3200e-01 5.9800e-01 4.9200e-01           0
57Fe       1.5800e-02 1.6600e-02 1.8500e-02 2.8000e-02 2.4200e-02 2.6600e-02 2.7100e-02           0
58Fe       4.2600e-04 4.2800e-04 4.4300e-04 4.5400e-04 4.7800e-04 5.1800e-04 5.8700e-04           0
60Fe       9.2600e-11 9.3300e-11 1.7000e-10 1.9000e-10 1.2400e-10 1.4300e-10 1.8400e-10           0
59Co       5.4400e-04 5.3000e-04 7.5400e-04 8.8600e-04 1.1000e-03 1.8000e-03 1.3000e-03           0
58Ni       4.2900e-02 4.3600e-02 5.1600e-02 6.3500e-02 8.6900e-02 1.8000e-01 1.3800e-01           0
60Ni       1.3100e-02 1.3300e-02 1.2100e-02 1.1200e-02 1.1000e-02 9.5800e-03 8.1200e-03           0
61Ni       2.1600e-04 2.3200e-04 2.4300e-04 2.6600e-04 2.8900e-04 3.1700e-04 2.7000e-04           0
62Ni       3.5500e-04 4.1100e-04 1.1500e-03 1.8800e-03 3.9000e-03 4.3100e-03 4.9900e-03           0
64Ni       1.5000e-07 1.6000e-07 1.1700e-07 1.2100e-07 1.3000e-07 1.4600e-07 1.7900e-07           0
63Cu       5.9800e-07 1.9800e-06 1.3500e-06 1.7700e-06 2.9600e-06 4.6600e-06 7.1600e-06           0
65Cu       1.6800e-06 1.8900e-06 1.9800e-06 2.3600e-06 2.8600e-06 3.4800e-06 3.3400e-06           0
64Zn       1.6400e-04 2.1000e-04 2.7600e-05 1.8100e-05 1.3000e-05 1.1600e-05 7.2400e-06           0
66Zn       2.3000e-06 5.8000e-06 1.5000e-05 2.7200e-05 4.7900e-05 7.2200e-05 8.7200e-05           0
67Zn       2.4000e-08 3.2100e-08 1.3000e-08 3.4200e-08 9.5300e-08 1.8400e-07 3.1700e-07           0
68Zn       1.9900e-06 1.2400e-06 3.9600e-08 2.5200e-08 2.3300e-08 3.3400e-08 6.3700e-08           0
70Zn       2.1100e-15 2.1300e-15 2.5500e-15 2.6800e-15 2.9600e-15 3.5100e-15 4.6300e-15           0
22Na       6.6400e-10 1.6000e-09 4.1500e-10 3.9900e-10 3.1200e-10 1.9000e-09 6.3100e-10           1
26Al       3.4700e-07 7.5000e-07 3.8300e-07 3.4500e-07 2.2400e-07 6.1800e-07 2.2700e-07           1
39Ar       1.1900e-13 1.1400e-10 1.6500e-09 5.0000e-09 1.5600e-08 4.1000e-08 5.5100e-08           1
40K        6.8400e-13 1.8800e-09 1.5800e-08 3.8500e-08 8.8900e-08 1.5000e-07 1.2100e-07           1
41Ca       7.8100e-07 3.7400e-06 9.5800e-06 1.3400e-05 1.7000e-05 1.4900e-05 1.3700e-05           1
44Ti       3.7300e-05 3.3800e-05 2.7600e-05 2.4600e-05 2.6000e-05 1.8600e-05 1.5400e-05           1
48V        2.1000e-09 1.2500e-08 5.1500e-08 1.1000e-07 2.3200e-07 2.7600e-07 3.2200e-07           1
49V        7.5200e-08 8.1600e-08 1.5800e-07 3.2000e-07 9.2500e-07 1.9700e-06 4.4600e-06           1
53Mn       3.5200e-04 3.5200e-04 3.6300e-04 3.8100e-04 4.9100e-04 6.6500e-04 9.9100e-04           1
60Fe       1.3300e-09 1.3400e-09 1.5400e-09 1.6000e-09 1.7500e-09 2.1000e-09 2.5800e-09           1
56Co       8.5600e-05 8.7000e-05 9.2500e-05 9.9600e-05 1.1200e-04 1.2400e-04 1.5800e-04           1
57Co       1.1700e-03 1.1700e-03 1.1700e-03 1.1900e-03 1.2400e-03 1.2700e-03 1.3800e-03           1
60Co       7.1000e-08 7.4000e-08 7.5400e-08 7.7000e-08 8.5000e-08 8.3500e-08 9.4800e-08           1
56Ni       6.9600e-01 6.8900e-01 6.5000e-01 6.2700e-01 5.8700e-01 5.5100e-01 4.3800e-01           1
57Ni       1.4500e-02 1.5300e-02 1.7200e-02 1.9500e-02 2.2900e-02 2.5200e-02 2.5600e-02           1
59Ni       3.9000e-04 3.9100e-04 3.9900e-04 4.5000e-04 4.2100e-04 4.3600e-04 4.7900e-04           1
63Ni       5.2900e-08 5.3200e-08 5.4600e-08 5.6100e-08 5.9300e-08 6.2700e-08 7.3000e-08           1
